heur039_n_361_m_13593
1 186
2 250
2 262
3 44
3 53
4 109
4 118
5 172
7 106
9 278
9 290
10 272
13 299
13 141
16 68
17 59
18 360
20 23
20 98
30 191
31 166
33 134
33 260
34 227
34 233
39 277
39 80
40 222
41 179
42 327
42 302
43 265
45 164
48 151
48 273
50 310
50 343
54 164
55 217
55 245
56 178
57 256
57 303
61 126
63 274
64 295
67 115
67 358
69 76
70 331
71 120
72 268
72 81
73 232
73 246
74 239
74 286
77 148
79 329
80 277
81 268
82 85
91 107
92 335
92 357
93 102
93 325
95 170
95 229
96 255
96 300
104 253
105 218
110 162
112 301
112 267
113 146
114 293
115 358
116 191
117 331
119 160
121 161
124 316
124 334
130 263
132 215
134 260
135 330
136 324
136 288
139 269
139 201
141 299
142 263
145 154
146 296
148 340
150 182
151 273
153 293
157 338
158 280
167 244
169 182
173 205
176 215
177 200
185 189
187 210
187 212
188 350
189 319
196 350
197 200
201 269
202 282
205 304
211 270
211 225
213 230
214 328
216 295
217 245
218 281
225 270
226 241
226 252
230 333
231 355
231 361
234 313
234 353
239 286
242 243
244 247
254 257
271 308
271 341
278 290
283 312
291 349
308 341
310 343
312 356
313 353
317 345
317 348
337 349
