heur025_n_329_m_32168
4 39
5 271
5 56
7 250
9 232
14 150
15 241
15 305
17 153
17 320
25 76
25 274
31 69
31 126
35 146
35 151
40 95
41 216
43 194
47 96
47 225
49 198
53 307
54 318
60 189
60 156
63 318
64 128
64 133
66 161
70 198
72 315
73 208
76 274
79 224
79 191
80 182
81 328
86 311
86 286
87 185
87 206
88 119
92 175
95 222
109 130
114 316
115 284
115 296
122 243
122 238
124 272
128 133
132 292
140 165
140 242
142 204
145 304
145 190
158 308
158 326
165 242
172 309
172 234
184 239
187 294
187 273
196 217
203 312
207 312
218 324
269 328
286 311
307 314
