heur029_n_330_m_4329
2 227
3 221
4 196
5 276
7 249
8 247
9 248
15 117
19 165
20 240
22 303
23 129
24 329
26 158
27 194
28 54
31 142
32 328
33 51
34 162
35 173
36 65
38 292
40 275
41 136
43 107
44 159
45 254
46 119
48 228
55 163
58 190
59 193
61 234
62 327
63 233
64 170
67 321
68 90
70 182
72 236
74 293
76 127
77 93
78 256
81 255
83 224
85 260
87 130
91 186
92 223
94 217
95 311
96 323
98 279
101 285
102 118
103 161
104 133
105 263
106 270
108 307
109 211
111 139
113 319
114 282
120 167
121 325
128 265
132 187
134 258
137 253
141 178
144 220
150 157
151 318
152 309
153 315
154 310
156 207
168 244
169 289
174 213
175 205
181 219
191 305
197 312
198 308
199 235
200 204
201 237
202 212
203 262
206 231
214 296
215 266
216 226
222 281
225 230
239 302
242 271
243 261
245 326
246 277
257 273
286 313
