heur037_n_347_m_31752
1 88
2 146
2 142
3 289
6 304
12 211
14 94
14 235
16 204
17 233
18 218
19 233
21 327
21 58
23 111
28 284
28 296
28 91
29 325
31 79
32 266
33 323
33 138
33 42
34 308
36 73
36 324
40 68
42 138
46 67
46 76
47 233
50 208
51 62
51 221
51 280
54 99
56 263
57 289
59 140
61 231
65 249
65 317
65 332
68 87
69 319
69 309
70 231
72 225
73 287
76 78
82 281
82 286
82 117
85 309
89 289
90 333
93 168
94 234
95 144
99 254
108 336
108 119
109 336
109 119
110 227
111 330
115 158
116 243
119 336
122 321
123 230
123 241
123 247
125 248
125 251
128 261
130 177
132 254
138 323
139 177
141 301
142 285
145 268
145 169
145 174
146 285
147 163
147 171
147 164
155 288
158 300
160 310
163 164
164 171
169 268
170 258
170 192
173 276
173 262
174 268
179 212
192 258
192 337
193 259
205 310
211 331
211 335
212 240
213 259
219 321
219 298
223 243
232 334
236 333
237 272
255 340
256 340
287 324
290 306
309 319
310 343
