heur010_n_250_m_4507
1 48
1 84
2 207
2 158
3 201
3 203
3 204
3 208
5 48
5 84
6 207
7 207
7 158
8 207
8 158
9 63
9 58
9 62
9 168
9 87
10 83
10 21
10 59
10 103
11 84
12 48
12 84
13 201
13 203
13 204
13 208
14 176
14 81
14 249
14 180
14 88
15 49
15 90
15 232
15 240
15 105
16 125
16 205
16 206
16 209
16 213
17 35
17 161
17 133
17 233
17 231
18 59
18 83
18 103
19 33
19 142
19 37
20 137
20 67
20 86
21 83
21 59
21 103
22 33
22 142
22 37
23 33
23 142
23 37
24 137
24 67
24 86
25 157
25 165
25 65
25 210
25 47
26 153
27 75
27 106
27 173
27 228
27 245
28 153
29 156
29 52
29 152
30 156
30 52
30 152
31 153
32 82
33 142
34 156
34 52
34 152
35 133
35 161
35 233
35 231
36 77
37 142
38 144
38 146
38 150
38 93
39 77
40 229
40 77
41 102
41 104
41 107
41 92
41 239
42 140
42 224
42 82
42 211
43 74
43 126
44 170
44 225
44 242
44 244
44 246
45 76
45 80
45 79
45 215
45 98
47 65
47 157
47 165
47 210
48 84
49 240
49 232
49 90
50 185
51 77
52 156
52 152
53 216
54 163
55 174
55 166
55 179
55 221
55 186
56 250
56 216
56 181
56 214
57 78
57 154
57 193
57 243
57 218
58 168
58 87
59 83
59 103
60 167
60 169
60 171
61 118
61 194
61 195
61 196
62 168
62 87
63 168
63 87
64 110
64 163
65 157
65 165
65 210
66 159
66 248
67 86
68 119
68 217
68 199
68 96
70 120
70 159
70 248
71 145
73 238
75 173
76 215
78 154
78 193
78 243
78 218
79 215
80 215
81 176
81 249
81 180
82 140
82 224
82 211
83 103
85 227
85 230
85 235
85 234
86 137
87 168
88 176
88 249
88 180
89 247
89 147
89 139
90 232
90 240
90 105
91 247
91 147
91 139
92 102
92 104
92 239
93 144
93 146
93 149
93 150
94 247
94 147
94 139
95 123
95 175
96 119
96 131
96 217
96 199
97 123
97 175
98 215
99 123
99 175
100 123
100 175
101 163
102 239
104 239
106 228
106 245
106 173
107 239
108 177
108 187
110 163
111 177
111 187
112 163
113 148
113 167
113 169
113 171
114 151
114 164
115 177
115 187
116 177
116 187
117 151
117 220
117 164
118 194
118 195
118 196
119 199
120 129
120 159
120 248
121 155
121 136
121 212
121 237
122 151
122 164
123 175
124 182
124 219
124 223
124 226
124 162
125 205
125 206
125 209
125 213
127 238
128 238
129 159
129 248
131 217
131 199
132 238
133 161
133 231
136 160
136 155
136 212
136 237
137 200
139 247
140 224
140 211
147 247
148 167
148 171
148 169
154 193
154 243
154 218
155 212
155 237
157 210
158 207
159 248
160 212
161 233
161 231
162 182
162 219
162 223
162 226
165 210
166 179
166 221
166 186
170 242
170 244
170 225
172 178
172 183
172 184
172 185
173 228
173 245
174 179
174 221
174 186
177 187
179 221
181 250
181 216
181 214
182 219
182 223
182 226
186 221
193 243
193 218
199 217
212 237
214 250
216 250
218 243
219 226
223 226
225 246
225 242
225 244
231 233
