heur012_n_250_m_20035
1 152
1 154
2 107
3 103
3 122
3 119
3 110
3 115
6 154
7 162
8 32
12 120
13 36
13 37
13 40
13 41
13 50
13 52
14 35
17 118
17 65
18 39
21 121
23 71
24 117
24 30
25 71
25 33
26 189
26 118
26 65
27 69
27 151
28 57
28 64
28 75
29 61
29 62
30 117
30 241
30 197
30 236
31 70
31 60
31 59
31 58
31 143
32 213
32 237
33 51
33 56
33 71
34 57
34 212
34 64
34 75
35 165
35 193
35 230
35 177
36 52
37 52
38 57
38 212
38 64
38 75
39 202
39 203
39 206
39 211
39 130
40 52
41 52
42 164
42 170
42 105
43 51
43 71
43 56
44 66
44 201
45 66
46 66
46 201
47 237
47 180
48 66
48 201
49 207
49 72
49 116
50 52
53 80
54 146
55 90
55 92
55 98
55 166
57 212
58 205
59 205
60 205
61 219
61 209
61 84
62 84
63 217
63 218
63 221
64 212
66 76
66 201
67 219
67 209
67 84
68 221
68 218
68 217
69 97
70 205
72 78
72 79
72 207
73 196
74 136
75 212
77 107
78 114
78 116
79 114
79 116
81 120
82 161
83 161
85 121
85 223
85 224
86 160
86 153
87 181
88 161
89 193
90 166
91 249
94 108
94 124
94 182
95 166
96 192
98 166
99 158
99 157
99 159
100 161
101 238
102 136
104 228
104 200
104 210
106 217
106 218
106 220
106 221
107 208
108 195
108 182
111 132
113 132
115 126
116 207
117 215
117 241
118 189
120 140
120 145
121 223
121 231
121 224
123 194
123 196
123 199
124 182
129 161
133 173
133 175
134 154
135 154
136 167
136 171
137 173
137 174
150 162
153 216
160 216
160 238
165 193
166 222
167 185
192 232
197 236
