heur007_n_200_m_6731
5 163
5 162
7 149
7 118
10 120
11 200
12 41
14 38
17 89
18 172
18 146
21 183
22 167
23 193
24 110
25 153
25 119
27 67
28 88
29 80
30 127
30 132
31 185
31 142
32 171
33 111
35 121
36 121
37 125
37 156
38 174
39 143
40 160
40 59
42 94
42 115
43 194
44 195
44 53
46 116
46 184
47 154
48 178
49 126
49 122
50 188
51 103
52 200
53 195
54 81
55 97
55 129
57 188
58 105
59 160
60 105
63 128
63 139
65 117
67 104
68 101
70 135
71 157
74 168
75 124
75 133
78 181
79 157
82 199
82 140
84 150
85 135
86 131
90 108
94 115
95 137
95 180
97 129
98 131
99 173
99 148
100 120
102 150
106 147
106 164
108 170
111 187
113 123
114 130
114 134
117 190
119 153
122 126
123 141
136 152
136 189
137 180
138 191
140 199
142 185
144 196
144 176
146 172
151 169
151 186
152 189
158 182
159 182
