heur008_n_250_m_1045
2 39
3 56
3 74
4 56
4 74
4 108
5 185
5 191
5 144
6 158
6 161
6 166
6 242
7 61
9 64
10 237
10 243
10 250
10 249
10 167
11 81
11 94
11 85
11 230
11 117
12 162
15 64
16 168
16 170
17 64
18 100
18 90
18 92
18 91
18 204
19 173
19 88
20 64
21 173
21 88
22 151
22 153
22 156
23 233
29 40
30 228
31 124
31 245
32 245
35 179
35 140
36 144
36 191
37 245
38 40
41 140
42 231
42 232
42 248
43 189
43 207
43 62
44 63
44 68
44 73
44 238
44 146
45 129
45 139
45 148
46 86
46 137
47 130
48 207
48 62
50 189
50 62
52 102
55 126
56 108
60 141
60 133
61 198
62 189
62 207
63 238
63 146
65 102
66 126
67 143
67 113
67 79
68 238
68 146
69 190
70 164
71 199
71 75
71 115
71 147
72 126
73 238
73 146
74 108
75 199
75 115
75 147
78 137
80 137
81 230
81 117
82 186
82 202
85 230
85 117
86 137
88 173
89 131
91 204
92 204
93 131
94 230
94 117
95 97
95 210
96 226
96 228
97 131
99 187
99 116
101 132
103 132
105 132
107 193
109 232
109 234
110 132
112 220
113 143
114 193
114 227
115 194
115 199
115 147
116 178
117 230
118 220
120 244
121 227
122 162
122 244
123 132
133 145
136 206
136 209
136 246
138 184
139 184
140 179
144 191
144 185
144 200
145 225
146 238
147 199
148 184
150 173
154 217
154 214
154 224
154 213
154 181
161 242
166 242
167 249
180 245
181 213
186 202
186 205
186 212
189 207
192 215
193 227
201 219
206 246
206 211
209 246
211 246
215 229
219 221
221 223
