heur005_n_160_m_4015
1 114
1 88
3 94
3 86
5 115
6 35
7 108
8 41
9 34
11 116
12 63
12 104
13 78
14 38
15 40
15 32
17 108
18 55
18 71
19 72
20 101
20 124
21 146
21 149
22 102
22 133
23 145
24 145
25 79
26 143
27 52
27 54
28 97
30 109
30 129
34 96
35 123
36 137
38 153
39 107
42 73
42 100
43 85
44 131
45 74
46 75
48 135
49 118
51 111
51 117
52 54
56 125
56 130
58 143
59 99
61 92
61 113
65 93
68 126
69 126
72 128
73 100
74 87
75 141
80 115
82 152
83 152
90 105
101 124
105 142
106 132
109 129
112 159
119 134
121 160
138 155
147 158
150 158
