heur036_n_347_m_17983
1 240
3 310
5 141
11 320
11 140
16 296
17 74
18 61
19 59
19 215
21 80
27 332
28 92
29 139
30 71
31 90
32 179
32 95
33 103
33 131
34 100
36 340
36 116
39 113
39 136
40 74
43 121
43 170
44 88
44 336
45 291
51 296
52 242
52 230
55 80
56 245
56 308
57 197
57 73
58 283
60 200
60 76
62 152
63 114
64 125
65 129
65 247
67 101
67 77
70 195
71 184
72 279
73 197
78 313
81 249
82 90
84 172
84 292
87 100
88 336
89 180
91 293
93 275
94 303
95 179
99 275
102 271
104 329
105 115
108 192
110 232
110 267
111 160
112 149
117 130
118 189
118 219
122 330
128 347
130 229
133 144
133 282
141 258
143 169
145 295
148 265
150 244
150 239
154 208
154 255
155 333
157 182
158 315
158 305
159 221
160 286
165 223
165 307
169 274
171 188
172 292
173 186
174 334
176 196
176 319
177 188
180 269
183 334
186 224
191 291
192 278
199 290
208 255
210 220
211 314
211 318
213 237
213 323
221 276
222 333
225 264
228 303
237 323
239 244
245 308
251 289
251 317
254 316
256 297
256 335
261 327
261 326
262 300
262 288
266 284
268 306
268 311
271 287
289 317
295 321
297 335
302 310
325 338
337 342
