heur009_n_250_m_1450
2 186
3 243
4 91
5 13
6 69
7 236
8 17
10 185
11 71
15 104
18 221
19 25
21 162
22 158
26 139
28 231
29 197
31 110
32 161
42 200
44 134
45 239
47 79
50 105
52 211
53 219
56 117
58 146
60 224
62 107
63 202
64 143
65 147
66 85
68 184
72 203
76 155
80 217
81 102
82 188
83 128
89 167
90 204
92 190
93 241
94 180
97 209
101 208
106 126
109 246
111 172
113 187
118 151
119 142
120 129
121 205
124 148
125 189
130 156
132 135
141 242
144 229
145 152
149 212
150 164
154 157
159 248
163 234
166 222
169 232
170 216
174 223
191 235
201 214
