heur014_n_300_m_14191
2 30
4 279
8 32
9 243
10 112
11 285
12 54
14 263
15 19
18 131
23 68
27 225
28 204
29 205
35 116
36 210
39 292
40 222
41 297
45 188
46 199
47 148
48 241
53 127
55 249
58 80
61 78
62 125
69 93
72 147
79 271
81 167
85 193
92 94
95 298
96 150
98 154
101 281
103 173
111 211
117 202
121 220
124 283
126 213
128 149
133 242
136 182
138 159
139 270
143 266
153 280
155 189
161 185
162 209
166 232
171 175
172 186
174 192
183 295
184 269
194 258
196 216
197 214
203 208
207 300
215 264
226 272
229 253
233 276
234 273
238 274
247 265
256 289
