heur031_n_330_m_7270
1 321
1 97
2 245
2 284
4 324
5 305
5 152
7 206
7 58
8 324
9 92
9 134
11 84
11 184
12 100
12 46
14 164
17 45
17 308
19 190
19 126
20 48
24 48
25 280
26 280
27 278
27 279
28 268
28 181
29 56
30 310
30 289
31 275
31 231
32 53
32 52
33 56
34 291
35 165
37 129
37 94
38 211
38 210
39 281
40 281
42 291
45 308
46 100
47 254
47 253
49 139
49 130
50 252
50 167
51 233
58 206
62 232
64 219
64 223
65 286
65 258
66 224
67 285
67 157
68 214
68 316
73 186
74 133
75 236
76 143
76 144
77 303
77 265
80 148
80 287
82 200
83 306
84 184
85 283
86 204
87 304
87 220
88 249
88 320
89 200
90 238
90 240
91 272
93 294
94 129
95 119
95 120
96 176
96 178
99 128
101 128
103 115
106 224
107 177
108 247
109 282
109 323
110 137
111 250
112 177
114 186
121 194
123 313
123 322
124 250
125 271
125 174
126 190
130 139
131 295
131 296
132 165
133 216
135 261
136 288
137 229
138 288
140 208
142 264
145 264
147 272
148 287
149 218
149 237
150 204
151 213
151 168
152 305
155 290
156 183
157 285
158 290
160 233
166 212
166 241
168 213
169 189
170 236
171 255
171 256
172 257
173 261
174 271
179 209
179 228
180 329
181 268
182 329
185 202
185 311
187 217
188 306
189 215
193 242
196 263
198 263
209 228
212 241
214 316
218 237
221 273
222 273
225 242
244 302
249 320
251 302
258 286
259 292
260 318
262 292
313 322
