heur035_n_345_m_17798
1 29
3 284
4 191
4 331
6 263
6 328
7 22
7 155
9 20
9 227
10 342
15 29
17 69
22 155
23 76
27 243
27 294
28 287
31 288
32 103
32 274
36 159
41 222
41 113
42 125
47 286
51 141
51 128
52 231
52 225
54 282
54 110
55 298
55 295
58 154
58 167
61 288
63 101
63 104
64 156
68 318
69 226
80 306
80 324
81 112
82 276
84 90
84 273
87 208
87 223
89 219
91 169
91 218
93 120
95 156
96 171
96 301
99 249
105 123
105 267
106 140
107 345
107 279
109 140
111 177
111 326
113 222
114 127
115 193
115 323
116 338
117 187
117 212
118 127
119 192
119 270
120 234
122 136
122 139
124 343
125 248
126 249
128 141
129 277
130 343
133 168
133 199
134 142
134 221
135 183
137 166
138 259
142 221
144 261
144 281
145 166
146 219
147 183
150 319
150 333
152 220
152 216
157 182
158 259
159 179
163 173
163 320
164 317
165 280
165 229
169 218
173 320
178 311
178 308
180 297
180 207
181 182
184 321
184 329
185 286
186 277
188 228
190 291
190 310
192 270
193 323
195 201
197 296
200 201
202 296
204 338
207 297
209 238
216 220
230 238
232 341
232 269
233 283
233 315
236 302
239 336
239 303
254 302
263 328
265 330
266 339
275 287
279 345
292 340
327 340
342 344
