heur023_n_329_m_16183
1 26
2 3
5 59
6 269
7 147
10 87
13 120
17 69
18 89
19 27
25 163
33 233
35 216
36 119
39 239
40 66
42 137
52 53
55 124
57 286
63 261
65 157
68 296
70 315
71 171
75 167
78 80
81 262
83 165
92 129
96 312
97 258
99 172
102 131
104 322
105 130
109 220
114 306
115 302
117 328
127 206
128 304
135 196
136 326
138 282
139 252
140 149
143 318
145 229
146 222
156 217
158 250
159 251
160 321
173 325
174 273
175 221
176 205
182 195
183 213
184 253
188 271
192 297
194 284
197 278
198 319
199 264
201 275
204 300
211 272
226 228
227 232
230 243
247 311
257 305
265 294
268 289
283 307
