heur004_n_140_m_3014
1 99
2 110
2 95
2 85
3 112
3 121
3 59
3 28
3 105
4 89
4 44
4 61
5 73
5 92
5 101
6 62
6 64
6 131
7 32
7 63
7 113
9 47
9 129
9 97
9 90
10 74
10 128
10 108
11 33
11 39
11 80
11 136
11 56
12 110
12 95
12 85
14 47
14 97
14 129
14 90
15 73
15 92
15 101
16 99
18 102
18 93
19 73
19 92
19 101
20 110
20 95
20 85
21 40
21 52
21 76
21 104
23 102
23 93
24 102
25 98
25 115
25 116
25 41
26 107
26 118
26 94
27 65
28 59
28 112
28 121
28 105
29 91
29 83
30 65
31 124
31 91
32 60
32 67
33 56
34 106
34 135
34 133
34 139
34 138
35 140
36 103
36 75
36 117
36 58
37 69
37 45
38 132
39 136
39 56
40 49
40 104
41 68
41 115
41 116
42 140
43 132
44 61
45 99
46 132
47 129
47 97
47 90
48 132
50 137
51 132
52 104
53 119
53 122
53 127
53 130
54 134
55 72
55 126
55 114
56 80
56 136
57 86
57 82
57 125
57 111
57 120
58 87
59 121
59 112
61 77
62 71
62 131
63 113
64 71
64 131
68 98
68 116
68 115
69 99
71 131
72 126
72 100
72 114
73 101
75 103
76 104
77 89
78 123
78 137
79 137
80 136
81 119
81 127
81 130
81 122
82 125
82 111
83 91
84 126
84 100
84 114
85 110
85 95
86 125
86 111
88 91
90 129
94 96
95 110
96 118
97 129
98 115
98 116
100 126
100 114
105 121
105 112
106 133
106 139
109 123
111 125
114 126
119 130
119 127
