heur030_n_330_m_5613
1 251
1 131
2 228
2 229
3 303
3 174
5 303
5 174
6 135
6 281
7 184
7 280
7 321
8 142
9 142
10 175
10 173
11 93
11 132
12 231
12 232
12 29
13 207
13 83
14 107
14 68
14 69
15 104
15 105
16 207
16 83
17 142
18 135
18 281
19 101
19 263
20 254
20 258
20 274
21 137
23 322
23 230
24 137
25 265
26 297
27 318
27 289
27 125
29 232
29 231
31 322
31 230
32 94
32 302
33 120
33 154
34 330
34 292
34 113
36 94
36 302
37 286
37 288
37 294
38 314
40 59
40 63
41 300
41 60
43 309
43 98
44 309
44 98
46 60
47 214
48 266
48 269
49 277
49 117
50 51
50 52
50 53
54 295
54 314
55 158
55 198
55 252
56 297
57 210
57 165
57 100
58 206
60 300
61 137
62 265
64 179
64 182
64 220
66 263
67 78
67 122
67 82
70 221
71 221
72 211
72 236
73 211
73 236
75 108
76 221
77 91
77 92
79 97
79 233
79 253
81 108
83 207
84 213
84 90
88 214
89 214
90 213
94 302
95 296
96 296
97 233
97 253
98 309
99 296
100 165
101 263
103 325
103 329
103 327
106 180
106 237
109 310
109 311
109 312
112 136
113 330
113 292
119 272
120 308
125 318
125 289
127 323
127 162
127 299
131 223
131 251
134 247
134 209
134 226
135 281
136 188
136 151
138 183
139 284
139 304
140 206
141 206
143 256
143 279
145 250
145 315
147 250
147 315
148 224
149 240
149 241
149 319
152 328
152 324
153 186
155 201
155 200
156 272
156 257
158 252
159 245
159 246
159 291
162 323
162 299
163 194
163 192
163 234
166 313
166 242
170 326
172 259
172 216
174 303
177 317
178 183
180 237
184 280
184 321
185 324
186 191
189 249
195 204
195 205
195 243
202 305
202 307
202 276
209 226
211 236
212 235
212 239
212 316
216 248
217 268
217 222
218 268
219 270
222 268
223 251
226 247
230 322
233 253
239 316
241 319
242 298
242 313
244 277
250 315
254 274
256 273
257 272
258 274
275 306
276 305
276 307
278 306
284 304
292 330
293 320
295 314
299 323
301 320
