heur028_n_330_m_3253
2 296
4 290
4 68
5 159
5 200
5 199
6 296
8 296
9 91
10 256
11 326
12 116
12 62
12 187
14 62
14 187
15 275
15 160
15 111
15 129
16 26
16 50
16 81
16 118
17 80
19 83
19 131
22 83
22 131
24 290
25 83
25 131
26 81
27 290
28 110
28 251
29 238
29 240
29 278
29 154
30 287
30 288
30 161
31 308
31 310
31 258
32 102
32 104
32 105
34 51
35 197
35 219
35 130
36 51
38 155
38 113
38 127
38 255
39 296
40 51
43 51
45 244
45 304
45 302
45 301
46 256
47 58
47 101
47 112
49 246
49 253
49 254
49 71
50 118
52 169
52 248
53 248
54 311
54 330
54 194
54 261
55 120
55 226
55 265
56 227
56 268
58 112
60 178
60 326
61 251
62 187
63 85
63 313
63 218
63 100
64 174
64 176
64 179
64 167
65 188
65 239
66 251
67 217
68 290
69 217
70 217
71 246
71 253
71 254
72 219
72 197
72 130
73 82
73 124
73 222
73 133
74 217
75 212
76 212
77 184
77 185
82 133
83 131
84 262
85 313
85 218
85 100
86 139
89 279
90 286
91 309
92 211
92 210
92 327
94 145
95 145
96 230
97 252
97 204
97 215
98 294
98 297
100 313
100 218
101 112
103 208
103 170
103 249
106 152
106 320
107 229
107 183
107 137
108 193
109 267
109 209
109 323
110 251
111 160
111 275
111 129
112 142
113 127
113 255
114 126
114 262
114 264
120 186
120 265
120 226
121 225
121 317
122 225
122 317
123 312
123 315
123 318
124 222
124 133
125 212
127 255
128 193
129 160
129 275
130 197
130 219
132 286
132 189
133 222
134 247
136 221
136 230
137 183
137 229
138 221
138 230
140 223
141 223
146 152
146 235
146 320
147 243
147 321
147 192
148 202
148 203
148 205
149 267
149 209
149 323
150 173
150 282
151 173
151 282
152 320
153 213
153 214
153 216
154 238
154 278
158 325
160 275
161 285
161 287
161 288
162 225
162 317
163 325
167 174
167 176
168 177
168 281
168 175
169 248
169 299
170 249
172 286
172 189
173 190
173 282
175 206
175 281
177 206
177 281
182 242
182 245
182 322
182 300
183 229
183 270
184 263
185 263
188 239
189 286
190 282
191 204
191 215
192 243
192 321
194 330
194 311
194 261
195 207
195 324
196 274
196 220
196 228
197 219
198 220
204 252
204 215
206 281
207 324
209 267
213 257
214 257
215 252
218 313
220 274
221 230
224 263
225 317
228 274
231 284
235 320
236 284
239 247
242 322
242 300
243 319
243 321
244 302
244 301
244 304
245 322
245 300
246 254
250 280
250 283
258 308
258 310
258 316
261 311
261 330
266 306
267 323
276 284
297 314
300 322
305 314
