heur021_n_320_m_13507
1 47
1 66
1 72
2 178
4 140
5 320
5 178
6 320
6 178
7 224
7 192
7 46
7 102
8 179
9 69
9 63
10 52
10 182
11 105
11 162
12 14
13 17
15 205
15 206
15 285
15 114
16 220
16 317
17 162
18 159
19 37
19 132
19 287
19 293
20 42
20 45
21 263
21 143
22 169
22 74
23 31
23 43
23 58
23 70
24 69
24 63
25 298
25 303
25 304
25 307
25 315
27 203
28 103
29 229
30 181
31 43
31 58
31 70
32 306
33 167
34 188
34 201
34 284
34 79
35 103
36 132
36 287
36 293
37 132
37 287
37 293
38 80
38 306
40 154
40 252
40 256
40 301
41 91
42 143
44 192
44 224
44 102
45 263
46 192
46 224
47 289
48 179
50 181
51 177
51 276
51 302
51 313
51 319
52 60
52 115
52 182
53 84
54 214
55 56
55 122
56 130
57 148
57 288
59 62
60 182
62 78
62 91
62 81
63 134
64 136
65 289
66 289
69 134
72 289
74 229
74 230
79 201
79 284
80 146
80 306
83 271
85 271
88 131
88 141
89 185
89 191
90 271
92 114
92 205
92 206
92 285
93 185
94 163
97 243
97 246
97 147
98 163
98 186
99 163
100 186
101 158
101 153
103 135
103 136
104 252
104 256
104 301
105 162
107 148
107 314
108 243
108 246
108 147
109 111
109 123
109 233
110 166
111 233
112 166
112 280
113 131
113 141
114 206
114 285
115 182
117 131
117 141
121 166
121 280
123 233
125 239
125 176
125 183
125 248
126 233
127 311
129 268
129 310
131 160
131 141
132 287
132 293
137 311
138 257
140 278
140 279
140 283
142 166
142 280
143 263
145 221
145 173
148 235
150 207
151 311
153 207
155 212
158 207
161 203
163 186
164 207
169 230
171 296
174 311
175 209
175 242
175 273
176 223
177 302
177 319
177 313
177 276
178 320
180 269
180 220
184 274
184 228
185 191
190 225
190 227
190 264
190 265
190 294
194 258
195 228
196 226
196 281
197 296
197 275
199 251
199 259
199 260
202 273
204 228
205 285
206 285
208 273
209 273
210 232
210 234
213 275
216 241
216 253
216 240
218 228
221 258
225 294
226 244
226 312
227 294
232 290
234 257
235 314
235 288
241 297
242 273
247 267
254 297
264 294
265 294
266 286
266 295
271 309
276 302
276 319
276 313
281 312
288 314
