heur017_n_300_m_15641
1 82
1 201
2 107
2 61
3 250
4 219
5 220
5 218
7 252
7 90
9 56
10 263
11 77
14 141
14 160
16 127
17 145
17 259
18 85
19 95
19 118
20 112
20 286
21 191
22 117
23 267
23 266
24 108
25 215
26 292
28 217
28 147
29 126
29 98
30 180
33 108
35 104
38 241
38 248
39 171
42 67
42 293
45 216
46 216
47 127
48 117
49 65
51 102
52 211
53 85
55 130
57 116
58 255
59 209
59 212
60 146
60 151
64 300
65 222
67 293
68 208
68 214
71 298
73 198
78 174
78 187
80 150
82 201
83 210
84 175
86 191
90 252
91 219
96 161
96 284
97 162
100 255
104 253
105 265
106 232
106 254
109 182
109 140
110 144
111 193
112 286
113 198
116 186
121 176
122 163
123 269
123 276
124 138
124 149
125 203
129 233
129 228
131 247
132 265
135 168
139 223
145 259
147 217
148 211
152 173
152 213
153 287
153 274
156 300
158 183
162 224
165 227
165 226
166 205
167 292
169 283
174 187
188 260
188 264
189 291
232 254
247 277
