heur016_n_300_m_15456
1 190
3 111
4 223
6 173
8 54
9 209
10 172
15 176
18 126
21 228
23 187
25 268
26 183
28 224
29 260
32 202
34 109
38 244
39 237
41 263
42 100
44 293
45 121
46 284
47 106
51 231
52 226
53 166
73 138
83 137
84 171
85 169
86 151
88 160
89 125
91 147
93 243
95 232
99 211
102 118
104 193
107 159
108 298
112 294
114 218
120 170
122 297
123 230
129 141
130 282
131 155
132 279
134 195
135 222
136 164
139 275
152 296
162 201
179 221
180 219
182 269
184 259
185 248
186 278
199 253
216 256
229 271
239 273
266 281
270 295
