heur033_n_330_m_13861
1 217
1 218
1 220
1 296
2 221
2 321
2 100
3 128
3 131
3 304
4 221
4 321
4 100
7 157
7 156
12 156
12 187
13 241
13 190
13 322
13 142
15 241
15 190
15 322
15 142
16 282
16 327
16 326
16 139
16 189
21 279
21 310
21 308
21 313
21 56
22 315
22 319
22 320
22 235
23 203
23 136
23 126
24 205
24 209
24 212
25 203
25 136
25 126
26 246
26 295
26 300
26 95
26 161
27 272
28 272
29 272
30 272
31 272
32 307
32 238
33 145
33 269
34 147
34 146
35 278
35 264
36 289
36 275
36 277
36 324
36 99
37 186
37 250
38 281
38 284
38 287
38 285
38 263
39 203
39 136
39 126
40 186
40 250
41 186
41 250
42 103
42 183
42 143
42 179
43 307
43 238
45 307
45 238
46 171
46 330
46 283
47 63
47 65
47 67
47 114
48 171
48 283
49 148
49 149
49 155
49 185
49 211
50 61
50 80
50 69
50 197
51 129
52 58
52 59
52 98
52 274
52 273
53 129
54 129
55 167
55 168
55 173
55 208
55 305
56 279
56 310
56 308
56 313
57 129
58 274
58 273
59 274
59 273
61 197
61 216
62 122
63 114
64 316
64 317
64 318
64 268
66 171
66 330
69 197
69 216
70 186
70 250
71 128
71 304
72 145
72 269
73 143
73 183
73 103
74 307
74 238
75 252
75 251
75 297
75 259
76 294
76 165
77 265
77 266
77 267
77 270
77 312
78 145
78 269
82 169
84 169
87 94
87 276
88 94
88 276
91 154
91 127
91 125
92 154
92 127
92 125
93 242
93 244
93 243
93 195
94 121
94 276
95 246
95 295
95 300
95 161
96 296
97 154
97 127
97 125
98 273
99 289
99 275
99 277
99 324
100 321
103 179
106 222
106 257
106 258
106 262
107 141
107 122
107 255
109 294
109 165
110 141
110 122
110 255
111 178
111 182
111 260
111 306
113 315
113 319
113 320
116 169
118 325
118 309
121 276
122 141
122 255
123 196
123 329
124 304
125 127
126 136
127 154
128 304
133 302
134 200
134 237
134 202
134 236
134 210
135 271
135 286
135 201
136 203
137 302
138 302
139 282
139 326
139 327
139 189
140 302
141 255
142 241
142 190
142 322
145 152
148 211
149 211
150 240
151 254
151 261
155 211
160 215
160 213
160 193
161 295
161 300
163 215
163 213
163 193
164 215
164 193
165 192
165 194
165 294
166 209
166 212
167 305
168 305
169 191
170 256
170 264
170 278
170 280
171 330
171 283
172 271
172 286
172 201
174 291
174 298
174 323
175 291
175 298
175 323
177 271
178 306
180 291
180 298
180 323
182 260
182 306
184 288
184 290
184 293
184 292
186 250
188 288
188 290
188 292
188 293
189 282
189 327
189 326
190 241
190 322
192 294
193 215
194 294
195 243
195 244
195 247
196 245
196 329
197 216
198 329
199 206
199 299
199 301
199 303
199 314
200 210
201 271
202 210
206 299
206 301
206 303
206 314
208 305
221 321
227 257
227 258
233 325
238 307
246 295
246 300
251 297
251 259
256 280
263 281
263 287
263 284
263 285
264 280
264 278
268 318
279 308
279 313
279 310
283 330
309 325
