heur006_n_180_m_6067
1 44
1 41
1 85
1 92
2 52
2 59
2 162
3 70
3 32
3 49
4 93
4 125
5 52
6 30
6 138
7 113
7 125
7 93
7 63
8 136
8 79
8 128
9 137
9 100
9 84
10 53
10 89
10 90
10 94
11 97
11 142
11 115
12 137
12 100
12 158
13 64
13 67
13 74
14 156
14 73
15 129
15 168
15 45
16 61
16 70
16 32
16 49
17 79
17 102
17 128
18 80
18 87
18 116
18 101
19 170
19 30
19 29
19 138
20 156
20 73
21 59
21 162
21 144
22 149
22 169
22 143
23 110
23 118
23 123
24 120
24 154
24 153
25 165
26 51
26 165
27 78
27 122
27 43
27 112
28 157
28 159
28 160
28 60
28 77
28 42
29 138
30 138
31 126
31 179
32 70
32 49
33 40
33 165
34 126
34 179
34 177
35 103
35 104
35 119
35 55
35 139
36 87
37 126
37 179
37 98
37 177
38 172
38 176
38 178
38 175
38 174
38 134
39 86
40 165
42 77
42 157
42 160
42 159
43 78
43 106
43 122
45 124
45 129
45 168
46 81
46 76
46 148
46 83
46 130
47 120
47 161
48 82
48 95
48 166
50 88
52 162
54 132
54 149
54 143
55 103
55 139
56 163
56 140
57 91
57 167
57 142
57 115
58 163
58 145
58 140
59 162
60 157
60 159
60 160
60 77
62 156
62 131
63 125
65 141
65 147
65 155
65 150
65 105
66 76
66 81
66 83
66 148
66 130
69 135
69 124
69 168
72 163
72 140
76 130
77 160
78 106
78 122
78 112
80 116
80 101
82 95
82 166
84 137
84 100
84 158
87 116
87 101
88 109
88 123
89 94
89 108
90 108
91 97
91 115
92 127
92 117
93 113
94 108
95 164
95 114
96 116
96 101
97 167
97 142
98 126
98 179
99 165
100 137
100 158
103 146
103 139
104 139
105 147
105 150
105 133
110 123
111 169
119 139
120 161
121 166
124 168
126 179
126 177
128 151
133 141
133 147
133 150
133 155
135 168
136 151
137 152
139 146
140 180
140 145
145 180
145 163
163 180
