heur019_n_300_m_28765
2 170
3 211
3 171
6 176
6 172
6 178
6 175
6 214
7 170
8 228
9 170
9 300
10 171
14 157
15 161
16 161
16 218
16 224
16 294
17 259
18 228
21 169
21 173
21 197
21 154
22 188
22 189
22 190
22 192
22 194
22 196
23 161
23 218
24 274
24 298
24 295
24 254
25 210
25 212
25 213
25 216
28 241
28 287
28 220
29 209
29 210
29 216
29 213
29 212
31 237
32 211
32 171
34 211
34 171
35 218
36 285
36 291
36 295
36 296
36 298
36 254
37 211
37 171
38 157
39 300
40 230
41 232
43 211
43 171
45 230
46 199
48 230
49 229
49 240
50 172
50 175
50 178
51 210
51 212
51 213
51 216
52 217
52 205
52 193
53 217
53 205
53 193
54 227
55 157
57 217
58 275
58 158
60 205
61 217
61 205
61 193
62 205
62 193
66 203
66 215
66 208
67 179
67 182
67 186
67 187
68 227
69 238
69 180
70 224
71 228
72 271
72 275
72 279
75 211
75 171
77 228
78 94
80 278
83 278
84 278
84 221
85 278
86 278
86 221
87 158
89 278
89 221
90 240
90 246
91 185
92 240
92 243
92 247
95 228
96 157
97 198
97 185
98 172
98 178
98 176
98 214
102 199
104 199
104 165
106 228
108 300
110 300
111 199
111 165
112 174
113 241
113 287
114 247
117 209
117 210
117 212
117 213
117 216
118 241
118 174
119 195
119 223
120 281
120 282
120 283
120 293
120 297
120 191
120 262
121 230
122 199
123 179
123 187
123 186
123 182
124 161
124 218
124 294
125 169
125 154
126 185
126 198
126 206
127 199
129 199
129 165
133 173
133 169
133 154
135 225
139 233
139 234
139 236
139 238
139 242
139 244
139 252
140 198
140 206
141 188
141 189
141 190
141 192
141 194
141 196
142 198
142 185
142 206
143 215
143 208
143 203
143 181
144 206
145 217
145 205
145 193
146 211
146 171
148 185
149 259
150 188
150 190
150 192
150 194
150 196
151 264
152 196
153 181
153 201
153 203
153 208
153 215
154 219
154 222
154 226
155 231
155 264
155 235
156 264
157 276
158 271
158 272
158 273
158 275
158 280
158 279
159 257
159 299
159 277
159 284
160 245
160 248
160 251
160 255
160 256
160 258
161 224
161 294
162 257
162 299
162 277
162 284
163 257
163 299
163 277
163 284
164 257
164 299
164 277
164 284
165 292
166 257
166 299
166 277
166 284
167 264
167 235
168 257
168 299
168 277
168 284
169 219
169 222
169 226
170 300
172 249
173 219
173 222
173 226
174 241
174 287
174 220
175 249
176 249
177 245
177 248
177 251
177 258
177 255
177 256
178 249
179 237
180 233
180 234
180 236
180 252
180 238
180 242
181 200
181 201
181 208
181 288
182 237
183 237
186 237
187 237
191 281
191 282
191 289
191 286
191 293
191 297
191 262
195 223
195 264
195 235
197 219
197 222
197 226
199 292
200 288
201 288
202 245
202 248
202 251
202 255
202 256
202 258
203 288
204 245
204 248
204 251
204 255
204 258
204 256
208 288
214 249
215 288
218 224
218 294
