heur027_n_330_m_2256
1 181
2 83
5 89
10 101
12 189
13 308
14 304
21 234
23 187
25 242
26 111
29 233
31 185
34 48
40 285
42 330
43 326
44 106
60 238
61 214
64 272
68 202
72 96
79 84
82 231
87 269
92 246
93 251
94 325
97 298
100 128
102 125
104 240
107 253
118 121
127 244
129 263
130 164
131 180
133 206
134 247
136 208
138 183
146 169
149 241
150 321
154 322
155 175
159 296
160 274
163 226
166 204
172 266
194 223
200 207
211 302
213 257
221 258
222 329
224 288
232 268
235 292
236 249
239 312
250 324
259 277
262 281
