heur050_n_300_m_19207
2 156
2 76
2 48
2 52
2 218
2 58
3 215
3 230
3 286
3 57
4 279
6 87
6 212
6 274
6 271
7 78
8 149
8 199
8 164
9 82
9 141
9 287
10 51
10 160
10 49
10 79
10 168
10 170
11 64
11 117
13 84
13 287
13 141
14 168
14 173
14 165
14 275
14 130
14 215
15 176
15 106
15 215
15 103
15 68
16 66
16 70
17 231
17 250
17 62
18 256
18 168
18 51
20 132
21 68
21 79
21 109
22 77
22 286
23 96
23 79
23 267
23 72
24 200
24 74
25 298
25 89
26 91
26 112
26 233
26 229
26 93
26 74
26 276
26 201
26 260
26 77
27 165
27 75
27 209
27 229
27 223
28 120
29 67
29 287
29 265
30 169
30 254
30 58
30 199
30 89
30 296
31 179
32 139
32 150
32 50
33 283
35 82
35 235
35 51
35 137
35 158
36 235
36 226
37 160
37 47
37 111
38 141
38 198
38 49
38 59
39 126
40 50
41 283
41 170
41 180
41 66
42 147
42 110
42 138
42 115
42 140
42 190
43 159
43 96
43 207
43 282
44 276
44 206
44 132
44 123
45 272
46 276
46 145
46 292
46 156
47 104
48 191
48 120
48 150
48 225
49 131
49 172
49 115
50 133
50 185
50 176
50 197
50 188
50 160
50 101
51 235
51 94
51 255
51 271
52 145
52 110
52 192
52 252
53 177
53 140
53 174
53 280
54 157
54 216
54 210
54 295
55 262
55 189
55 115
55 195
55 215
55 277
56 149
56 264
56 124
56 204
57 240
57 164
57 195
57 174
57 95
57 89
57 162
58 135
58 284
58 182
58 147
58 262
58 156
58 195
58 293
59 140
59 228
59 202
59 89
59 127
60 134
60 144
60 293
60 242
61 236
61 118
61 175
61 161
61 213
61 191
61 271
61 113
62 155
62 210
62 297
62 193
62 245
63 220
63 145
63 230
63 286
64 291
64 102
64 189
64 101
65 220
65 200
65 133
65 104
65 289
66 247
66 285
66 255
66 124
67 113
67 233
67 180
67 300
67 148
67 129
68 239
68 289
68 231
68 126
68 236
68 298
69 146
69 169
70 218
70 206
70 110
71 131
71 271
71 173
72 174
72 95
72 162
72 191
72 169
72 263
73 278
73 138
73 214
73 159
73 127
73 254
73 249
74 205
74 114
75 200
75 183
75 224
75 127
75 234
75 217
76 213
76 285
76 109
77 260
77 92
77 263
77 110
78 280
78 258
78 195
78 219
79 272
79 236
80 243
80 155
80 131
81 297
81 252
81 110
82 293
82 161
82 144
82 300
83 276
83 180
83 91
84 189
84 265
84 221
85 300
85 200
85 237
86 157
86 238
86 237
86 109
87 112
87 115
87 285
88 211
88 233
88 229
89 160
89 239
89 223
89 138
90 230
90 280
91 155
91 214
91 192
91 228
91 240
92 155
92 186
92 159
92 182
93 246
93 287
93 241
94 221
94 190
95 288
96 136
96 300
97 300
97 196
98 223
98 299
99 235
99 217
99 295
101 289
102 198
102 283
102 240
102 132
102 151
103 185
103 261
103 192
104 161
104 164
105 140
105 166
107 177
108 160
108 292
109 231
109 158
109 148
110 144
110 138
110 169
110 295
111 263
111 222
111 212
111 142
113 162
113 210
113 284
113 271
114 271
114 166
114 295
115 170
115 207
116 143
117 281
119 217
119 156
121 208
121 247
121 164
121 214
121 240
121 198
121 289
121 154
122 288
122 296
122 183
123 240
123 183
123 145
123 281
123 160
124 189
124 282
126 139
127 132
127 300
127 284
128 288
130 296
130 283
130 168
131 286
131 195
131 153
133 259
133 294
135 250
136 246
137 274
137 258
138 220
138 254
139 266
141 266
142 247
142 287
143 267
144 290
147 215
148 298
148 293
148 250
148 265
149 289
149 286
149 234
149 230
149 288
150 292
151 208
151 241
152 278
152 237
153 284
153 289
158 271
158 229
160 215
162 280
164 212
164 275
165 278
165 260
166 262
168 248
169 288
169 272
170 239
172 259
172 294
173 213
173 274
174 292
175 259
176 255
176 270
177 279
178 297
178 262
178 300
178 205
179 284
180 229
181 213
181 257
182 257
183 271
184 255
185 260
189 289
190 231
191 280
191 297
192 203
192 250
192 273
193 222
195 245
195 277
197 271
198 258
198 222
199 205
199 238
200 267
200 261
200 252
201 286
201 257
204 274
205 250
206 298
206 300
207 266
207 299
207 279
208 299
210 294
212 288
213 289
214 258
215 284
215 279
215 282
216 287
216 252
216 248
218 277
218 297
220 297
220 257
220 251
221 264
225 263
227 253
227 288
229 264
229 249
229 282
229 252
230 259
230 287
233 261
234 246
235 271
236 267
236 288
236 300
236 283
238 253
238 287
239 276
240 288
241 284
241 281
244 283
246 294
246 286
249 283
251 297
252 291
253 300
254 291
254 298
255 288
258 283
262 295
265 292
266 293
269 286
271 289
279 297
