heur051_n_300_m_20122
1 191
1 298
1 177
1 300
1 188
1 229
1 146
1 195
1 268
1 245
3 160
3 277
3 270
4 204
4 203
5 177
5 239
5 235
5 300
5 288
6 275
6 209
6 221
6 183
7 226
7 275
8 191
9 160
9 191
9 154
9 186
9 271
9 280
10 271
10 253
10 209
10 233
10 189
10 300
11 239
11 293
11 300
11 166
12 222
12 225
12 264
12 189
13 177
13 261
13 218
14 206
14 234
15 166
15 204
15 161
15 195
15 231
16 175
16 185
17 193
17 262
17 162
17 230
17 278
17 176
17 213
18 164
19 256
19 219
20 214
20 145
20 181
21 188
21 151
21 152
21 252
21 169
21 181
22 265
22 189
22 201
22 234
23 273
23 173
23 272
23 285
23 233
24 257
24 163
24 262
24 252
24 188
25 203
26 162
26 247
26 217
27 271
27 243
27 244
27 267
27 150
27 285
28 151
29 164
29 289
29 213
29 194
29 272
29 182
30 160
30 203
30 167
31 212
31 295
32 287
32 175
33 217
34 169
34 179
34 262
34 233
34 211
34 261
34 159
35 235
36 248
36 287
36 156
37 188
37 176
37 189
37 155
37 240
38 252
38 200
38 228
38 199
39 299
40 174
40 198
40 168
40 194
40 217
41 251
42 286
43 184
43 261
43 185
44 271
44 296
44 279
44 190
45 164
45 220
45 278
45 208
45 292
45 181
45 152
46 208
47 214
47 239
47 201
47 178
48 179
48 269
48 253
49 234
49 290
49 153
49 296
49 173
50 263
50 177
51 298
51 169
52 227
53 229
54 239
54 220
54 178
54 223
55 185
55 263
55 262
55 260
55 192
56 258
56 158
56 267
56 257
57 187
57 264
57 238
58 174
58 225
58 230
58 202
59 198
59 272
59 181
59 162
60 195
61 257
61 249
61 260
62 188
62 262
62 238
63 197
63 147
63 167
64 170
64 242
64 182
64 258
64 247
65 149
65 268
65 248
65 259
65 281
65 216
66 160
67 183
67 194
68 191
68 167
68 233
68 174
69 225
69 297
70 182
70 280
70 144
70 205
71 288
71 245
71 198
71 290
71 251
73 232
74 290
75 182
75 175
75 271
75 209
75 150
76 221
76 209
77 269
77 169
77 223
78 151
78 252
78 246
78 263
79 164
79 248
79 281
79 239
79 157
79 219
80 287
80 268
80 222
81 245
81 227
81 257
81 182
82 246
83 219
83 162
83 232
83 227
84 216
84 226
84 198
84 174
85 147
85 158
85 243
85 175
86 279
86 232
86 156
86 177
87 256
87 153
88 166
88 184
89 242
89 290
89 166
90 268
90 258
90 250
90 172
90 173
91 217
91 269
93 232
94 173
94 270
94 235
95 248
95 185
95 210
96 272
96 241
96 294
96 263
96 290
96 144
97 164
97 194
97 234
98 181
99 230
99 199
99 235
100 250
100 259
101 244
101 184
102 210
103 182
104 239
105 208
105 194
105 156
105 214
105 152
105 246
106 233
106 196
106 228
106 266
106 276
107 289
107 236
107 188
108 155
109 256
110 278
110 296
110 218
111 167
111 255
111 238
111 268
111 198
112 182
112 255
112 240
112 256
112 295
112 156
113 191
113 256
113 277
114 282
114 261
114 256
114 190
114 250
115 147
116 267
117 194
117 170
118 238
118 221
118 200
119 158
119 226
119 256
119 278
119 147
119 230
120 277
120 238
120 229
120 195
121 163
121 214
121 182
121 271
122 278
122 167
122 228
122 163
123 238
123 215
123 174
123 249
124 285
124 189
124 277
124 271
124 254
124 274
125 200
125 205
126 211
127 195
127 197
127 153
127 167
128 256
128 149
129 244
129 172
129 198
130 193
130 243
130 219
131 222
131 254
132 272
132 200
132 161
132 152
132 177
132 228
133 214
133 240
133 159
134 258
134 232
134 200
134 296
134 209
135 270
135 292
135 171
136 163
136 264
136 288
137 237
137 223
137 167
137 177
138 251
138 197
138 262
138 172
139 273
139 203
140 223
140 253
142 264
142 190
142 282
145 275
145 291
146 273
146 294
148 273
153 293
154 273
154 276
157 294
157 271
160 287
165 294
165 293
173 284
173 283
175 282
176 274
176 272
178 294
180 295
180 292
181 289
181 299
183 284
187 274
187 281
188 271
192 289
192 296
194 297
194 292
194 241
196 274
200 299
201 271
202 281
202 275
204 277
205 268
205 292
207 299
207 284
210 300
210 270
211 285
214 273
215 288
217 280
219 244
219 281
221 294
222 297
226 282
226 283
229 296
229 299
232 286
235 297
236 271
236 299
236 279
237 300
238 271
238 297
239 281
239 285
240 274
244 268
244 273
245 283
248 277
248 273
249 299
249 267
250 300
252 270
254 274
256 284
257 280
259 288
260 280
262 286
265 290
266 296
266 271
266 270
