heur049_n_300_m_17695
1 296
2 130
2 180
2 126
2 290
2 113
2 159
2 63
2 48
2 32
3 235
3 287
3 32
3 188
3 217
3 122
3 131
3 114
4 162
4 133
4 285
4 271
4 116
4 164
5 145
5 102
5 161
5 137
6 52
6 165
6 96
6 71
6 246
6 227
6 158
6 179
6 288
8 68
8 239
9 128
9 272
9 67
9 79
9 150
10 159
10 153
10 79
10 64
10 193
10 150
10 46
10 224
10 178
10 68
11 156
11 139
11 80
11 162
11 28
11 93
12 64
12 47
13 233
14 291
14 299
14 215
14 115
14 113
14 142
14 174
14 206
14 70
14 246
15 66
15 82
16 152
16 167
16 110
16 219
16 246
17 137
17 146
18 136
18 258
18 110
18 201
18 81
18 43
18 235
18 262
19 98
19 289
19 215
19 67
19 42
19 254
20 240
20 260
20 134
20 115
20 219
20 120
21 44
21 39
21 230
21 220
22 297
23 197
23 265
23 57
23 93
23 69
23 257
23 286
23 84
23 251
23 135
24 43
24 128
24 55
24 44
24 263
24 65
24 56
25 288
25 187
25 168
25 84
25 255
25 232
26 251
26 116
27 83
27 263
27 195
27 37
27 178
27 150
28 257
28 252
28 253
28 254
28 255
28 190
28 213
28 76
28 209
29 112
29 209
29 115
29 256
29 117
30 268
30 275
30 169
30 230
30 223
30 206
31 213
31 145
31 165
31 258
31 161
32 92
32 292
32 165
33 86
33 198
33 221
34 108
34 237
34 64
34 216
34 232
35 193
35 112
35 99
35 188
36 166
36 127
36 253
36 295
36 183
37 258
37 279
37 264
38 297
38 188
39 94
39 230
39 263
39 105
40 84
40 258
41 256
41 234
41 81
41 110
42 209
42 131
42 106
42 277
43 230
43 203
43 103
44 242
44 269
45 132
45 91
45 299
45 177
45 279
45 249
46 290
46 108
46 213
47 276
48 206
48 271
48 202
48 287
49 256
49 106
50 283
50 167
50 212
50 292
50 77
51 292
51 249
51 257
51 246
51 219
51 173
51 210
52 157
52 133
52 243
53 221
53 298
53 190
53 287
53 214
53 226
54 146
54 163
54 171
54 291
54 86
55 274
55 243
55 259
55 153
56 190
56 195
56 176
56 207
56 102
56 150
57 214
57 139
57 113
58 169
58 121
58 223
59 172
59 256
59 286
59 107
59 173
60 271
60 77
60 274
60 176
60 252
60 258
60 112
61 220
61 134
61 274
61 111
62 113
63 236
63 102
63 100
63 241
64 257
64 87
64 299
64 202
64 254
64 277
64 193
64 103
64 129
65 203
65 264
65 251
66 249
66 185
66 222
66 195
66 219
67 95
67 78
68 217
69 283
69 114
69 187
69 111
69 244
69 193
69 216
70 240
70 247
70 230
71 234
71 295
71 109
71 79
71 165
72 274
72 98
72 286
72 182
72 295
72 251
73 241
73 260
74 154
74 240
74 280
74 257
74 88
75 85
75 157
75 201
75 131
75 186
76 155
76 167
77 292
77 202
77 182
77 266
78 192
78 265
78 235
79 290
79 164
79 176
79 139
79 274
79 173
80 180
80 184
80 210
80 239
80 287
81 218
81 250
81 193
82 127
82 153
82 281
82 152
82 182
83 159
83 225
83 230
83 269
84 191
84 134
84 184
85 218
85 228
85 219
85 295
85 258
86 272
87 211
88 246
88 282
88 283
89 163
89 227
89 176
89 266
89 123
90 272
90 185
90 262
90 183
91 206
91 295
92 255
92 218
92 261
93 136
93 158
93 239
93 151
93 127
93 188
94 261
95 135
95 270
95 176
95 158
95 196
96 298
97 277
97 265
97 264
98 241
99 299
100 126
100 228
100 195
101 137
101 184
101 262
101 233
102 208
102 176
102 222
103 201
105 166
105 210
105 205
106 232
106 126
106 296
106 182
107 150
108 134
108 280
109 267
109 298
109 176
109 128
109 181
110 197
110 190
111 239
111 166
112 186
112 262
112 272
112 241
112 279
112 244
113 209
114 268
114 189
115 142
115 218
115 167
116 266
117 242
117 198
117 298
118 175
120 149
120 239
120 294
120 202
121 187
122 187
122 258
122 164
122 195
123 206
123 201
124 202
125 201
126 182
126 266
127 271
128 224
129 229
130 217
130 239
130 163
131 298
132 176
132 230
132 275
132 198
132 268
133 253
133 197
134 170
134 228
134 213
134 267
135 274
135 277
135 172
135 174
135 183
136 227
137 201
137 189
137 180
137 277
137 225
137 252
137 263
138 294
138 242
138 203
139 298
139 181
140 231
140 198
140 173
140 238
140 285
140 223
141 292
141 239
142 210
142 250
143 213
144 280
144 270
144 274
144 268
145 254
146 214
146 193
147 163
147 264
147 235
149 278
149 191
150 292
150 289
151 288
151 188
151 295
152 163
153 285
153 223
154 185
154 197
155 229
155 282
155 247
157 283
157 177
158 197
158 260
158 256
159 292
159 185
159 227
160 292
160 220
160 266
162 231
162 291
162 283
164 174
166 300
170 297
175 264
177 295
180 203
181 295
182 297
183 293
189 296
191 264
192 291
194 292
201 291
201 296
204 294
206 296
209 264
209 267
221 291
222 281
224 293
225 291
228 293
233 295
235 267
236 292
240 264
245 298
250 299
263 283
267 296
267 291
275 292
282 294
283 291
286 294
