heur046_n_300_m_13150
1 75
1 32
1 180
1 163
1 201
1 233
1 299
2 96
2 116
3 214
3 242
4 78
5 257
5 280
5 291
5 124
5 214
5 217
5 242
6 94
6 41
6 283
6 248
6 21
7 171
7 91
7 128
7 228
7 44
8 187
8 40
8 41
8 283
9 201
9 163
9 233
9 276
9 299
10 12
11 171
11 91
11 128
11 228
11 44
12 241
12 151
13 107
13 229
13 112
14 49
14 64
14 108
14 117
14 145
14 191
14 293
15 182
15 285
15 93
15 174
15 195
15 215
15 250
16 125
16 158
16 282
16 284
16 25
16 57
16 83
16 102
16 200
16 278
17 32
17 75
17 180
17 163
17 201
17 233
17 276
17 299
18 53
18 71
18 61
18 189
18 269
18 281
18 114
18 196
18 253
19 159
19 114
20 91
20 128
20 171
20 228
20 44
22 274
22 152
22 221
22 252
23 36
23 142
23 202
23 161
23 183
24 130
24 245
24 133
24 30
24 60
24 109
24 139
24 223
24 230
24 300
25 83
25 102
26 287
27 80
27 232
27 277
27 288
27 87
27 134
27 193
27 296
28 197
28 237
28 36
28 142
28 199
28 202
28 161
28 254
28 183
28 225
29 229
29 112
30 109
30 230
30 63
30 223
31 56
31 76
31 78
32 180
32 163
32 201
32 276
32 299
33 45
34 137
34 141
34 176
34 286
35 43
35 129
35 150
35 267
35 295
35 99
36 142
36 199
36 202
36 161
36 254
36 183
36 225
37 290
37 85
37 96
38 198
38 40
38 41
38 94
38 248
38 283
39 96
39 116
40 41
40 94
40 248
40 283
41 283
41 248
42 252
42 209
42 221
43 129
43 150
43 267
43 295
43 99
46 110
46 268
47 239
47 114
48 132
48 137
48 176
49 192
49 145
49 293
50 69
50 76
50 78
51 88
51 90
51 122
51 155
51 212
52 190
52 224
53 61
53 185
53 269
53 281
53 104
53 114
53 159
53 196
53 239
53 253
53 275
54 96
55 72
55 211
55 107
55 112
55 229
56 156
56 69
56 76
56 78
58 257
58 214
58 242
59 130
59 133
59 60
59 109
59 230
59 300
61 269
61 281
61 185
61 189
61 104
61 114
61 159
61 196
61 239
61 253
61 275
62 235
62 92
62 244
62 236
64 138
64 145
64 192
64 293
65 73
65 80
65 87
65 134
65 193
65 232
65 277
65 288
65 296
66 98
66 131
66 190
66 205
66 224
67 107
67 112
67 229
68 117
68 108
68 138
68 145
68 191
68 192
68 293
69 76
69 78
70 198
70 94
70 248
70 283
71 185
71 269
71 281
71 104
71 114
71 159
71 196
71 239
71 253
71 275
72 178
73 296
75 180
75 163
75 201
75 233
75 276
75 299
76 78
77 89
77 97
77 148
77 101
77 167
77 175
77 103
77 110
77 136
79 120
79 274
79 221
79 252
80 232
80 277
80 288
80 87
80 134
80 193
80 296
81 164
81 146
81 84
81 125
81 158
81 284
81 83
81 102
81 200
81 278
83 278
83 102
84 125
84 158
84 282
84 284
84 102
84 200
84 278
85 265
85 298
85 207
85 96
85 116
85 188
87 296
88 90
88 122
88 155
88 154
88 212
88 140
89 226
89 97
89 148
89 101
89 167
89 175
89 103
89 136
89 268
90 122
90 155
90 154
90 212
90 140
91 128
91 228
92 236
93 174
93 195
93 250
93 251
94 283
95 221
95 252
96 116
97 148
97 175
97 103
97 110
97 136
97 268
98 205
98 190
98 224
100 294
100 144
100 206
100 213
100 247
100 264
100 131
100 190
100 205
100 224
101 175
101 103
101 110
101 136
101 268
103 268
104 159
104 114
104 239
105 262
105 297
105 156
106 221
106 252
108 191
108 138
108 145
108 293
109 230
109 300
109 223
110 268
111 129
113 137
113 141
113 176
113 286
115 132
115 137
115 141
115 176
115 218
115 249
115 286
117 138
117 145
117 191
118 169
118 135
118 149
118 168
118 172
118 216
118 219
118 234
118 258
118 259
118 271
119 129
120 152
120 194
120 274
120 147
120 160
120 209
120 221
120 252
120 255
121 285
121 174
121 195
121 215
121 250
122 155
122 154
122 140
124 242
126 129
127 231
127 203
127 128
127 171
127 228
128 228
129 150
129 295
130 245
130 223
130 230
130 289
130 300
131 224
132 137
132 141
132 176
132 249
133 223
133 230
133 289
133 300
135 271
135 149
135 168
135 172
135 216
135 234
135 258
137 218
137 141
137 176
137 249
137 286
138 145
138 293
139 230
141 176
141 286
142 202
142 161
142 254
142 183
142 225
143 285
143 174
143 195
143 215
143 250
143 251
144 247
144 264
144 190
144 205
144 224
145 293
146 158
148 167
148 175
148 268
149 168
149 216
149 234
152 160
152 209
152 221
152 252
152 255
153 260
153 266
153 273
153 235
153 244
154 212
155 212
156 162
157 261
157 170
157 173
157 181
157 186
157 210
157 222
157 246
157 287
157 292
158 282
158 200
158 278
161 183
161 225
163 233
163 276
163 299
164 282
164 284
165 220
165 166
165 177
165 241
165 256
166 241
167 175
167 268
168 172
168 216
168 258
169 172
169 216
169 219
169 234
169 259
170 181
170 186
170 246
170 287
170 292
172 216
173 222
173 210
173 246
173 287
174 195
174 215
174 250
174 251
175 268
176 286
178 229
179 223
179 230
179 300
180 201
180 233
180 299
181 292
181 222
181 210
181 246
181 287
182 285
182 195
182 215
182 250
182 251
183 225
185 189
185 239
185 253
185 275
186 246
186 287
187 248
187 283
189 239
189 253
189 275
190 224
191 192
191 293
194 209
194 221
194 252
195 215
195 250
195 251
196 253
196 275
196 239
197 237
197 202
198 238
198 283
201 233
201 276
201 299
204 235
204 244
205 224
206 213
206 264
206 224
210 287
211 229
213 247
213 224
214 242
214 217
215 250
215 251
216 258
219 259
219 271
219 234
219 258
220 241
221 255
222 287
227 257
227 280
227 291
227 242
230 300
232 277
232 288
232 296
233 299
233 276
234 258
235 270
235 236
238 248
238 283
245 300
246 287
249 286
250 251
252 255
257 291
257 280
259 271
261 287
261 292
263 294
263 264
265 298
266 273
266 270
269 281
269 275
277 288
279 294
289 300
290 298
