heur056_n_300_m_12131
1 217
1 218
1 252
1 213
1 219
1 220
1 277
1 280
1 284
2 283
2 286
2 289
2 175
2 195
2 216
3 80
3 120
3 141
4 40
4 42
4 160
4 171
4 196
5 138
5 143
5 149
5 168
6 197
6 278
6 279
6 282
6 245
6 258
6 268
6 295
7 105
7 291
8 174
8 180
8 190
9 135
9 146
9 191
9 239
9 257
9 293
9 172
9 192
9 228
10 80
10 120
10 141
11 229
11 269
11 270
13 23
13 80
13 120
13 141
14 174
14 180
15 261
15 265
15 142
15 155
16 40
16 42
16 86
16 160
16 171
16 196
17 65
17 90
17 204
17 19
17 49
18 22
18 138
18 143
18 149
18 168
19 229
19 269
19 270
20 164
20 167
20 249
20 265
20 99
20 142
21 283
21 286
21 289
21 175
21 195
21 216
22 138
22 143
22 149
22 168
23 80
23 120
23 141
24 40
24 42
24 86
24 160
24 171
24 196
25 82
25 92
25 96
25 144
25 173
25 187
25 103
25 104
26 174
26 180
26 190
27 274
27 285
27 292
28 249
28 142
29 82
29 92
29 173
29 103
30 274
30 285
30 292
31 93
31 105
31 237
31 244
31 247
31 238
31 255
31 291
32 82
32 92
32 96
32 144
32 173
32 187
32 103
33 58
33 138
33 143
33 149
33 168
34 217
34 218
34 252
34 213
34 219
34 220
34 277
34 280
34 284
35 64
36 222
36 242
36 62
36 64
36 81
37 135
37 146
37 191
37 239
37 257
37 293
37 172
37 192
37 228
38 243
38 250
38 300
38 200
38 202
38 290
39 243
39 250
39 300
39 200
39 202
39 208
39 212
39 290
40 160
40 163
40 171
40 184
40 196
40 246
41 148
42 160
42 163
42 171
42 184
42 196
42 246
43 48
43 59
43 113
43 126
43 130
43 139
43 148
44 222
44 234
44 242
44 62
44 64
44 81
45 48
45 59
45 113
45 126
45 139
46 243
46 250
46 300
46 200
46 202
46 208
46 212
46 276
46 290
47 188
47 198
47 226
47 194
47 209
47 263
48 113
48 114
48 126
48 139
48 148
49 229
49 269
49 270
50 116
50 119
50 132
50 94
50 214
51 59
51 113
51 114
51 139
51 148
52 180
52 189
52 207
52 215
53 135
53 146
53 191
53 239
53 257
53 293
53 172
53 192
53 228
54 58
54 138
54 143
54 149
54 168
55 65
55 90
55 204
56 283
56 286
56 289
56 175
56 195
56 216
57 65
57 90
57 204
58 138
58 143
58 149
58 168
59 113
59 126
59 130
59 139
59 148
60 274
60 285
60 292
61 274
61 285
61 292
63 217
63 218
63 252
63 213
63 219
63 220
63 277
63 280
63 284
65 229
65 269
65 270
66 225
66 227
66 266
67 77
67 112
67 132
67 166
67 94
67 214
68 89
68 91
68 102
68 80
68 120
68 141
69 274
69 285
69 292
70 189
70 190
70 207
70 215
71 138
71 143
71 149
71 168
73 180
73 189
73 207
73 215
74 112
74 116
74 119
74 132
74 166
74 94
74 214
75 138
75 143
75 149
75 168
76 89
76 91
76 102
76 120
76 141
77 94
77 214
79 87
79 138
79 143
79 149
79 168
82 144
82 103
82 104
82 111
83 225
83 227
83 266
84 87
84 138
84 143
84 149
84 168
86 160
86 163
86 171
86 184
86 196
86 246
87 138
87 143
87 149
87 168
88 274
88 285
88 292
89 120
89 141
90 229
90 269
90 270
91 120
91 141
92 103
92 104
92 111
93 255
93 291
95 138
95 143
95 149
95 168
96 103
96 104
96 111
97 188
97 198
97 226
97 194
97 209
97 263
98 159
98 211
98 235
102 120
102 141
105 237
105 244
105 247
105 238
105 255
107 110
107 122
107 129
107 186
107 199
107 224
107 267
108 274
108 285
108 292
109 124
109 170
109 298
109 299
110 236
110 267
112 214
113 130
113 139
113 148
114 139
115 188
115 198
115 226
115 194
115 209
115 263
116 166
116 214
117 274
117 285
117 292
118 225
118 227
118 266
119 166
119 214
123 176
123 129
123 186
123 199
123 224
123 240
123 267
124 159
124 211
124 235
124 299
125 274
125 285
125 292
126 130
127 134
127 170
127 296
127 298
127 299
128 175
128 195
128 216
129 236
129 240
129 267
131 186
131 199
131 224
132 214
134 159
134 235
135 239
135 257
135 293
135 172
135 192
135 228
136 142
137 141
138 168
143 168
145 175
145 195
145 216
145 286
146 239
146 257
146 293
146 172
146 192
146 228
147 256
147 260
147 288
149 168
150 175
150 195
150 216
150 286
151 248
151 264
151 273
151 287
152 162
152 248
152 253
152 264
152 273
153 181
153 185
153 201
153 203
153 210
153 233
153 161
153 205
153 256
153 260
153 288
154 181
154 185
154 233
154 256
154 260
154 288
156 248
156 253
156 287
157 206
157 248
157 253
157 264
157 273
158 248
159 296
159 298
159 299
160 163
160 184
160 246
161 256
161 260
161 288
162 206
162 248
162 264
162 287
164 261
164 265
166 214
167 249
167 261
167 265
169 186
169 199
169 224
170 211
170 235
170 296
170 298
170 299
171 184
171 246
176 186
176 224
177 222
177 242
178 261
181 201
181 203
181 210
181 205
182 186
182 199
182 224
182 236
182 240
183 185
183 201
183 203
183 210
183 233
183 205
183 256
183 288
185 201
185 203
185 210
185 205
185 288
186 236
186 240
186 267
188 194
188 209
188 263
189 190
191 239
191 257
191 293
191 192
191 228
193 222
193 234
193 242
196 246
197 294
197 271
198 209
198 263
199 236
199 267
200 202
200 290
201 256
201 260
201 288
202 276
202 281
202 290
203 205
203 256
203 260
203 288
204 229
204 269
204 270
205 256
205 260
205 288
206 253
206 273
206 248
206 264
208 276
208 290
210 256
210 260
210 288
211 296
211 298
211 299
217 219
217 220
217 277
217 280
217 284
218 219
218 220
218 277
218 280
218 284
219 280
219 284
220 280
221 225
221 227
221 266
223 253
223 273
223 287
223 248
223 264
224 236
224 240
224 267
226 263
230 287
230 248
230 264
232 266
233 288
235 296
235 298
235 299
237 255
243 276
243 281
243 290
244 255
244 291
247 255
247 291
250 276
250 281
250 290
252 277
252 280
252 284
253 264
259 266
262 268
272 274
272 285
272 292
275 285
275 292
278 294
278 295
294 295
