heur044_n_300_m_3234
1 14
1 90
1 116
1 184
1 202
1 209
1 213
1 251
2 30
2 168
2 19
2 31
2 34
2 294
3 38
3 78
3 196
3 227
4 65
4 76
4 263
4 61
4 66
4 96
4 201
5 44
5 57
5 62
5 165
5 211
5 214
5 232
5 241
5 298
6 161
6 189
6 217
6 226
6 235
6 25
6 37
6 50
6 67
6 46
7 73
7 102
7 186
7 195
7 120
7 216
7 224
7 32
7 83
7 233
8 170
9 180
9 60
10 14
10 90
10 116
10 184
10 202
10 209
10 213
10 251
11 14
11 90
11 116
11 184
11 202
11 209
11 213
11 251
12 142
12 259
13 180
13 162
13 164
13 179
13 245
13 60
14 90
14 116
15 40
15 145
16 51
16 151
16 152
16 190
16 121
17 100
17 157
18 93
18 134
18 179
18 180
18 60
19 294
20 174
20 244
20 24
20 38
20 42
20 59
20 78
20 101
20 196
20 227
20 285
21 65
21 76
21 263
21 61
21 66
21 96
21 201
22 44
22 57
22 62
22 165
22 211
22 214
22 232
22 241
22 298
23 124
23 139
23 172
23 225
23 238
23 250
23 268
23 274
23 290
24 38
24 78
24 196
24 227
25 46
26 100
26 157
27 87
27 91
27 92
27 98
27 108
27 51
27 121
27 151
27 152
27 190
28 154
28 159
28 169
28 239
28 81
28 85
28 133
28 142
28 259
29 36
29 128
29 119
29 156
29 207
29 212
29 75
30 31
30 34
30 48
30 294
31 294
33 44
33 62
33 165
33 211
33 214
33 232
33 241
33 298
34 294
35 65
35 76
35 263
35 61
35 66
35 96
35 201
36 128
36 119
36 156
36 207
36 212
36 75
37 46
39 43
39 129
39 176
39 200
39 222
39 236
39 257
39 270
40 145
41 168
41 294
42 78
42 196
42 227
43 129
43 176
43 200
43 222
43 236
43 257
43 270
44 165
44 232
44 298
45 112
45 113
45 127
45 191
47 106
47 170
47 194
47 203
47 215
47 243
48 294
49 168
49 294
51 121
52 125
52 136
52 167
52 177
52 183
52 193
52 210
52 248
53 230
53 168
53 294
54 205
54 228
54 234
54 264
54 273
54 276
54 282
54 288
55 252
55 58
55 122
55 130
55 221
55 80
55 240
55 254
55 256
55 280
55 287
56 100
56 157
57 165
57 214
57 232
57 298
58 80
58 240
58 254
58 255
58 271
58 280
58 287
59 78
59 196
59 227
61 96
62 165
62 214
62 232
62 298
63 252
63 122
63 130
63 221
63 80
63 218
63 240
63 255
63 256
63 271
63 280
63 287
64 109
64 132
64 247
64 258
64 260
64 265
64 267
64 272
64 293
64 296
65 66
65 96
65 201
66 96
68 135
68 70
68 143
68 187
68 145
69 82
69 88
69 89
69 198
69 175
69 219
69 269
69 299
70 145
71 230
71 168
71 294
72 125
72 136
72 167
72 177
72 183
72 193
72 210
72 248
73 120
73 216
73 224
73 83
73 233
74 138
74 100
74 157
76 96
76 201
77 125
77 136
77 167
77 177
77 183
77 193
77 210
77 248
79 129
79 176
79 200
79 222
79 236
79 257
79 270
80 218
80 240
80 254
80 255
80 256
80 271
80 280
80 287
81 142
81 259
82 175
82 219
82 269
82 299
84 88
84 89
84 198
84 175
84 219
84 269
84 299
85 142
85 259
86 138
86 100
86 157
87 91
87 92
87 98
87 108
87 121
87 151
87 152
87 190
88 175
88 219
88 269
88 299
89 175
89 219
89 269
89 299
91 121
91 151
91 152
91 190
92 121
92 151
92 152
92 190
93 180
93 162
93 164
93 179
93 245
94 252
94 122
94 130
94 221
94 218
94 240
94 254
94 255
94 256
94 271
94 280
94 287
95 263
95 96
95 201
97 112
97 113
97 127
97 191
98 121
98 151
98 152
98 190
99 128
99 119
99 156
99 207
99 212
101 196
101 227
102 120
102 216
102 224
102 233
103 165
103 211
103 214
103 232
103 241
103 298
104 252
104 122
104 130
104 221
104 218
104 240
104 255
104 256
104 271
104 280
104 287
105 205
105 228
105 234
105 264
105 273
105 276
105 282
105 288
107 230
107 168
107 294
108 121
108 151
108 152
108 190
109 258
109 260
109 272
109 296
109 247
109 265
109 267
109 293
110 163
110 181
110 117
110 138
110 149
110 157
111 128
111 119
111 156
111 207
111 212
114 275
114 278
114 286
114 295
115 118
115 137
115 182
115 185
115 275
115 278
115 281
115 286
115 295
117 138
117 157
118 185
118 275
118 278
118 286
118 295
120 233
122 218
122 240
122 254
122 255
122 271
122 280
123 173
123 202
123 213
126 205
126 228
126 234
126 264
126 273
126 276
126 282
126 288
128 156
128 207
128 212
130 218
130 240
130 254
130 255
130 271
130 280
131 170
131 192
131 194
131 203
131 215
131 243
131 261
132 258
132 260
132 272
132 296
132 247
132 265
132 267
132 293
133 142
133 259
134 180
134 162
134 164
134 179
134 245
135 143
135 187
135 145
137 185
137 275
137 278
137 286
137 295
138 157
140 191
141 176
141 200
141 222
141 236
141 257
141 270
142 259
143 145
144 163
144 181
144 149
144 157
146 205
146 228
146 234
146 264
146 273
146 276
146 282
146 288
147 173
147 202
147 213
147 251
149 157
150 187
153 191
154 259
155 187
158 182
158 185
158 275
158 278
158 281
158 286
158 295
159 259
160 187
161 189
161 217
161 226
161 235
163 181
166 178
166 204
166 208
167 193
167 248
168 294
169 259
171 173
171 197
171 249
171 184
171 202
171 209
171 213
171 251
173 184
173 202
173 209
173 213
173 251
174 244
174 196
174 227
174 285
177 193
177 248
180 245
182 185
182 275
182 278
182 286
182 295
183 193
183 248
184 202
185 275
185 278
185 286
185 295
186 216
186 224
186 233
192 203
192 243
194 203
194 243
195 216
195 224
195 233
197 202
197 209
197 213
197 251
198 219
198 269
198 299
199 283
199 220
199 208
200 257
205 273
205 276
205 282
205 288
206 222
206 236
206 257
206 270
210 248
211 214
211 232
211 298
214 232
214 298
215 243
216 224
216 233
221 240
221 254
221 255
221 256
221 271
221 280
221 287
222 257
223 283
224 233
225 250
225 290
228 273
228 276
228 282
228 288
229 230
229 294
230 294
231 283
234 273
234 276
234 282
234 288
236 257
237 291
237 247
237 258
237 260
237 265
237 267
237 272
237 293
237 296
238 250
238 290
239 259
240 287
241 298
244 285
246 291
246 247
246 258
246 260
246 265
246 267
246 272
246 293
246 296
249 251
250 290
252 254
252 255
252 256
252 271
252 280
252 287
253 269
253 299
255 256
255 287
258 293
260 265
260 293
262 275
262 278
262 281
262 286
262 295
264 273
264 276
264 282
264 288
268 290
272 293
274 290
277 283
279 291
279 293
279 296
280 287
281 286
281 295
291 293
291 296
292 293
292 296
