heur059_n_300_m_7867
1 223
1 229
1 262
2 84
2 171
2 9
2 37
2 55
2 61
2 164
2 238
3 71
3 83
3 144
4 223
4 229
4 262
5 72
5 30
5 92
5 100
5 160
5 241
5 258
6 181
6 191
6 203
7 63
7 215
7 218
7 228
7 280
8 143
8 199
8 216
8 174
8 184
8 188
9 67
9 164
9 238
10 297
10 298
10 299
10 201
10 204
10 233
10 274
10 296
11 41
11 44
11 79
11 95
11 175
11 145
11 150
11 257
12 181
13 277
13 286
13 289
13 32
13 38
13 70
14 203
15 277
15 286
15 32
15 38
15 70
16 98
16 105
16 124
16 125
16 46
16 59
16 96
17 265
17 120
17 123
17 137
18 162
18 170
18 172
19 48
19 217
19 220
19 232
19 253
19 273
19 283
20 155
20 265
20 120
20 123
20 137
21 31
21 58
21 297
21 298
21 299
21 201
21 204
21 233
21 268
21 274
21 296
22 41
22 44
22 68
22 79
22 95
22 175
22 145
22 150
22 257
23 33
23 34
23 71
23 144
24 53
24 94
24 102
24 147
24 158
25 93
26 84
26 171
26 37
26 55
26 61
26 67
26 164
26 238
27 265
27 120
27 123
27 137
28 72
28 30
28 75
28 78
28 92
28 100
28 160
28 200
28 205
28 241
28 258
29 98
29 105
29 124
29 125
29 46
29 59
29 96
30 200
30 205
30 258
31 297
31 298
31 299
31 201
31 204
31 233
31 274
31 296
33 71
33 83
33 144
34 71
34 83
34 144
35 53
35 94
35 102
35 147
35 152
35 158
36 265
36 120
36 123
36 137
37 55
37 67
37 164
37 238
39 42
39 93
40 52
40 71
40 83
40 86
40 144
42 77
42 128
42 93
43 53
43 94
43 102
43 147
43 152
43 158
44 145
44 150
44 257
45 117
45 136
45 51
45 168
45 207
45 214
45 222
45 227
47 265
47 120
47 123
47 137
48 253
48 273
48 283
49 199
49 216
49 174
49 184
49 188
50 117
50 136
50 178
50 51
50 168
50 207
50 208
50 214
50 222
50 227
51 168
51 198
51 207
51 208
51 214
51 222
51 227
52 71
52 83
52 144
53 147
53 152
53 158
54 143
54 199
54 216
54 174
54 184
54 188
55 67
55 164
55 238
56 162
56 170
56 172
57 60
57 81
57 77
57 128
57 93
58 297
58 298
58 299
58 201
58 204
58 233
58 268
58 274
58 296
60 77
60 128
60 163
60 93
61 67
61 164
61 238
62 161
62 167
62 179
62 177
62 186
63 219
63 228
63 290
63 215
63 218
63 280
64 79
64 95
64 175
64 145
64 150
64 257
65 272
65 284
65 285
65 72
65 75
65 78
65 92
65 100
65 160
65 205
65 241
65 258
66 277
66 286
66 70
68 175
68 145
68 150
68 257
69 71
69 83
69 86
69 144
72 75
72 78
72 92
72 100
72 160
72 200
72 205
72 241
72 258
73 94
73 102
73 152
73 158
74 215
74 218
74 228
74 280
75 92
75 100
75 200
75 205
75 241
75 258
76 143
76 199
76 174
76 184
76 188
77 93
78 92
78 100
78 241
78 258
79 175
79 145
79 150
79 257
80 117
80 136
80 178
80 168
80 198
80 207
80 208
80 214
80 222
80 227
81 128
81 163
81 93
82 94
82 102
82 152
84 164
84 238
85 94
85 102
85 147
85 152
86 144
87 104
87 146
87 156
87 234
87 235
87 251
89 96
90 99
90 131
91 146
91 235
92 200
92 205
94 147
94 152
94 158
95 175
95 145
95 150
95 257
97 245
97 246
98 124
98 125
100 205
100 258
101 157
101 185
101 259
102 147
102 152
102 158
103 131
104 234
104 235
105 124
105 125
106 146
106 156
106 234
106 235
107 242
107 161
107 167
107 179
107 177
107 186
107 210
108 190
108 221
108 248
108 134
108 162
108 170
108 172
109 146
109 156
109 234
109 235
111 286
112 171
112 164
112 238
113 192
113 194
113 211
113 300
113 131
114 271
114 291
114 292
114 294
114 141
114 151
114 159
114 269
114 275
114 281
114 282
114 288
114 295
115 192
115 194
115 211
115 116
115 180
115 300
115 131
115 133
116 300
116 131
116 133
117 168
117 207
117 208
117 222
117 227
118 130
118 185
118 240
118 259
119 300
119 131
119 133
121 265
121 123
121 137
122 230
122 243
126 190
126 221
126 248
126 134
126 162
126 170
126 172
127 130
127 185
127 240
127 259
129 163
130 157
130 185
130 259
132 199
132 174
132 184
132 188
134 162
134 170
134 172
135 286
136 168
136 198
136 207
136 208
136 214
136 222
136 227
138 245
138 246
139 245
139 246
140 215
140 218
140 228
140 280
140 290
141 275
141 282
141 295
141 269
141 281
141 288
142 199
142 174
142 184
142 188
143 174
143 184
143 188
146 235
148 192
148 194
148 211
148 180
148 300
149 271
149 291
149 292
149 294
149 151
149 159
149 269
149 275
149 281
149 282
149 288
149 295
151 275
151 282
151 295
151 269
151 281
151 288
153 185
153 240
153 259
155 265
156 235
159 275
159 282
159 295
159 269
159 281
159 288
160 200
160 241
160 258
161 177
161 186
161 210
166 195
166 230
166 243
167 177
167 186
167 210
168 198
168 207
168 208
168 214
168 222
168 227
169 173
169 183
169 195
171 238
173 195
173 213
173 230
173 243
175 257
176 265
177 186
177 210
178 222
178 227
179 186
179 210
180 300
182 225
182 226
182 242
182 186
182 210
183 195
183 213
183 230
183 243
187 229
187 262
189 277
189 286
192 300
193 195
193 213
193 243
194 300
195 213
195 230
195 243
196 203
197 271
197 291
197 292
197 294
197 269
197 275
197 281
197 282
197 288
197 295
198 214
198 222
201 268
201 296
202 213
202 230
202 243
204 268
204 296
206 221
206 248
208 214
208 222
211 300
212 223
212 229
212 262
217 253
217 273
217 283
219 280
220 273
224 231
228 280
232 273
232 283
233 268
233 296
237 264
237 240
237 259
239 251
240 259
241 258
244 252
244 263
244 266
244 245
244 246
244 247
249 252
249 263
249 266
250 264
250 259
254 256
254 264
254 293
254 259
255 278
255 262
256 259
260 278
260 262
261 280
261 290
270 280
270 290
271 291
271 281
275 281
275 288
279 280
279 290
282 288
291 295
292 295
294 295
