heur042_n_300_m_5764
1 159
1 210
1 92
1 154
1 171
1 180
2 251
2 267
2 292
2 131
2 136
2 151
3 186
3 217
3 254
4 258
5 12
5 69
5 80
5 260
5 269
5 278
5 77
5 132
5 290
7 39
7 45
7 119
8 82
8 87
8 112
8 9
8 146
10 159
10 210
10 92
10 154
10 171
10 180
11 109
11 147
11 157
11 40
11 43
12 77
12 132
12 220
12 226
12 232
12 290
13 30
13 46
13 50
14 96
14 127
14 195
14 266
14 299
15 96
15 127
15 195
15 266
15 299
16 281
17 185
17 272
17 285
17 70
17 106
17 129
18 28
18 39
18 45
18 68
18 84
18 111
18 119
20 185
20 272
20 285
20 70
20 106
20 129
21 47
21 51
21 102
21 263
21 29
21 30
21 46
21 50
21 62
23 234
23 238
23 241
23 114
23 161
23 169
23 189
23 225
24 28
24 39
24 45
24 68
24 84
24 111
24 119
25 37
25 177
25 181
25 282
25 236
25 124
25 140
25 274
25 281
26 47
26 51
26 102
26 263
26 29
26 30
26 46
26 50
26 62
27 72
27 185
27 272
27 285
27 70
27 106
27 129
28 68
28 84
28 39
28 45
28 111
28 119
29 30
29 46
29 50
31 39
31 45
31 68
31 84
31 111
31 119
32 258
33 228
33 97
33 156
33 250
33 57
33 78
33 100
33 162
33 170
33 179
34 251
34 267
34 292
34 131
34 136
34 151
35 36
37 177
37 181
37 282
37 236
37 124
37 140
37 274
37 281
38 186
38 217
38 254
41 137
41 141
41 150
41 49
41 154
41 159
41 171
41 180
41 210
42 137
42 141
42 150
42 49
42 92
42 154
42 159
42 171
42 180
42 210
44 177
44 181
44 282
44 236
44 124
44 140
44 274
44 281
47 263
47 50
47 62
48 177
48 181
48 282
48 236
48 124
48 140
48 274
48 281
49 159
49 210
49 92
49 154
49 171
49 180
51 263
51 62
52 148
52 184
52 205
53 66
53 85
53 143
53 160
53 239
53 244
53 287
55 172
55 283
55 289
55 186
55 217
55 254
57 162
57 170
57 179
59 172
59 283
59 289
59 186
59 217
59 254
60 227
61 227
63 91
64 66
64 85
64 143
64 160
64 167
64 203
64 239
64 244
64 287
65 208
65 231
65 237
65 76
65 79
65 108
65 148
65 184
65 205
66 167
66 203
66 239
66 244
66 287
67 277
67 286
67 296
68 111
68 119
69 260
69 269
69 278
69 80
69 77
69 132
69 220
69 226
69 232
69 290
71 122
71 126
71 128
71 198
71 206
71 212
71 222
71 246
71 265
71 104
72 185
72 272
72 285
72 106
72 129
75 208
75 231
75 237
75 76
75 79
75 108
75 148
75 184
75 205
76 148
76 184
76 205
78 162
78 170
78 179
79 108
79 148
79 184
79 205
80 132
80 220
80 226
80 232
80 290
81 86
81 91
81 117
81 123
81 153
81 257
82 146
83 88
84 111
84 119
85 167
85 203
85 239
85 244
85 287
86 117
86 123
86 91
87 146
89 172
89 283
89 289
89 186
89 217
89 254
90 125
90 207
90 280
90 149
90 175
93 249
93 154
93 159
93 171
93 180
93 210
94 96
94 127
94 195
94 266
94 299
95 121
95 258
97 100
97 162
97 170
97 179
98 277
98 286
98 296
99 277
99 286
99 296
100 162
100 170
100 179
101 249
101 154
101 159
101 171
101 180
101 210
102 263
103 218
103 221
103 240
103 242
103 261
103 294
105 199
105 200
105 229
105 270
105 165
105 173
105 190
105 193
105 194
105 196
105 262
107 127
107 195
107 266
107 299
108 148
108 184
108 205
110 249
110 154
110 159
110 171
110 180
110 210
111 119
112 146
113 146
113 192
114 161
114 169
114 189
114 225
115 146
115 192
116 127
116 195
116 266
116 299
118 185
118 272
118 285
118 129
120 227
121 258
122 198
122 206
122 212
122 222
122 246
122 265
124 281
125 149
125 175
126 198
126 206
126 212
126 222
126 246
126 265
128 198
128 206
128 212
128 222
128 246
128 265
130 208
130 231
130 237
130 148
130 184
130 205
133 146
133 192
134 199
134 200
134 229
134 270
134 165
134 173
134 196
134 262
135 271
135 195
135 266
135 299
137 154
137 159
137 171
137 180
137 210
138 199
138 200
138 229
138 270
138 165
138 173
138 196
138 262
139 199
139 200
139 229
139 270
139 165
139 173
139 196
139 262
140 281
141 154
141 159
141 171
141 180
141 210
142 253
142 256
142 273
142 147
142 157
143 167
143 203
143 239
143 244
143 287
144 258
145 152
145 158
145 168
145 182
145 191
145 223
145 242
145 261
145 294
150 154
150 159
150 171
150 180
150 210
152 158
152 168
152 182
152 191
152 218
152 221
152 223
152 240
152 242
152 261
152 294
155 257
156 162
156 170
156 179
158 191
158 218
158 221
158 223
158 240
158 261
159 171
159 180
160 239
160 244
160 287
161 225
163 211
163 258
164 257
165 262
165 190
165 193
165 194
166 234
166 238
166 241
166 169
166 189
166 225
167 239
167 244
167 287
168 191
168 218
168 221
168 223
168 240
168 242
168 261
168 294
169 225
171 180
172 186
172 217
172 254
173 262
173 190
173 193
173 194
174 182
174 191
174 223
174 242
174 261
174 294
176 182
176 191
176 223
176 242
176 261
176 294
177 236
177 274
177 281
178 203
178 239
178 244
178 287
181 236
181 274
181 281
182 191
182 218
182 221
182 223
182 240
182 242
182 261
182 294
183 230
183 263
187 230
187 263
189 225
191 218
191 221
191 240
191 242
191 261
191 294
195 266
196 262
198 206
198 246
198 265
199 200
199 229
199 270
199 262
200 262
201 230
201 263
202 260
202 269
202 278
202 290
203 239
203 244
203 287
209 260
209 269
209 278
209 290
211 258
212 265
213 260
213 269
213 278
213 290
214 219
215 219
216 280
218 242
218 261
218 294
220 290
221 242
221 261
221 294
222 265
223 240
223 242
223 261
223 294
224 258
226 290
227 251
227 267
227 292
228 250
229 262
230 263
232 290
233 243
233 284
233 258
235 280
236 274
236 281
240 242
240 261
240 294
243 258
247 258
252 268
252 270
252 262
260 290
268 270
269 290
271 299
274 281
276 283
276 289
278 290
