heur059_n_300_m_7867
3 50
5 79
13 190
13 221
13 248
15 248
17 35
17 43
20 43
23 244
23 249
23 276
26 263
28 79
29 36
29 47
29 133
33 50
34 50
36 133
41 67
41 164
41 238
42 258
42 281
42 288
46 152
47 133
57 254
59 152
60 181
60 258
60 281
60 288
62 234
66 190
70 86
71 196
71 209
71 220
71 231
71 264
73 173
73 183
73 248
77 85
77 173
77 183
77 248
81 258
81 281
82 173
82 183
83 196
83 209
83 220
83 231
84 161
85 190
85 248
87 229
87 262
91 176
96 152
96 158
106 155
106 176
107 234
107 235
108 109
109 155
109 176
112 252
112 263
112 266
116 230
117 124
119 185
119 259
120 215
120 260
120 280
123 215
123 218
123 280
126 155
126 176
128 183
128 248
129 237
129 250
129 254
135 273
135 184
141 163
141 166
141 173
141 183
141 190
141 221
144 196
144 264
151 183
154 185
159 183
163 190
163 248
173 248
175 238
180 185
180 230
180 259
181 200
181 258
181 281
181 288
181 298
182 234
182 235
182 251
183 190
183 248
185 213
185 230
185 243
186 230
186 259
187 271
187 294
189 273
191 258
191 281
191 288
193 261
196 264
198 214
198 222
200 281
200 288
200 299
201 234
201 235
202 261
202 270
203 258
203 281
203 288
203 298
204 234
205 281
208 214
208 222
208 277
209 293
210 230
210 259
212 271
212 294
214 277
214 286
215 255
215 287
217 231
220 231
220 256
220 293
222 277
222 286
225 279
226 279
227 277
227 286
232 264
233 235
242 270
258 269
258 281
258 288
258 297
258 298
258 299
268 276
278 294
281 297
281 298
281 299
288 298
288 299
