heur056_n_300_m_12131
1 144
3 41
3 169
3 176
3 177
3 182
5 205
6 291
6 70
6 73
6 18
6 33
6 43
6 45
6 51
6 93
6 100
6 105
6 298
7 240
9 251
10 41
10 177
10 182
11 232
13 144
18 43
18 45
18 51
18 299
19 232
22 205
23 169
23 177
25 151
25 162
25 244
29 151
29 244
29 266
31 236
31 240
31 267
33 43
33 45
33 105
33 296
33 298
35 63
35 144
35 159
35 173
35 187
35 211
35 235
36 144
37 186
37 199
37 224
37 248
37 264
38 112
38 166
40 87
40 179
41 169
41 177
42 197
43 93
43 298
43 299
44 144
44 173
45 296
48 165
48 169
48 176
48 177
48 182
49 232
50 223
51 93
51 296
52 105
53 251
54 105
57 171
58 276
58 290
58 161
58 205
59 169
59 176
59 177
59 182
60 232
62 286
63 144
64 286
67 204
70 93
70 296
73 105
74 206
74 223
74 90
74 204
81 286
82 188
84 236
84 267
86 197
86 278
87 197
88 232
89 222
91 153
92 188
97 171
97 196
98 198
98 175
98 195
98 274
98 285
98 292
99 206
102 153
102 183
102 222
102 234
102 242
103 153
103 183
103 222
103 234
103 242
105 299
107 205
107 281
107 290
110 119
110 170
113 283
116 170
117 232
119 170
122 132
122 170
123 205
126 286
126 289
127 188
127 195
127 274
129 170
130 155
130 277
132 134
132 170
139 155
139 219
139 220
139 280
140 284
142 204
142 206
142 223
145 219
148 280
150 220
150 284
151 227
153 222
155 220
162 227
164 279
164 201
167 294
167 203
174 287
178 294
178 201
180 253
180 273
180 287
183 222
183 242
185 288
186 251
188 195
188 216
188 274
188 292
200 294
200 201
208 294
208 210
212 294
219 280
219 284
220 280
224 251
233 288
255 296
261 264
271 278
291 298
291 299
