heur044_n_300_m_3234
5 25
5 67
5 247
5 265
5 293
11 286
11 295
18 167
18 177
22 67
26 154
26 159
26 162
26 164
26 169
26 179
26 245
33 67
45 236
54 141
54 206
56 154
56 159
56 162
56 169
56 179
56 245
57 173
57 295
58 81
58 85
58 205
58 228
58 264
62 173
62 275
62 295
67 247
67 265
67 267
67 293
77 91
77 108
81 264
97 236
124 197
125 155
126 141
126 206
136 155
136 188
138 154
138 162
146 206
153 236
160 204
172 197
172 249
173 275
173 278
173 286
173 295
188 204
188 208
193 204
193 208
194 199
194 223
194 231
194 277
211 295
215 231
215 277
221 228
221 234
221 264
241 275
241 278
241 286
241 295
261 277
