heur042_n_300_m_5764
4 104
4 186
6 33
7 71
7 86
8 37
8 180
21 230
23 145
24 70
24 63
28 123
28 171
28 269
31 193
31 110
32 43
33 119
33 34
37 192
39 117
40 104
43 121
44 53
44 257
49 72
49 253
51 105
53 257
57 142
62 182
62 265
63 246
64 69
64 258
69 178
69 258
71 111
77 252
77 271
79 88
79 152
79 250
86 111
88 250
94 98
94 147
94 148
96 266
96 268
102 105
102 284
104 186
105 284
113 236
114 238
114 279
115 236
123 171
125 228
130 262
133 236
135 254
135 162
142 295
145 297
145 166
154 263
165 278
171 269
178 258
180 192
184 274
185 199
195 227
195 281
199 219
199 272
205 274
207 228
225 230
227 299
227 281
228 280
235 262
252 271
252 290
262 283
266 268
271 290
281 299
