heur042_n_300_m_5764
1 262
2 55
2 59
2 89
2 251
2 267
2 277
2 286
2 292
2 296
3 10
3 49
3 220
3 226
3 232
3 262
4 268
4 69
4 242
4 261
4 294
5 41
5 42
5 249
5 152
6 271
7 81
7 155
7 164
7 70
7 106
7 129
8 105
8 25
8 33
8 44
8 48
8 183
8 187
8 201
8 202
8 209
8 213
9 271
10 262
11 208
11 231
11 237
11 160
11 167
11 203
11 145
11 174
11 176
11 146
11 263
11 271
12 243
12 247
12 284
13 104
13 122
13 126
13 128
13 158
13 168
13 182
14 135
14 18
14 24
14 31
14 41
14 42
14 152
14 249
15 80
15 243
15 247
15 284
16 260
16 269
16 278
17 71
17 19
17 22
17 36
18 41
18 42
18 249
18 152
19 30
19 46
19 50
20 71
20 22
20 36
20 46
22 30
22 46
22 50
23 142
24 41
24 42
24 249
24 152
25 33
28 225
29 104
29 122
29 126
29 128
29 158
29 168
29 182
31 41
31 42
31 249
31 152
32 268
32 69
32 242
32 261
32 294
33 183
33 187
33 201
33 202
33 209
33 213
34 55
34 59
34 89
34 251
34 267
34 277
34 286
34 292
34 296
35 77
35 79
35 90
35 132
35 216
35 235
35 290
36 46
36 50
37 225
38 49
38 220
38 226
38 232
38 262
39 124
39 140
39 274
39 252
39 68
39 84
40 67
40 98
40 99
40 57
40 63
40 78
40 100
40 117
40 123
41 152
42 152
43 67
43 98
43 99
43 57
43 63
43 78
43 100
43 117
43 123
45 124
45 140
45 274
45 252
45 68
45 84
47 276
47 291
47 293
47 148
47 184
47 190
47 193
47 194
47 205
47 258
49 262
51 276
51 291
51 293
51 148
51 184
51 190
51 193
51 194
51 205
51 258
52 80
52 107
52 116
52 243
52 247
52 284
53 118
53 171
53 288
54 70
54 81
54 106
54 111
54 129
54 155
54 164
56 77
56 79
56 90
56 132
56 235
56 290
57 63
57 117
57 123
58 70
58 81
58 106
58 111
58 129
58 155
58 164
60 62
60 104
60 158
60 165
60 168
60 173
60 182
60 196
61 62
61 104
61 158
61 165
61 168
61 173
61 182
61 196
62 104
62 122
62 126
62 128
62 158
62 168
62 182
64 118
64 171
64 288
65 94
65 135
65 152
65 249
66 162
66 170
66 177
66 179
66 181
66 199
66 282
66 68
66 84
66 119
66 252
67 78
67 100
67 117
67 123
69 242
69 261
69 294
71 131
71 136
71 151
72 131
72 136
73 236
73 260
73 269
73 278
74 236
74 260
74 269
74 278
75 94
75 135
75 152
75 249
76 80
76 107
76 116
76 243
76 247
76 284
78 117
78 123
79 90
79 132
79 216
79 235
79 290
80 243
80 247
80 284
81 106
81 129
83 195
83 227
83 230
83 295
83 298
83 299
83 300
85 162
85 170
85 177
85 179
85 181
85 199
85 282
85 119
85 252
86 220
86 226
86 232
86 262
88 236
88 260
88 269
88 278
90 132
90 290
91 106
91 111
91 129
91 155
91 164
92 163
92 224
92 233
92 225
93 154
93 163
93 180
93 224
93 233
93 225
94 135
94 152
94 249
95 178
95 118
95 171
95 288
97 103
97 191
97 223
97 172
97 283
97 289
97 253
97 256
97 273
98 100
98 117
98 123
99 100
99 117
99 123
100 117
100 123
101 154
101 163
101 180
101 224
101 233
101 225
102 276
102 291
102 293
102 148
102 184
102 190
102 193
102 194
102 205
102 258
103 172
103 283
103 289
103 253
103 256
103 273
104 165
104 173
104 196
105 183
105 187
105 201
105 202
105 209
105 213
107 243
107 247
107 284
108 116
108 243
108 247
108 284
109 112
110 154
110 163
110 180
110 224
110 233
110 225
111 155
111 164
111 129
113 219
113 132
113 216
113 235
113 290
114 166
114 297
114 142
115 219
115 132
115 216
115 235
115 290
116 243
116 247
116 284
119 124
119 140
119 274
119 252
120 158
120 165
120 168
120 173
120 182
120 196
121 268
121 242
121 261
121 294
122 158
122 168
122 182
122 165
122 173
122 196
124 252
125 166
125 297
125 142
126 168
126 182
126 165
126 173
126 196
128 158
128 168
128 182
128 165
128 173
128 196
130 135
130 152
130 249
133 219
133 216
133 235
133 290
134 268
134 242
134 261
134 294
135 152
135 249
137 198
137 212
137 222
137 147
137 157
138 268
138 242
138 261
138 294
139 268
139 242
139 261
139 294
140 252
141 198
141 212
141 222
141 147
141 157
143 162
143 170
143 177
143 179
143 181
143 199
143 282
143 252
144 178
144 171
144 288
145 146
145 263
145 271
146 271
149 195
149 227
149 230
149 295
149 298
149 299
149 300
150 198
150 212
150 222
150 157
153 220
153 226
153 232
153 262
154 163
154 224
154 233
154 225
156 191
156 223
156 172
156 283
156 289
156 253
156 256
156 273
158 165
158 173
158 196
159 211
159 178
159 171
159 288
160 174
160 176
160 263
160 271
161 266
162 199
162 252
162 274
163 225
167 174
167 176
167 263
167 271
168 173
168 196
169 266
170 199
170 252
170 274
171 288
172 253
172 256
172 273
174 263
174 271
175 195
175 227
175 230
175 295
175 298
175 299
175 300
176 263
176 271
177 179
177 199
177 252
177 274
178 288
179 199
179 252
179 274
180 224
180 233
180 225
181 199
181 252
181 274
182 196
185 206
185 246
185 255
185 259
185 265
185 279
186 236
186 260
186 269
186 278
188 200
188 229
188 270
189 266
190 258
190 205
191 283
191 289
191 253
191 256
191 273
192 201
192 202
192 209
192 213
193 258
193 205
194 258
194 205
195 295
195 298
195 300
195 227
195 230
197 200
197 229
197 270
199 252
199 274
200 239
200 244
200 287
203 263
203 271
204 229
204 270
206 255
206 259
206 279
207 297
208 263
208 271
210 211
210 288
211 288
214 280
214 297
215 280
215 297
216 290
217 236
217 260
217 269
217 278
218 266
219 235
219 290
220 262
221 266
223 283
223 289
223 253
223 256
223 273
224 225
226 262
227 230
228 229
228 239
228 244
228 270
228 281
228 287
229 239
229 244
229 287
231 263
231 271
232 262
234 272
234 285
234 246
234 265
235 290
236 260
236 269
236 278
237 263
237 271
238 272
238 285
238 246
238 265
240 266
241 272
241 285
241 246
241 265
245 280
245 297
246 255
246 259
246 279
248 266
250 283
250 289
250 253
250 256
250 273
254 260
254 269
254 278
257 262
263 271
264 266
265 279
268 294
270 287
272 279
280 297
281 287
299 300
