heur056_n_300_m_12131
1 38
1 39
1 46
1 77
1 112
1 166
2 52
2 70
2 73
2 136
2 140
2 155
3 150
3 94
3 214
4 200
4 208
4 212
4 13
4 179
4 197
4 278
6 80
6 120
6 141
6 69
6 108
6 125
7 18
7 294
8 245
8 248
8 251
8 258
8 262
8 264
9 67
9 74
9 213
9 220
9 227
9 266
10 94
10 214
11 237
11 244
11 247
11 15
11 20
11 28
11 89
11 91
11 102
12 294
13 179
13 197
13 278
14 245
14 248
14 251
14 258
14 262
14 264
15 102
15 272
15 275
15 297
16 200
16 208
16 212
16 179
16 197
16 278
17 186
17 199
17 224
17 98
17 109
17 127
18 279
18 294
19 237
19 244
19 247
19 20
19 28
19 89
19 91
19 102
20 272
20 275
20 297
21 52
21 70
21 73
21 136
21 140
21 155
22 299
23 150
23 94
23 214
24 200
24 208
24 212
24 179
24 197
24 278
25 43
25 51
25 34
25 63
25 39
25 46
25 77
25 112
25 166
25 274
25 285
25 292
26 245
26 248
26 251
26 258
26 262
26 264
27 79
27 84
27 95
27 110
27 122
27 129
28 272
28 275
28 297
29 45
29 51
29 34
29 63
29 39
29 46
29 77
29 112
29 166
29 274
29 285
29 292
30 79
30 84
30 95
30 110
30 122
30 129
31 33
31 282
31 294
32 43
32 34
32 63
32 39
32 46
32 77
32 112
32 166
32 274
32 285
32 292
33 279
33 282
33 294
34 38
34 39
34 46
34 77
34 112
34 166
35 48
35 59
35 159
35 211
35 235
36 48
36 59
36 222
36 242
37 67
37 74
37 213
37 219
38 274
38 285
38 292
38 112
38 166
39 274
39 285
39 292
40 139
40 175
40 195
40 216
40 138
40 143
40 149
41 222
41 159
41 211
41 235
42 175
42 195
42 216
42 138
42 143
42 149
43 46
43 77
43 112
43 166
44 48
44 59
44 222
44 234
44 242
45 63
45 46
45 77
45 112
45 166
45 274
45 285
46 274
46 285
46 292
47 186
47 199
47 224
47 98
47 109
47 127
48 222
48 234
48 242
48 159
48 211
48 235
49 237
49 244
49 247
49 89
49 91
49 102
50 219
50 220
51 63
51 77
51 112
51 166
51 274
51 285
51 292
52 155
52 160
52 171
52 196
53 67
53 74
53 213
53 219
53 220
53 225
53 227
53 266
54 294
55 186
55 199
55 224
55 98
55 109
55 127
56 70
56 73
56 136
56 140
56 155
57 97
57 186
57 199
57 224
57 98
57 109
57 127
58 276
58 290
58 298
58 299
59 222
59 242
59 159
59 211
59 235
60 268
60 271
60 295
61 79
61 84
61 95
61 110
61 122
61 129
62 151
62 162
63 77
63 112
63 166
64 162
65 85
65 106
65 121
65 217
65 218
65 231
65 241
65 252
65 254
67 213
67 219
67 227
67 266
68 82
68 92
68 96
68 107
68 123
68 131
68 163
68 184
68 246
70 140
70 160
70 171
70 196
71 198
71 226
71 229
71 269
71 270
72 245
72 258
72 262
73 160
73 171
73 196
74 219
74 227
74 266
75 198
75 229
75 269
75 270
76 82
76 92
76 96
76 107
76 123
76 131
76 163
76 184
78 245
78 258
78 262
79 110
79 122
79 129
81 151
81 162
82 163
82 184
82 246
82 107
82 123
82 131
84 110
84 122
84 129
86 139
86 148
86 175
86 195
86 216
86 138
86 143
86 149
87 188
87 198
87 226
87 229
87 261
87 269
87 270
88 268
88 271
88 295
89 272
89 275
89 297
90 106
90 121
90 217
90 218
90 231
90 241
90 252
90 254
91 272
91 275
91 297
92 163
92 184
92 246
92 107
92 123
92 131
95 129
96 163
96 184
96 246
96 107
96 123
96 131
97 186
97 199
97 224
97 98
97 109
97 127
99 294
100 142
100 294
102 272
102 275
102 297
103 202
103 256
103 260
103 288
104 202
104 256
104 260
104 288
105 294
111 202
111 256
111 260
111 288
113 238
113 255
113 291
113 118
113 239
113 257
113 293
114 255
114 291
114 118
114 239
114 257
114 293
115 186
115 199
115 224
115 127
116 169
116 117
116 268
117 268
117 271
117 295
119 169
119 182
119 268
124 189
124 207
124 215
124 151
126 255
126 291
126 239
126 257
126 293
128 214
130 175
130 195
130 216
130 138
130 143
130 149
132 169
132 176
132 271
132 295
133 245
133 258
133 262
134 189
134 207
134 215
135 174
135 180
135 190
136 160
136 171
136 196
137 163
137 184
137 246
139 175
139 195
139 216
139 143
139 149
140 160
140 171
140 196
142 279
142 282
142 294
144 145
144 214
145 214
146 174
146 180
146 190
147 181
147 185
147 233
148 175
148 195
148 216
148 149
150 214
152 168
152 177
152 277
152 280
152 286
153 238
153 255
153 291
153 239
153 257
153 293
154 239
154 257
154 293
155 160
155 171
155 196
157 168
157 177
157 206
158 168
158 177
158 286
161 181
161 185
161 233
161 200
164 172
164 192
164 228
164 202
164 256
164 260
164 288
165 286
167 172
167 192
167 228
167 202
167 256
167 260
167 288
168 177
168 193
168 206
168 223
168 230
168 277
168 280
168 283
168 284
168 286
168 289
170 189
170 207
170 215
172 202
173 214
177 223
177 230
177 283
177 284
177 286
177 289
178 192
178 228
178 202
178 256
178 260
178 288
181 197
181 200
181 208
181 212
181 278
182 295
183 238
183 255
183 291
183 239
183 257
183 293
185 197
185 200
185 208
185 212
185 278
187 214
188 229
188 269
188 270
192 202
193 206
193 277
193 283
193 284
193 286
198 229
198 269
198 270
198 249
198 261
198 265
200 278
201 243
201 250
201 253
201 273
201 287
201 300
201 240
202 256
202 260
202 288
203 243
203 250
203 300
204 217
204 218
204 231
204 241
204 252
204 254
205 233
205 208
205 278
206 277
206 286
206 289
210 243
210 250
210 253
210 273
210 300
210 236
213 225
213 266
219 227
219 266
220 227
220 266
221 237
221 244
221 247
222 235
226 229
226 269
226 270
226 249
226 261
226 265
229 249
229 261
229 265
230 280
230 284
231 252
232 237
232 244
232 247
232 272
232 275
232 297
233 278
237 272
237 275
237 297
238 239
238 257
238 293
241 252
243 253
243 273
243 287
243 267
244 272
244 275
244 297
247 272
247 275
247 297
248 258
248 262
250 253
250 273
250 287
250 267
253 267
255 257
255 293
280 283
280 286
284 286
290 296
291 293
