heur059_n_300_m_7867
1 157
1 185
1 259
1 237
1 250
1 254
1 73
1 82
1 85
2 13
2 15
3 201
3 204
3 233
3 72
3 91
3 106
3 109
3 168
4 157
4 185
4 259
4 237
4 250
4 254
4 73
4 82
4 85
5 215
5 218
5 280
5 9
5 55
5 19
5 76
5 132
5 142
6 51
7 181
7 191
7 203
7 239
7 89
7 124
7 125
8 110
8 122
8 195
8 88
8 99
8 104
8 131
8 145
8 146
8 150
8 156
8 257
9 19
9 76
9 132
9 142
10 57
10 129
10 26
10 112
11 298
11 299
11 169
11 202
12 51
14 51
16 224
16 236
16 267
16 51
17 97
17 138
17 139
17 84
17 98
17 105
17 171
18 93
18 20
18 84
18 97
18 98
18 105
18 138
18 139
18 171
19 76
19 132
19 142
20 97
20 138
20 139
20 84
20 98
20 105
20 171
21 41
21 44
21 87
21 92
21 100
21 175
21 241
21 75
21 78
21 160
22 297
22 298
22 299
22 169
22 193
22 202
23 265
23 37
23 61
23 228
23 290
24 101
24 130
24 240
24 268
24 296
25 49
25 54
25 122
25 195
25 88
25 99
25 104
25 131
25 145
25 146
25 150
25 156
25 257
26 66
27 143
27 275
27 295
28 215
28 218
28 280
28 55
28 76
28 142
29 224
29 236
29 267
29 51
30 74
30 140
30 181
30 191
30 203
30 239
30 89
30 124
30 125
31 39
31 129
31 112
31 66
33 201
33 204
33 233
33 72
33 91
33 106
33 109
33 168
34 201
34 204
34 233
34 72
34 91
34 106
34 109
34 168
35 101
35 130
35 240
35 268
35 296
36 275
37 219
37 228
37 290
39 112
40 187
40 52
40 61
40 86
40 219
40 228
40 265
40 290
41 92
41 100
41 241
41 75
41 78
41 160
42 216
42 275
42 282
42 295
43 101
43 130
43 240
43 268
43 274
43 296
44 92
44 100
44 241
44 75
44 78
44 160
45 244
45 249
45 276
45 217
45 220
45 232
46 108
46 126
46 206
46 50
46 80
46 217
46 220
46 232
46 244
46 249
46 276
47 216
47 282
48 157
48 185
48 237
48 250
48 254
48 259
48 73
48 82
48 85
49 122
49 195
49 99
49 104
49 131
49 145
49 146
49 150
49 257
50 244
50 249
50 276
50 217
50 220
50 232
52 265
52 61
53 114
53 149
53 197
53 234
53 235
53 251
54 110
54 122
54 195
54 88
54 99
54 104
54 131
54 145
54 146
54 150
54 156
54 257
55 76
55 132
55 142
56 93
56 84
56 97
56 98
56 105
56 138
56 139
56 171
57 112
58 129
58 112
58 66
59 108
59 126
59 206
59 80
59 217
59 220
59 232
59 244
59 249
59 276
60 199
60 230
60 282
60 295
61 219
61 228
61 290
62 94
62 102
62 114
62 149
62 197
62 234
63 272
63 284
63 285
63 261
63 270
63 279
64 298
64 299
64 169
64 193
64 202
65 74
65 140
65 181
65 191
65 203
65 239
65 89
65 124
65 125
67 300
67 190
67 248
67 155
67 176
68 133
69 86
69 219
69 228
69 265
69 290
71 79
71 90
71 95
71 103
71 118
71 127
71 133
71 153
72 168
74 181
74 191
74 203
74 239
74 89
74 124
74 125
77 200
77 205
77 258
77 152
79 103
79 118
79 127
79 133
79 153
80 244
80 249
80 276
80 217
80 220
80 232
81 216
81 282
83 90
83 95
83 103
83 118
83 127
83 133
83 153
86 265
86 228
87 175
87 92
87 100
87 241
87 160
88 150
88 257
91 168
92 160
93 97
93 98
93 105
93 138
93 139
93 171
94 114
94 149
94 197
94 234
94 235
94 251
95 127
95 133
95 153
96 108
96 126
96 206
96 217
96 220
96 232
96 244
96 249
96 276
97 98
97 105
97 171
98 171
99 145
99 150
99 257
99 104
99 146
99 156
100 160
101 268
101 274
101 296
102 114
102 149
102 197
102 234
102 235
102 251
105 171
106 168
107 114
107 149
107 197
107 234
107 235
108 232
108 244
108 249
108 276
109 168
110 131
110 150
110 257
111 165
111 224
111 236
111 267
113 161
113 167
113 170
113 179
114 234
114 235
114 251
115 186
115 210
115 161
115 162
115 167
115 170
115 179
116 126
116 206
116 217
116 232
116 249
116 276
117 120
117 123
117 137
117 225
117 226
117 242
118 133
119 126
119 206
119 217
119 220
119 232
119 244
119 249
119 276
120 225
120 226
120 242
121 192
121 194
121 211
122 131
122 145
122 150
122 257
123 225
123 226
123 242
126 217
126 220
126 232
126 244
126 249
126 276
127 133
128 200
128 205
128 258
128 152
128 209
130 268
130 274
130 296
131 145
131 150
131 257
131 146
131 156
134 138
134 139
134 171
135 165
135 224
135 236
135 267
136 137
136 225
136 226
136 242
137 226
137 242
138 171
139 171
140 181
140 191
140 203
140 239
141 198
141 208
141 227
141 166
141 173
141 183
141 255
141 260
141 271
141 287
141 292
141 294
143 275
144 153
145 146
145 156
147 209
148 186
148 210
148 161
148 167
148 172
148 179
148 263
148 266
149 234
149 235
149 251
150 156
151 198
151 227
151 183
151 271
151 292
151 294
152 196
152 209
152 231
154 161
154 162
154 167
154 170
154 179
155 192
155 194
155 211
157 237
157 250
157 254
159 198
159 227
159 183
159 271
159 292
159 294
162 252
162 263
162 167
162 179
163 258
163 209
164 300
164 190
164 221
164 248
164 223
164 229
164 262
164 176
164 211
165 224
165 236
165 267
166 271
166 292
166 294
170 252
170 263
170 179
172 263
172 179
173 255
173 271
173 287
173 292
173 294
174 193
174 202
174 297
174 298
174 299
175 241
176 192
176 194
176 211
177 187
177 212
177 278
177 219
177 228
177 265
177 290
178 225
178 242
180 206
180 217
180 220
180 232
180 244
180 249
180 276
181 239
182 197
182 234
182 235
182 251
183 255
183 260
183 271
183 287
183 292
183 294
184 193
184 202
184 297
184 298
184 299
185 254
186 263
187 228
187 265
187 290
188 193
188 202
188 297
188 298
188 299
189 224
189 236
189 267
190 229
190 262
190 192
190 194
190 211
191 239
195 257
197 234
197 235
197 251
198 255
198 260
198 287
198 294
199 275
199 295
203 239
206 217
206 232
206 244
206 249
206 276
207 293
207 225
207 226
207 242
208 287
208 294
210 263
212 219
212 228
212 265
212 290
214 256
214 264
214 293
214 225
214 226
214 242
216 275
216 282
221 262
222 256
222 264
222 293
222 226
222 242
227 255
227 260
227 271
227 287
227 292
227 294
238 300
238 248
238 262
240 268
240 274
240 296
243 282
245 277
245 286
245 291
245 261
245 270
245 272
245 279
245 284
245 285
246 277
246 286
246 291
246 261
246 270
246 272
246 279
246 284
246 285
247 277
247 286
247 289
247 291
247 261
247 270
247 272
247 279
247 285
248 262
253 296
255 271
255 292
255 294
260 271
260 292
260 294
265 290
269 283
272 279
273 296
277 291
277 284
277 285
278 290
281 283
281 296
283 296
286 291
287 292
287 294
288 296
289 291
