heur044_n_300_m_3234
2 123
2 147
2 197
2 249
3 58
3 122
3 130
3 221
3 128
4 120
4 124
4 139
4 142
4 172
4 224
4 290
5 47
5 87
5 131
5 284
6 112
6 113
6 127
6 191
7 294
7 19
7 31
7 34
7 48
8 87
9 22
9 33
9 47
9 87
9 103
9 131
9 284
12 112
12 113
12 127
12 191
13 47
13 87
13 103
13 131
13 284
14 106
14 170
14 203
14 243
15 19
15 31
15 34
15 48
15 294
16 132
16 254
16 256
16 271
16 287
16 81
16 85
16 112
16 113
16 127
16 133
16 163
16 191
17 90
17 116
17 24
17 42
17 58
17 59
17 122
17 128
17 130
17 221
18 64
18 291
20 36
20 75
20 230
20 199
20 223
20 231
20 277
21 120
21 124
21 139
21 142
21 172
21 224
21 290
22 47
22 87
22 131
22 284
24 58
24 122
24 130
24 221
24 128
25 132
25 256
25 287
25 81
25 85
25 112
25 113
25 127
25 133
25 163
25 191
26 90
26 116
26 42
26 58
26 59
26 122
26 128
26 130
26 221
27 57
27 60
27 62
27 211
27 241
28 162
28 164
28 179
28 245
28 237
28 246
28 258
28 260
28 272
28 279
28 292
28 296
29 114
29 118
29 137
29 182
29 281
29 259
30 171
30 54
30 105
30 126
30 146
30 173
32 101
32 285
32 110
32 144
32 174
32 242
32 266
33 47
33 87
33 131
33 284
35 120
35 124
35 139
35 142
35 172
35 224
35 290
36 230
36 75
36 199
36 223
36 231
36 277
37 132
37 256
37 287
37 81
37 85
37 112
37 113
37 127
37 133
37 163
37 191
38 175
38 192
38 194
38 215
38 219
38 261
38 269
38 299
39 184
39 209
39 213
39 251
39 150
39 155
39 185
40 100
40 157
40 43
41 123
41 147
41 197
41 249
42 58
42 122
42 130
42 221
42 128
44 49
44 123
44 147
44 197
44 249
45 63
45 94
45 104
45 100
45 157
46 161
46 247
46 265
46 267
46 293
46 49
46 123
46 147
46 197
46 214
46 249
47 87
49 123
49 197
49 249
50 132
50 256
50 287
50 81
50 85
50 112
50 113
50 127
50 133
50 163
50 191
51 177
51 181
51 83
51 101
51 110
51 144
51 174
51 233
51 242
51 266
51 285
52 61
52 66
52 200
52 201
52 222
52 236
52 252
52 270
52 300
53 218
53 225
53 238
53 240
53 255
53 268
53 274
53 280
54 173
55 100
55 157
56 90
56 116
56 58
56 59
56 122
56 128
56 130
56 221
58 128
59 122
59 130
59 221
59 128
60 62
60 211
60 241
61 300
63 100
63 157
65 211
65 241
66 300
67 132
67 256
67 287
67 81
67 85
67 112
67 113
67 127
67 133
67 163
67 191
68 119
68 156
68 207
68 212
68 121
69 70
69 143
69 187
69 294
70 294
71 238
71 240
71 255
71 268
71 274
71 280
72 200
72 201
72 222
72 236
72 252
72 270
72 300
73 129
73 176
73 257
74 291
75 199
75 223
75 231
75 277
76 211
76 241
77 200
77 201
77 222
77 236
77 252
77 270
77 300
78 175
78 192
78 194
78 215
78 219
78 261
78 269
78 299
79 184
79 209
79 213
79 251
79 185
79 188
80 205
80 228
80 234
80 264
80 165
80 232
80 250
80 298
80 145
80 166
80 220
80 244
81 112
81 113
81 127
81 191
82 102
82 186
82 195
82 129
82 176
82 257
83 101
83 285
83 110
83 144
83 174
83 242
83 266
84 143
84 187
84 294
85 112
85 113
85 127
85 191
86 291
88 102
88 186
88 195
88 129
88 176
88 257
89 102
89 186
89 195
89 129
89 176
89 257
90 122
90 128
90 130
90 221
91 275
91 278
91 286
91 295
92 275
92 278
92 286
92 295
93 131
93 284
94 100
94 157
95 120
95 124
95 139
95 142
95 172
95 224
95 290
96 263
96 211
96 241
97 104
97 100
97 157
98 275
98 278
98 286
98 295
99 114
99 118
99 137
99 182
99 281
99 259
101 110
101 144
101 174
101 242
101 266
102 129
102 176
102 257
103 131
103 284
104 157
105 173
107 238
107 240
107 255
107 268
107 274
107 280
108 275
108 278
108 286
108 295
109 140
109 153
109 157
111 114
111 118
111 137
111 182
111 281
111 259
114 118
114 137
114 182
114 281
114 259
115 283
115 211
115 241
115 263
116 122
116 128
116 130
116 221
117 291
118 259
119 121
120 142
120 124
120 139
120 172
120 290
122 128
125 278
126 173
132 254
132 256
132 271
132 287
132 133
132 163
132 191
133 191
134 284
135 202
135 170
135 203
135 243
136 278
137 259
138 221
140 157
141 184
141 209
141 213
141 251
141 160
141 185
141 188
142 172
142 290
143 294
145 244
145 166
145 220
146 173
148 156
148 207
148 212
149 291
150 185
151 177
151 181
151 174
151 233
151 242
151 266
151 285
152 167
152 177
152 181
152 183
152 210
152 174
152 233
152 242
152 266
153 157
154 170
154 202
154 203
154 243
155 185
158 283
158 211
158 241
158 263
159 170
159 202
159 203
159 243
160 185
161 247
161 265
161 267
161 293
161 197
161 214
161 249
162 258
162 260
162 272
162 296
163 191
164 258
164 260
164 272
164 296
165 166
165 220
165 244
167 181
167 174
167 233
167 242
167 266
167 285
168 171
168 173
169 170
169 202
169 203
169 243
171 173
174 242
174 266
175 192
175 194
175 215
175 261
177 181
177 233
177 242
177 266
177 285
178 207
178 212
179 258
179 260
179 272
179 296
180 204
180 208
180 207
180 212
181 233
181 242
181 266
181 285
182 259
183 233
183 242
183 266
183 285
184 185
184 188
186 257
187 294
189 291
190 210
190 233
190 242
190 266
193 278
193 286
195 257
196 215
196 219
196 261
196 269
196 299
198 257
200 252
200 201
200 300
201 300
202 203
202 243
204 207
204 212
205 232
205 250
205 298
205 220
205 244
206 209
206 213
206 251
208 212
210 233
210 242
210 266
210 285
214 249
216 228
216 232
216 234
216 250
216 264
216 298
216 220
216 244
217 291
219 261
222 252
222 300
224 290
226 291
227 261
227 269
227 299
228 232
228 250
228 298
228 244
229 238
229 240
229 255
229 268
229 274
229 280
230 231
230 277
232 244
233 285
233 242
233 266
234 250
234 298
234 244
235 291
236 252
236 300
237 258
237 260
237 272
237 296
239 243
240 268
240 274
245 246
245 258
245 260
245 272
245 296
246 258
246 260
246 272
246 296
247 249
248 275
248 278
248 286
248 295
250 298
252 300
253 294
255 268
255 274
262 283
262 263
264 298
270 300
273 281
273 289
276 281
276 289
279 296
282 289
288 289
292 296
