heur046_n_300_m_13150
1 266
1 34
1 80
1 269
2 126
3 27
4 60
4 292
4 41
4 197
5 261
5 9
5 52
5 263
5 94
5 226
5 213
5 282
6 16
6 112
6 175
6 177
6 256
7 193
7 234
7 236
7 276
7 277
7 93
7 174
7 212
7 114
7 191
7 231
8 49
9 263
9 94
9 213
10 281
10 100
10 201
12 220
12 244
12 186
12 21
12 284
14 252
14 92
14 136
14 149
14 223
14 163
14 265
15 300
15 19
15 27
15 99
15 104
15 233
15 245
15 258
16 256
16 112
17 272
17 53
17 297
18 71
18 116
18 144
18 207
18 182
18 214
18 215
19 27
20 40
20 90
20 159
20 160
20 178
20 208
20 260
20 228
22 30
22 41
22 197
23 161
23 246
23 253
23 297
24 82
24 132
24 155
24 210
24 70
24 137
24 251
24 287
25 38
26 111
26 187
26 281
26 283
26 286
26 91
26 100
26 201
28 45
28 95
28 96
28 140
28 266
28 34
28 80
28 254
28 269
29 128
29 176
29 56
29 142
29 145
30 211
30 292
30 41
30 197
30 267
31 61
32 290
32 300
32 99
32 104
32 245
32 258
33 189
33 185
33 44
33 165
33 202
34 254
34 80
34 269
35 293
35 38
35 97
35 198
35 237
35 268
36 86
36 89
36 92
36 223
36 252
36 163
36 265
38 237
38 97
38 198
38 268
39 166
39 280
39 133
39 135
39 156
39 257
39 294
40 124
40 90
40 159
40 160
40 178
40 208
40 260
40 228
41 197
41 267
42 71
42 116
42 144
42 153
42 182
42 214
43 162
43 130
43 250
43 69
43 216
43 242
43 273
43 121
43 181
43 190
44 202
44 222
44 165
44 184
44 48
45 58
45 266
45 80
45 269
46 219
46 127
46 62
46 77
46 117
46 146
46 199
46 200
46 285
47 148
47 109
47 87
47 102
47 103
47 113
47 249
47 279
47 299
49 204
49 192
50 56
50 122
50 128
50 142
50 145
50 176
50 217
51 91
51 100
51 201
52 263
52 94
53 297
53 278
54 235
54 61
54 101
54 288
55 60
55 211
56 72
56 98
56 142
56 145
56 217
57 298
57 108
57 157
58 80
58 254
58 269
59 129
59 168
59 218
59 227
59 108
59 157
59 204
59 241
60 292
60 267
61 288
62 77
62 285
63 108
63 241
64 170
65 141
65 120
65 88
65 224
65 270
65 151
66 101
66 206
66 288
67 68
67 88
67 115
67 120
67 141
67 224
68 105
68 115
68 120
68 141
68 151
68 224
69 273
69 216
69 242
69 119
69 121
69 181
69 190
70 137
70 289
71 144
71 116
71 153
71 182
71 214
72 142
72 145
73 84
73 83
73 81
73 255
73 138
73 152
73 170
73 230
73 240
74 108
74 157
75 147
75 290
75 300
75 99
75 104
75 233
75 245
75 258
76 85
76 186
76 196
76 220
76 244
76 274
76 284
77 199
77 285
78 173
78 259
78 107
78 126
79 116
79 182
79 214
80 269
81 255
81 138
81 152
81 170
81 195
81 230
81 240
82 132
82 155
82 137
82 251
82 287
83 255
83 138
83 152
83 170
83 195
83 230
83 240
84 138
84 152
84 170
84 195
84 230
85 186
85 220
85 244
85 274
85 284
86 252
86 163
87 167
87 134
88 224
88 270
88 151
89 149
89 163
90 159
90 208
90 228
91 201
92 136
92 223
92 106
92 163
92 265
93 174
93 212
93 114
93 191
94 213
95 269
96 140
96 264
96 188
96 266
96 254
96 269
97 198
97 268
98 145
100 201
101 206
101 288
102 113
102 299
102 103
102 134
103 167
105 115
105 120
105 224
106 163
107 221
107 126
108 241
108 271
108 157
108 204
109 113
109 134
109 167
109 279
109 299
110 165
111 187
111 283
111 281
111 201
113 299
113 134
113 167
114 231
115 120
115 141
115 224
115 270
115 151
116 153
116 182
116 214
116 215
118 148
118 134
118 167
118 249
118 279
118 299
119 181
119 190
120 270
120 151
121 181
121 190
122 176
122 142
122 145
122 217
124 159
124 160
124 178
124 208
125 197
127 146
127 199
127 200
127 285
128 176
128 142
128 145
128 217
129 168
129 227
129 298
129 157
129 192
129 204
129 241
129 271
130 250
130 216
130 242
130 181
130 190
131 143
131 198
131 268
131 293
132 155
132 210
132 137
132 251
133 257
133 296
133 248
133 194
133 294
133 135
136 163
137 251
137 287
137 289
138 195
138 230
138 240
140 264
140 266
140 269
141 224
141 270
141 151
142 217
142 145
143 169
143 198
143 237
143 268
143 293
144 153
144 182
144 214
146 285
147 233
147 245
148 167
148 249
148 279
148 299
149 163
153 182
153 214
154 275
154 238
154 189
154 185
154 165
154 184
154 202
155 210
155 251
155 287
156 257
156 296
156 248
156 194
157 192
157 204
158 206
158 288
159 160
159 208
159 178
159 228
160 228
161 246
161 278
161 297
162 250
162 216
162 242
162 273
162 181
163 265
164 281
164 201
165 184
166 280
166 194
166 247
166 248
166 257
166 294
168 227
168 298
168 192
168 204
168 241
168 271
169 268
171 210
171 251
171 289
172 261
172 263
173 259
173 209
173 221
174 212
174 191
174 231
175 256
176 217
178 228
179 291
179 219
179 199
179 225
179 285
180 227
180 298
180 192
180 204
180 241
180 271
181 190
182 215
183 209
183 221
183 259
185 202
185 222
186 274
186 196
186 284
187 283
187 281
187 201
188 266
188 269
189 202
189 222
191 231
193 236
193 276
193 212
194 294
195 230
195 240
196 284
197 267
198 268
199 285
200 225
200 285
203 205
203 246
203 297
205 246
205 253
205 272
205 278
205 297
206 288
207 214
207 215
208 228
210 251
210 287
212 231
214 215
216 242
219 225
219 285
220 244
220 284
224 270
225 285
227 298
227 241
227 271
229 261
229 263
230 240
232 280
232 248
232 257
232 294
232 296
233 245
233 258
234 236
234 276
234 277
235 262
235 288
236 276
236 277
237 268
243 268
244 284
245 258
246 253
246 272
246 297
247 257
247 294
248 294
249 299
250 273
252 265
253 278
253 297
254 269
257 296
257 294
261 282
262 288
263 282
264 266
264 269
266 269
272 297
274 284
276 277
279 299
287 289
