heur050_n_300_m_19207
3 281
3 199
4 207
4 155
5 182
6 150
7 89
10 300
12 195
17 275
18 192
20 68
21 202
21 69
23 254
24 152
25 137
29 58
29 288
31 121
33 125
34 105
35 198
35 286
36 91
36 195
38 82
38 92
41 254
43 283
44 201
45 245
45 277
46 116
47 247
47 132
48 157
54 254
55 251
56 200
56 172
58 271
59 290
60 230
61 194
64 152
64 296
65 157
67 277
68 142
71 268
71 254
73 222
73 188
73 269
74 222
74 296
75 97
76 146
77 242
81 101
81 248
81 133
82 220
82 211
83 225
85 262
86 176
86 274
87 179
87 167
88 219
89 209
91 154
93 286
93 140
94 256
95 188
96 137
96 177
97 204
98 184
100 224
100 285
102 231
108 187
109 190
110 291
112 207
114 183
114 185
116 201
119 210
119 143
119 284
119 220
120 267
121 266
122 195
122 159
125 223
126 182
126 287
128 161
129 171
130 148
134 293
139 271
144 208
149 239
150 282
151 229
151 270
157 263
161 287
164 249
165 246
168 279
173 205
173 250
179 273
180 251
181 260
182 213
182 249
185 255
193 274
195 223
197 256
200 280
202 278
208 251
208 257
212 258
218 292
221 293
222 266
225 253
232 281
236 299
238 278
242 252
242 274
247 294
270 284
