heur049_n_300_m_17695
1 63
2 256
3 281
5 182
5 181
6 150
7 89
10 300
10 282
12 195
13 151
13 55
14 41
16 139
16 81
16 162
17 275
18 192
19 265
20 157
21 153
21 69
21 230
23 254
24 152
25 137
27 156
28 163
29 184
29 298
30 171
30 227
31 121
32 298
34 105
35 198
35 56
37 212
37 80
38 82
38 92
39 124
42 125
43 107
43 228
43 283
44 201
45 245
45 225
47 247
47 207
48 157
49 231
52 214
52 288
54 254
54 229
55 251
55 233
55 113
56 134
58 236
59 249
59 290
60 230
61 194
61 290
64 152
64 228
67 277
69 82
71 97
72 295
72 186
75 97
75 262
77 242
78 295
82 178
82 282
83 225
83 123
84 202
86 176
86 277
88 219
89 294
91 246
93 286
93 183
94 256
95 157
95 222
96 137
96 170
97 204
100 224
100 285
104 259
104 163
107 181
108 187
110 274
112 242
112 255
112 207
116 268
120 206
120 267
122 195
122 224
125 223
134 277
138 226
143 242
143 220
144 166
144 256
147 295
147 287
147 178
149 239
151 176
152 169
157 263
157 193
159 179
161 258
161 222
163 211
175 211
191 296
218 292
233 291
238 260
