heur051_n_300_m_20122
2 226
3 223
5 232
6 204
7 276
7 298
7 211
8 183
11 294
11 219
11 168
12 215
12 286
13 196
16 235
17 277
19 295
21 182
22 247
25 161
26 185
28 150
30 150
30 163
34 232
34 228
34 299
35 226
40 235
41 214
43 243
44 156
47 221
48 255
48 178
49 258
51 279
52 238
53 148
55 240
55 296
58 202
58 289
59 144
62 256
62 274
63 158
64 250
65 163
65 153
67 264
70 201
71 236
72 176
73 257
73 245
75 244
75 235
75 185
75 240
75 188
78 178
79 115
84 145
86 288
88 153
89 239
90 160
90 182
92 197
92 222
94 214
95 243
95 230
95 183
96 298
99 258
99 246
100 252
101 292
102 270
103 240
104 269
106 186
107 278
108 204
109 235
110 208
110 197
111 243
111 228
119 255
120 183
120 262
120 153
121 216
121 166
122 202
123 226
126 144
127 282
127 212
128 229
128 205
130 148
132 209
134 179
136 259
138 162
139 163
140 148
141 244
141 199
143 237
147 281
162 286
174 292
178 293
180 283
191 294
192 274
193 287
198 286
204 275
208 299
214 286
235 269
241 300
246 292
248 254
253 297
258 282
264 283
