heur004_n_140_m_3014
2 107
2 126
2 128
2 121
4 122
4 130
4 123
6 29
6 44
6 45
6 51
6 88
7 63
7 61
8 127
8 134
8 32
8 135
9 121
9 79
9 107
10 82
10 66
10 90
10 136
11 60
11 37
11 55
11 58
12 49
12 69
12 114
12 94
13 136
13 90
15 49
15 114
16 49
16 94
16 69
18 127
18 134
18 135
18 32
19 77
20 134
20 127
21 110
22 108
22 115
22 62
22 118
22 80
23 77
24 90
24 66
24 82
25 122
25 139
25 123
26 81
26 28
27 125
29 88
29 84
30 81
31 56
31 102
32 135
32 127
33 109
33 68
33 133
33 96
34 112
34 72
34 73
34 70
35 83
35 57
35 48
36 102
37 41
37 59
37 60
37 58
38 42
38 81
39 70
39 72
39 112
40 81
40 42
41 59
43 71
43 104
46 70
46 112
47 71
48 85
48 57
49 114
50 111
50 131
50 132
52 113
52 120
52 92
53 138
55 59
55 60
56 125
56 102
57 86
57 83
58 59
58 60
61 137
61 129
62 116
62 80
62 108
62 115
63 140
63 129
64 117
64 95
64 98
64 119
64 75
65 92
65 120
65 113
66 136
66 82
66 90
67 75
67 119
68 110
68 133
68 96
69 94
70 112
71 104
72 112
74 104
75 95
75 98
76 105
76 132
76 131
76 101
78 122
78 130
78 123
78 139
79 126
79 128
80 108
80 118
80 115
82 136
87 138
87 99
87 100
87 91
87 103
89 120
90 136
91 103
92 120
93 124
94 114
95 119
95 117
96 109
96 110
98 119
98 117
100 138
101 111
103 138
105 111
106 120
107 126
109 133
110 133
111 131
111 132
121 128
121 126
