heur036_n_347_m_17983
6 300
7 262
10 202
11 81
25 201
25 342
28 175
28 141
29 234
29 162
30 253
31 52
31 97
33 305
39 270
39 50
43 286
44 210
45 77
50 270
52 97
56 188
56 118
57 60
57 65
60 65
60 89
62 201
63 130
63 213
65 89
67 310
68 250
68 227
69 263
72 127
73 307
73 144
73 244
76 133
76 145
76 321
77 90
84 323
86 253
87 175
88 119
88 138
88 324
93 205
93 290
95 167
95 276
96 335
96 346
99 171
101 292
103 215
106 262
109 223
109 228
110 163
116 302
116 303
117 311
120 131
121 237
131 153
136 148
136 154
136 319
148 319
148 154
150 177
150 178
150 212
156 170
158 181
158 239
159 305
163 226
164 268
164 186
170 274
174 295
176 267
177 178
177 212
178 212
180 336
181 308
182 261
186 248
186 268
189 220
191 261
192 208
195 213
199 203
203 236
214 280
218 279
218 259
222 310
223 228
229 258
229 281
230 326
230 327
232 237
236 314
239 308
246 255
246 278
248 268
254 347
255 278
259 279
275 301
282 292
283 318
300 339
301 329
306 322
315 322
327 337
