heur028_n_330_m_3253
1 45
2 44
3 72
7 69
8 69
10 12
10 14
11 36
12 36
13 78
13 117
13 164
13 119
14 36
15 119
15 164
15 78
15 117
16 36
17 77
18 72
18 74
19 74
19 72
21 108
21 109
21 150
22 44
23 45
24 166
24 207
24 125
25 77
26 45
28 44
29 80
33 65
33 111
34 45
37 73
38 44
40 66
42 66
43 166
43 207
46 122
46 162
47 126
47 50
48 126
49 126
49 85
50 85
50 126
51 90
52 54
52 88
52 128
52 87
52 89
53 98
53 138
53 179
53 139
54 128
54 87
54 88
54 89
55 99
55 57
55 58
56 99
56 58
57 95
58 95
59 144
59 226
59 142
59 145
60 145
60 226
60 144
61 146
61 149
61 189
61 228
62 147
62 110
63 184
63 143
63 101
64 150
65 75
66 77
67 150
68 125
68 166
68 207
73 80
75 111
78 164
81 162
83 120
83 121
86 162
90 94
90 93
91 94
95 99
96 139
96 179
97 297
97 177
97 261
97 218
98 179
100 181
100 182
100 183
100 140
101 106
101 184
102 184
103 228
103 149
103 189
104 110
105 110
106 143
106 184
110 147
112 197
112 195
113 161
113 202
113 158
114 192
115 202
115 194
115 161
116 192
116 152
117 164
118 200
118 198
119 164
124 162
127 163
127 204
127 203
127 245
129 133
129 132
130 172
130 174
130 212
131 211
131 169
132 169
132 211
133 211
133 169
134 220
134 213
134 180
135 173
135 213
135 220
135 180
136 175
136 214
136 216
137 261
137 218
137 297
140 183
141 183
142 226
148 225
148 185
148 227
149 228
151 186
151 188
152 156
153 197
155 192
156 192
158 194
158 202
161 194
163 245
165 203
165 245
167 210
167 252
168 252
170 174
170 172
170 212
171 174
171 212
173 220
173 180
174 212
176 214
177 297
177 261
178 214
178 216
180 213
181 183
185 230
186 190
186 191
186 233
188 233
193 197
193 195
194 202
196 276
196 316
196 317
199 243
201 281
201 238
205 287
205 286
205 251
206 210
206 252
208 286
208 287
213 220
215 295
217 304
218 297
219 255
219 295
219 257
221 304
221 258
222 264
222 266
222 309
222 267
223 266
223 309
223 267
224 305
224 263
224 262
224 300
225 230
227 230
229 312
229 311
229 313
231 235
232 235
236 316
236 317
237 317
237 316
237 276
238 243
239 327
240 327
242 321
242 327
244 323
244 328
246 251
247 290
247 291
251 287
251 286
253 296
253 329
254 329
262 265
263 300
264 267
265 300
265 305
267 309
273 299
273 301
273 306
273 330
277 316
279 319
279 318
280 318
280 319
282 328
292 298
292 322
294 322
294 324
294 325
296 329
302 315
318 320
321 327
