heur037_n_347_m_31752
3 69
4 36
6 193
7 63
10 28
11 151
17 133
17 211
17 192
18 33
19 159
19 218
21 225
21 50
21 315
28 132
28 203
30 136
31 307
33 292
34 192
35 207
42 105
45 170
46 327
46 136
46 188
47 134
48 337
49 180
50 225
51 91
51 338
51 93
57 256
57 318
60 82
60 233
60 334
60 154
61 153
65 131
65 163
65 182
67 85
67 319
69 205
69 236
71 184
71 288
72 144
73 171
73 156
73 97
74 172
76 347
76 330
77 165
78 89
87 132
87 203
88 212
88 255
88 322
89 226
91 254
92 245
92 178
92 321
93 254
95 219
96 234
97 169
97 171
99 305
101 212
104 320
107 262
107 160
109 206
110 144
111 258
111 134
118 336
121 288
126 271
126 224
129 272
133 211
133 192
135 219
137 142
137 271
138 164
138 248
142 224
142 271
146 194
148 269
148 230
150 276
151 297
151 343
152 319
156 171
159 277
160 303
161 219
164 324
167 308
172 339
172 300
173 228
175 177
177 276
177 259
178 321
178 222
180 194
181 283
184 288
185 223
186 287
186 310
186 289
189 330
189 347
189 215
194 196
198 275
202 320
210 319
212 255
212 322
218 332
228 264
228 268
229 337
234 242
239 270
239 265
240 325
244 340
245 321
246 328
249 320
254 338
255 322
256 318
259 276
263 304
264 268
287 299
289 299
312 336
