heur008_n_250_m_1045
1 12
1 19
1 14
2 20
2 11
3 11
3 20
4 20
5 14
5 19
5 23
6 14
6 23
6 19
6 12
7 9
7 18
7 8
7 17
7 16
7 24
8 9
8 16
8 18
9 18
9 24
9 16
10 22
10 25
10 27
10 31
10 39
10 48
11 20
11 21
12 23
13 21
13 20
14 23
15 69
15 67
15 63
15 72
15 73
15 68
16 24
16 17
18 24
19 23
22 27
22 31
22 39
22 48
22 25
25 48
25 31
25 27
25 39
26 41
26 33
27 39
27 48
27 31
28 32
29 46
29 41
29 33
29 50
30 40
30 45
30 42
31 39
31 48
32 34
32 35
33 46
33 41
34 49
35 49
36 45
36 40
36 43
36 42
37 41
37 46
37 50
39 48
40 45
40 44
40 43
41 50
42 44
43 45
44 45
51 59
51 71
52 110
52 114
52 159
52 65
52 107
53 62
53 64
54 71
54 59
54 61
55 64
55 57
55 62
55 74
56 107
56 159
56 114
56 110
57 64
58 116
58 146
58 177
58 193
58 244
59 66
59 75
60 64
61 75
61 66
63 67
63 72
63 69
64 74
65 114
65 107
65 159
65 110
68 72
70 177
70 146
70 244
70 193
70 116
71 75
72 73
76 85
76 100
76 97
76 91
76 83
77 98
77 99
79 127
79 134
79 135
79 84
80 89
80 95
84 90
84 127
84 135
84 134
85 91
86 89
86 92
86 96
87 89
87 95
88 127
88 134
88 135
89 95
89 96
90 127
90 135
90 134
92 95
95 96
102 104
102 119
102 125
102 106
102 103
103 104
103 125
104 125
107 159
107 110
108 112
108 113
108 124
108 111
108 117
109 118
110 114
110 159
111 113
111 124
111 120
112 124
112 113
114 159
115 121
116 177
116 146
116 193
116 244
117 124
117 120
118 121
119 125
120 124
121 122
121 123
126 128
126 150
126 129
127 135
128 129
128 138
128 148
128 150
129 140
129 150
130 133
130 139
130 143
130 147
131 139
131 147
131 149
131 133
131 143
132 137
132 145
132 170
132 171
132 173
132 136
133 139
133 147
133 149
134 135
136 137
136 173
136 170
136 171
136 145
137 170
137 171
137 173
137 145
138 140
138 150
139 143
140 148
140 150
141 144
141 211
141 221
141 189
141 225
141 206
142 176
142 186
142 200
142 181
142 187
142 198
143 147
144 189
144 225
144 211
144 221
144 206
145 173
145 171
145 170
146 193
146 244
146 177
147 149
151 164
151 174
151 160
152 172
152 175
152 168
153 155
153 165
153 163
154 157
154 164
154 160
157 160
157 164
157 174
160 174
160 167
162 163
163 165
163 169
164 167
166 172
166 168
166 175
167 174
170 171
171 173
172 175
176 187
177 193
177 244
178 194
178 183
178 188
178 191
178 199
179 184
179 180
179 192
179 195
180 182
180 192
180 185
181 198
182 184
182 195
183 199
183 191
183 196
184 185
184 192
185 192
186 198
186 200
187 200
189 211
189 221
189 206
189 225
190 239
190 197
190 227
190 236
190 235
190 234
191 199
191 194
192 195
193 244
194 196
197 227
197 234
197 239
197 236
197 235
198 200
201 219
201 210
203 214
203 224
203 205
204 217
204 212
204 215
204 216
204 223
206 211
207 209
209 210
209 219
211 221
211 225
212 216
212 215
213 216
215 217
216 217
216 223
226 233
226 241
226 245
228 231
228 250
228 238
229 230
229 237
229 246
230 240
230 237
230 246
230 243
231 242
231 238
231 250
232 246
233 248
233 241
233 245
234 236
234 235
234 239
235 239
235 236
237 246
238 249
238 250
240 246
241 245
241 248
242 250
243 246
245 248
