heur007_n_200_m_6731
3 67
8 116
9 117
12 121
16 95
18 35
18 168
19 170
19 175
20 121
25 195
28 54
31 198
32 83
34 123
34 138
35 168
37 157
40 58
40 196
42 194
43 172
46 75
46 92
47 150
48 156
48 160
57 131
58 196
60 161
60 169
62 122
68 149
68 112
74 117
74 189
78 103
85 171
87 114
88 166
89 183
92 102
93 98
97 118
97 172
98 174
100 153
100 142
101 179
106 174
107 184
107 194
108 125
108 137
109 145
112 149
114 171
115 158
115 141
119 164
120 192
127 167
128 167
129 197
129 147
130 151
134 162
134 154
135 151
138 163
139 185
144 182
147 197
148 190
159 182
161 169
164 192
179 183
