heur031_n_330_m_7270
2 124
5 61
11 87
12 87
14 60
16 107
20 115
20 159
22 81
28 194
28 155
32 166
34 61
41 162
50 57
50 59
51 129
52 56
54 177
62 71
62 114
63 266
64 186
67 81
74 320
74 197
76 239
80 239
82 243
85 243
86 251
86 208
88 252
90 94
92 218
94 129
95 172
97 177
101 153
101 149
103 153
105 265
105 183
109 117
118 236
119 236
121 286
121 322
126 252
131 218
132 178
134 221
134 255
137 294
137 329
137 328
139 223
146 306
148 289
152 281
152 278
154 200
154 201
156 163
157 320
160 235
163 235
164 327
169 205
170 173
171 317
181 260
188 304
189 196
190 225
190 264
195 279
196 271
202 322
210 317
214 299
214 307
221 255
226 272
226 289
227 302
227 312
237 285
237 282
240 274
244 319
244 274
246 321
250 325
256 307
263 273
267 304
273 301
276 281
314 323
314 324
