heur019_n_300_m_28765
1 283
1 226
1 300
2 196
3 166
3 170
4 226
4 192
10 203
10 60
13 215
15 233
16 224
18 174
18 215
18 218
18 213
21 271
22 203
24 175
26 252
27 203
28 215
28 213
28 218
29 253
29 166
30 204
30 246
31 215
35 196
36 265
36 251
36 266
38 175
38 245
38 183
39 184
39 235
39 100
40 203
41 176
44 196
45 200
46 212
47 166
48 212
50 233
51 212
53 203
54 183
54 175
55 245
55 183
56 219
58 254
58 247
58 275
60 203
61 292
61 164
61 205
61 234
63 187
63 205
64 196
66 204
66 282
66 263
66 246
67 206
67 180
67 158
68 158
68 206
68 172
69 184
70 158
70 191
71 186
71 216
71 214
71 162
72 197
72 202
73 283
73 300
74 158
74 191
75 196
76 281
76 256
77 231
77 270
79 235
83 233
84 219
84 278
84 222
85 234
85 205
86 299
86 221
86 233
88 215
88 213
88 218
89 289
89 269
89 240
89 261
89 242
89 291
90 166
91 263
92 182
92 214
92 216
92 162
92 186
92 178
93 212
94 202
94 196
95 220
95 290
96 168
96 211
96 171
96 201
96 167
96 194
98 184
98 100
100 184
100 271
101 164
101 205
101 234
101 187
102 211
102 171
103 283
103 226
104 231
104 176
105 245
105 175
106 258
107 170
107 166
108 165
109 191
109 206
109 158
109 172
109 180
109 207
110 178
110 186
110 182
110 162
111 250
112 212
115 251
116 187
116 205
116 164
117 174
117 213
117 215
117 218
118 175
118 245
118 280
119 258
119 165
120 272
120 282
120 237
122 213
122 215
123 165
124 228
124 276
124 277
124 296
126 212
127 238
127 266
130 165
131 167
131 168
131 201
131 211
131 160
131 297
132 231
133 203
134 176
134 270
135 244
135 224
136 183
136 175
136 245
137 203
139 253
140 192
143 283
143 226
143 295
144 262
144 264
144 163
144 161
144 179
145 254
146 228
147 278
151 228
151 276
151 277
152 236
153 291
153 269
153 240
153 289
160 297
161 262
161 268
161 284
161 287
161 241
161 264
161 294
163 268
163 274
163 262
163 287
163 241
164 292
164 229
164 234
165 258
166 232
166 288
166 253
167 194
167 211
167 297
167 201
168 297
170 288
170 232
170 253
171 297
173 262
173 274
173 284
173 264
175 245
176 270
179 268
181 193
181 241
181 268
181 284
181 287
181 294
181 262
181 264
183 245
183 280
184 235
184 271
187 292
187 229
187 234
188 262
188 268
188 294
188 287
188 274
188 284
192 295
192 300
192 226
193 262
193 264
193 274
193 284
193 268
193 294
198 264
198 268
198 294
198 287
200 236
200 257
200 252
200 249
201 297
203 250
204 237
204 246
204 263
204 282
205 292
205 234
209 225
209 227
209 256
209 259
209 243
209 281
210 268
210 284
210 287
210 241
210 294
210 262
211 297
