heur017_n_300_m_15641
1 168
1 171
2 254
3 143
4 77
8 279
11 72
12 117
16 210
17 226
19 205
19 242
20 166
22 267
25 104
26 278
27 80
27 226
28 181
31 238
33 228
34 139
36 196
36 179
38 260
39 117
44 248
44 175
45 178
46 88
46 234
47 249
48 51
50 202
52 286
53 248
54 278
56 104
57 254
60 249
60 203
64 200
67 221
68 256
72 279
76 258
77 289
82 255
83 147
85 274
87 239
87 161
89 174
90 155
93 149
95 174
100 160
101 232
102 207
102 170
103 227
106 151
109 191
112 164
112 299
112 163
113 153
116 152
116 216
120 221
125 191
125 224
126 257
128 255
128 269
130 235
130 246
131 194
134 258
136 287
137 243
138 184
140 169
142 243
142 183
143 185
144 193
144 195
146 233
146 227
152 216
157 193
158 250
158 247
161 239
164 299
165 218
190 292
190 296
208 273
214 217
217 272
218 274
220 294
229 300
229 266
230 272
236 282
247 250
