heur030_n_330_m_5613
1 108
6 123
9 108
10 116
10 119
10 124
11 44
11 33
12 127
12 88
12 86
13 89
14 89
15 50
15 89
16 142
16 104
17 109
19 44
22 44
23 125
28 48
35 85
35 121
35 163
36 48
40 123
41 109
41 64
42 160
42 161
42 122
47 119
47 116
49 127
51 134
51 179
52 96
52 137
52 178
53 179
53 134
54 139
55 120
55 159
55 196
55 157
56 221
56 180
56 177
57 94
59 146
62 142
63 100
63 185
65 194
65 151
71 87
71 83
71 80
72 182
72 141
72 166
74 87
75 150
76 202
76 285
76 204
80 87
90 136
91 136
92 136
93 179
94 139
95 178
96 178
98 181
100 185
100 106
101 146
105 152
105 191
113 231
113 232
113 272
114 150
116 124
117 141
117 166
117 182
120 196
126 327
126 329
126 326
128 203
128 247
129 205
129 167
129 164
130 169
130 249
130 251
131 135
131 217
133 217
135 217
138 221
141 166
144 268
144 263
145 271
145 305
145 267
148 194
149 313
149 276
149 289
153 315
153 318
153 207
156 283
158 204
158 285
159 196
162 287
164 210
166 182
168 245
169 249
170 323
170 190
170 228
171 190
171 228
171 323
172 220
172 255
172 256
173 219
176 292
176 254
183 266
184 263
190 323
193 197
199 287
205 210
207 234
207 318
209 245
211 249
212 219
213 292
214 220
216 311
216 222
216 316
218 292
220 255
222 316
222 311
223 227
224 263
226 271
226 305
228 323
230 314
230 307
230 312
233 289
235 330
238 325
242 250
245 252
246 326
248 264
250 321
250 280
253 259
253 297
260 293
261 291
262 316
264 324
265 274
267 305
273 330
275 330
276 289
280 286
286 321
288 322
290 322
291 301
291 310
294 310
296 308
296 306
302 324
304 324
