heur039_n_361_m_13593
2 224
3 33
3 251
3 161
6 19
6 59
7 296
8 230
8 115
10 26
11 286
11 284
16 18
18 212
19 59
19 290
20 245
20 128
23 104
23 214
26 213
27 210
30 356
31 74
31 271
33 251
34 126
36 118
38 172
39 47
41 229
41 258
42 244
42 338
43 52
47 71
49 176
50 153
50 199
55 341
59 290
61 301
62 77
64 149
64 175
65 222
69 213
70 114
71 260
72 238
73 104
73 214
77 276
85 137
86 97
92 237
92 314
99 241
103 222
107 163
114 204
115 124
116 309
117 170
119 202
122 337
123 210
125 322
125 303
137 300
138 221
138 298
139 225
141 172
144 172
145 244
145 338
148 190
149 312
152 255
152 194
153 319
155 186
160 355
161 251
174 216
175 312
179 265
181 332
181 359
186 361
188 347
188 228
197 357
199 319
201 352
202 274
208 323
209 227
211 241
216 283
227 240
228 347
229 258
229 261
242 307
243 303
244 338
249 311
256 300
257 297
262 337
268 341
273 358
274 344
278 309
284 286
292 307
296 331
297 324
299 306
299 305
305 306
313 346
321 326
323 340
329 357
334 341
354 358
