heur010_n_250_m_4507
6 19
7 15
7 22
7 24
10 104
10 117
10 107
10 33
10 119
11 23
13 214
13 204
13 224
13 213
13 225
15 22
20 225
20 204
20 224
20 214
25 104
25 33
25 107
25 119
25 117
28 109
28 116
28 150
29 131
29 112
30 69
31 61
31 113
31 120
31 56
33 104
33 117
33 107
33 119
34 106
36 131
36 112
37 103
38 150
38 116
39 69
40 69
40 122
40 105
41 106
41 118
42 112
42 131
45 105
45 122
48 118
51 185
52 127
53 234
53 235
53 243
54 147
54 235
56 113
56 120
57 185
58 185
58 232
59 127
61 120
61 113
64 140
66 126
66 114
67 125
67 114
67 102
68 244
68 250
68 227
68 239
68 248
69 105
69 122
70 144
71 146
72 185
75 248
75 250
76 223
76 210
76 216
84 86
96 216
99 210
99 223
99 216
100 223
100 216
100 210
113 133
113 137
124 146
129 144
134 144
141 144
145 152
145 157
145 173
145 167
147 234
147 235
147 243
147 230
152 233
154 160
157 233
167 233
173 233
176 245
177 196
177 245
177 249
177 240
178 198
178 237
178 192
179 208
179 201
179 218
181 245
181 240
182 202
183 200
183 202
184 218
184 201
184 208
186 202
187 201
187 208
187 218
189 231
189 247
190 231
190 242
190 247
191 208
192 237
193 242
193 247
194 202
195 237
196 245
196 240
197 242
197 247
197 231
199 237
200 202
244 250
