heur006_n_180_m_6067
1 30
1 75
1 103
1 136
2 57
2 59
2 174
2 41
3 41
3 174
4 136
4 75
5 174
5 41
5 57
6 158
6 75
6 30
7 149
7 160
7 139
7 120
8 53
8 122
9 53
9 122
10 53
11 122
12 118
12 67
12 105
13 89
13 100
13 107
13 101
13 148
14 41
14 174
15 122
16 143
16 169
16 126
16 88
16 166
17 97
17 67
17 118
17 105
18 66
18 68
18 35
18 55
18 77
19 159
19 144
19 140
20 72
20 23
20 52
20 133
21 67
21 97
21 118
21 124
22 141
22 129
23 133
23 104
24 155
25 84
25 171
25 155
26 162
27 175
27 78
27 117
27 131
28 117
28 106
28 131
30 158
30 103
30 136
30 75
31 156
31 76
31 138
32 50
32 98
32 172
33 113
34 172
34 50
34 113
35 68
35 55
36 113
36 172
37 47
37 163
37 168
37 128
37 170
37 93
38 87
38 129
38 70
38 123
38 141
39 78
39 106
39 131
39 175
39 117
43 161
44 137
44 86
45 79
45 85
45 150
47 151
47 163
48 79
48 176
48 150
49 111
49 154
49 162
50 113
50 98
51 137
52 127
54 79
54 150
55 173
56 111
56 162
56 142
56 154
58 135
58 82
58 112
60 108
60 161
61 86
61 134
62 111
62 162
63 145
63 161
65 177
65 180
67 105
67 124
68 77
70 87
70 129
70 141
70 116
71 150
72 104
72 133
73 161
73 145
75 103
76 164
76 138
76 156
77 173
77 94
78 106
80 171
80 178
81 155
81 171
81 178
82 110
82 112
82 135
82 96
83 157
84 171
84 178
86 109
86 137
87 141
87 116
87 129
88 169
89 101
89 107
89 100
89 102
91 132
92 146
95 157
95 132
96 112
97 124
98 172
99 145
100 148
101 148
102 148
103 136
103 158
104 133
106 131
106 175
107 148
108 161
108 145
109 134
110 135
111 154
111 162
111 142
115 140
115 144
115 167
117 131
118 124
119 135
123 129
125 166
126 143
128 170
128 151
128 163
128 168
130 160
131 175
132 157
138 164
138 146
140 179
144 179
146 165
146 156
150 176
151 168
155 178
159 179
171 178
