heur033_n_330_m_13861
1 192
2 59
3 246
3 323
3 200
4 298
5 262
5 225
6 102
7 217
7 57
7 178
8 284
9 271
9 129
9 193
10 151
11 217
11 113
11 178
12 102
12 68
13 140
13 130
15 39
15 68
15 41
16 75
16 81
16 156
16 192
20 316
20 194
22 178
22 217
22 57
23 262
23 225
24 309
24 227
24 223
25 225
25 262
27 129
27 271
30 222
30 184
30 100
31 298
32 242
32 278
33 321
33 289
34 148
34 100
34 103
34 222
34 184
35 142
35 188
35 273
35 228
35 221
36 229
36 145
37 145
37 229
38 87
38 284
39 102
40 298
41 102
42 154
44 147
44 197
45 246
45 323
45 200
46 59
46 63
47 284
48 72
48 193
48 271
49 104
49 309
49 189
49 223
49 227
50 56
50 140
50 130
51 255
51 265
51 220
52 255
52 265
52 220
53 212
53 86
53 124
53 214
53 118
54 256
54 260
54 181
55 255
55 265
55 220
56 130
57 113
57 217
58 172
58 133
58 168
58 128
58 93
60 190
60 230
60 267
61 159
61 289
61 321
61 116
61 83
62 262
64 162
65 221
65 273
66 240
66 202
66 317
66 237
66 247
67 167
67 161
67 197
71 315
71 248
71 275
72 129
72 271
73 316
74 210
74 287
74 292
76 242
76 278
77 323
77 246
78 317
78 247
78 237
79 298
81 192
82 298
83 289
83 321
84 167
85 210
85 292
86 94
86 90
87 117
87 284
88 91
89 293
90 124
90 118
91 208
91 169
92 99
93 168
93 128
94 124
94 212
94 214
94 118
98 256
98 260
98 175
100 148
101 138
101 261
101 308
101 307
104 309
106 248
106 315
106 275
107 316
108 162
109 316
110 316
112 238
112 204
112 322
113 178
113 217
115 298
116 289
116 321
117 284
118 212
118 214
119 327
121 291
121 280
123 294
123 277
124 214
124 212
125 225
126 158
126 199
126 327
127 300
127 326
128 133
128 179
129 193
129 271
130 140
130 137
131 209
131 293
131 251
132 208
133 168
134 265
138 261
138 308
138 307
139 256
139 260
141 261
141 308
141 307
142 273
143 301
143 259
143 302
143 304
144 313
144 318
144 299
145 162
146 182
147 161
147 197
147 167
148 222
150 242
150 278
152 182
152 185
152 224
153 204
153 322
157 288
157 165
157 294
159 289
160 292
160 210
162 229
163 210
165 277
165 294
166 246
166 323
167 197
168 179
170 326
170 300
170 249
171 249
171 300
171 326
172 179
173 208
174 208
177 295
177 328
177 330
177 282
180 307
180 308
181 256
182 270
182 232
183 318
183 313
183 269
183 299
186 236
186 312
186 319
186 244
186 283
187 299
187 318
187 313
188 221
195 204
196 243
198 252
198 253
198 329
198 250
202 317
203 252
203 253
204 276
204 238
205 280
206 280
206 241
211 293
213 326
215 282
215 328
216 330
216 328
216 282
218 234
218 272
218 239
219 290
219 310
219 274
219 325
221 273
224 232
231 244
231 283
234 296
235 243
236 244
237 247
239 272
239 306
239 296
239 303
240 247
244 312
244 319
247 317
249 300
253 286
255 265
257 268
272 296
274 290
277 285
277 288
277 294
280 291
282 295
282 330
283 312
290 305
290 310
305 325
