heur021_n_320_m_13507
1 188
5 182
6 29
7 188
8 36
8 309
8 318
9 76
9 208
10 46
11 188
12 48
12 273
12 56
12 127
13 64
13 219
13 230
13 256
15 243
15 270
15 317
16 184
19 199
19 78
19 80
20 196
20 160
21 120
21 275
24 109
25 221
25 82
26 142
26 299
28 94
28 140
28 135
29 192
29 122
29 154
31 74
31 124
32 256
32 230
34 231
34 148
35 116
35 186
35 310
36 59
36 254
36 268
37 202
39 72
42 165
43 216
44 105
44 52
44 101
45 71
45 94
46 223
46 226
46 79
47 109
48 166
48 306
48 278
48 316
49 106
49 115
49 211
51 140
51 94
51 71
51 135
52 101
52 205
53 101
53 205
55 243
55 270
55 317
56 316
56 166
56 306
56 278
57 193
57 313
57 82
59 318
59 309
60 106
60 211
60 172
60 311
61 207
62 76
62 208
63 175
63 284
65 242
65 250
65 314
65 107
65 258
68 168
69 272
69 220
70 216
71 140
71 135
72 234
74 124
74 184
76 144
76 208
77 242
77 258
78 240
78 92
79 228
80 155
80 92
81 101
82 193
82 313
82 253
83 220
83 272
84 209
84 241
84 289
85 303
85 158
86 315
86 298
86 152
88 206
88 176
90 220
90 100
91 196
92 199
93 296
93 291
93 185
94 135
94 140
96 170
96 289
96 241
97 279
97 113
98 303
100 272
101 105
102 283
105 205
106 115
107 314
107 242
107 258
108 247
109 153
111 186
111 116
113 279
113 152
113 315
115 172
115 311
115 211
116 164
116 310
119 161
120 275
121 247
121 180
121 259
122 154
122 192
122 139
123 165
124 214
124 184
125 203
125 169
127 306
127 316
127 278
127 166
128 216
129 168
130 243
130 317
131 175
137 206
137 176
139 154
142 304
142 299
148 189
148 218
148 231
148 255
149 217
150 207
150 151
152 279
154 192
155 199
157 182
157 158
160 196
160 215
161 281
162 256
162 230
163 178
164 186
165 238
165 274
165 187
166 273
167 299
168 197
168 213
168 235
169 264
170 209
170 289
174 236
174 302
174 308
175 269
176 177
177 206
178 202
180 247
182 303
183 188
184 214
184 194
185 200
185 296
185 210
186 251
186 310
187 238
188 271
189 191
191 218
191 231
191 255
193 253
193 313
194 214
196 215
198 292
198 297
198 217
199 240
200 296
200 291
206 293
206 285
207 248
207 295
208 225
209 289
209 241
210 291
210 296
216 233
216 320
217 297
217 292
218 231
218 255
220 272
220 305
221 313
222 236
222 302
222 308
227 259
227 247
236 280
237 294
237 287
242 258
242 314
243 317
247 259
250 258
250 314
253 313
254 309
257 300
259 282
268 309
269 284
272 305
273 316
273 278
273 306
275 290
277 299
279 298
280 302
291 296
299 304
