heur009_n_250_m_1450
2 6
3 4
5 130
8 11
8 20
11 20
14 132
16 239
17 129
18 19
21 49
21 42
22 26
22 40
23 83
24 83
25 142
26 40
30 56
30 98
32 69
32 73
48 89
48 88
53 71
56 98
65 104
65 110
77 103
77 205
79 92
86 87
94 136
94 174
100 106
100 122
103 205
104 110
105 123
106 122
119 120
121 169
126 228
127 214
128 135
133 149
136 174
138 242
139 158
139 170
140 213
143 147
157 159
161 166
165 182
167 172
171 182
175 186
175 189
179 181
180 192
183 194
184 195
188 232
190 244
191 232
195 200
196 198
197 244
202 246
203 246
204 217
206 219
206 218
208 223
212 221
216 222
220 249
224 243
224 240
225 249
229 241
233 236
