heur012_n_250_m_20035
2 35
3 160
3 73
3 104
4 39
5 52
6 64
6 151
6 163
7 165
7 68
10 52
11 153
13 46
17 26
18 54
19 170
19 173
20 113
20 54
21 161
22 35
22 189
23 73
23 104
23 160
26 176
26 210
26 223
26 244
27 146
27 205
27 150
28 145
28 247
28 227
28 246
30 195
31 121
31 143
32 142
32 175
32 239
32 206
34 197
34 204
34 110
34 243
34 118
34 245
35 94
36 146
36 150
36 205
37 150
39 156
39 202
40 219
40 233
40 149
40 168
40 241
41 125
41 167
41 71
42 71
42 125
42 167
43 125
43 71
43 167
44 156
44 177
44 200
45 199
45 250
45 230
47 150
50 109
50 119
50 164
50 237
50 59
50 120
52 133
52 224
53 86
54 203
54 215
56 101
63 86
64 98
64 91
65 89
67 196
68 89
72 89
73 85
75 86
77 170
77 173
78 121
83 193
85 104
86 117
88 121
90 142
93 180
93 199
94 189
95 244
101 196
102 238
104 187
104 132
105 232
107 238
108 209
109 213
110 204
110 221
111 209
112 196
113 203
113 215
115 126
115 218
115 211
115 127
116 181
117 191
118 221
118 204
119 213
120 213
121 143
121 212
125 214
126 152
126 171
127 152
127 171
130 159
132 160
135 154
135 161
136 163
138 173
138 170
152 211
152 218
153 207
154 184
154 182
154 242
154 190
155 209
156 200
156 202
159 240
159 222
159 228
162 238
164 213
168 241
170 235
170 208
171 218
171 231
171 211
172 232
173 208
175 206
180 201
189 217
