heur049_n_300_m_17695
1 279
2 275
2 235
3 96
3 83
4 165
4 186
5 109
5 82
5 116
5 77
6 279
7 174
7 187
8 89
8 169
9 135
9 122
12 90
12 106
14 129
14 125
14 291
15 99
15 104
15 289
16 96
16 102
16 83
17 108
17 119
17 159
18 145
18 165
19 222
19 135
19 122
20 270
20 273
20 167
21 170
22 192
22 255
22 278
23 180
23 295
23 282
23 298
23 296
24 209
24 151
24 140
24 156
25 98
25 246
26 181
27 279
28 202
28 241
29 300
31 299
31 142
31 91
32 300
34 50
35 177
37 300
38 119
39 202
39 241
39 297
42 115
42 219
42 111
44 108
44 119
45 194
47 158
47 147
51 292
51 147
52 147
52 292
52 158
53 297
53 202
53 241
54 174
54 187
54 81
54 185
55 112
56 129
56 125
57 139
57 141
58 148
58 294
58 157
58 123
59 112
60 272
60 177
62 162
62 142
63 153
63 78
64 103
64 152
64 194
67 300
68 141
68 139
69 139
71 111
71 219
71 115
72 177
73 194
74 129
74 125
75 144
75 114
75 153
75 78
76 213
77 121
78 153
78 144
81 187
84 170
86 269
87 167
87 253
87 273
88 269
89 212
89 243
89 208
90 277
90 227
91 162
92 290
92 237
93 150
94 237
94 290
97 269
98 246
98 274
98 245
99 190
99 289
100 284
100 233
100 175
100 173
101 150
102 211
103 152
103 194
104 190
104 197
105 269
106 277
106 227
107 236
107 164
108 159
109 121
110 128
110 204
111 219
112 155
112 137
116 121
117 223
117 204
117 259
118 168
118 199
118 213
120 150
122 222
128 204
128 223
128 259
130 265
130 226
130 188
131 165
132 219
133 213
133 168
134 272
136 182
136 232
140 249
142 299
145 165
145 186
147 292
148 294
149 232
149 182
151 249
154 251
154 280
156 249
157 294
158 292
161 182
161 217
162 299
180 296
180 282
180 295
184 203
222 293
240 288
241 297
264 271
282 296
282 295
