heur046_n_300_m_13150
1 163
1 107
1 180
1 227
1 7
2 178
2 186
2 93
3 68
3 300
3 28
4 196
4 184
4 96
4 100
5 235
5 114
5 148
5 181
5 128
5 80
5 109
5 60
5 286
5 246
6 89
6 225
6 35
6 45
6 147
6 151
6 249
6 252
6 239
6 279
7 98
7 163
7 227
7 232
7 107
7 203
7 139
7 240
7 275
7 180
8 202
8 44
8 264
9 58
9 221
9 64
9 69
10 234
10 195
11 42
11 52
11 214
11 152
11 179
12 104
12 145
12 263
13 297
13 116
13 17
13 66
13 257
14 130
14 24
14 63
15 99
15 198
15 200
15 296
15 265
15 274
15 170
16 199
16 71
16 236
16 205
16 86
16 281
16 223
16 19
16 185
16 204
16 82
16 75
16 103
16 272
16 77
17 297
17 116
17 90
17 189
17 66
17 257
17 276
17 146
18 38
18 299
18 87
18 248
18 112
18 20
19 71
19 236
19 205
19 281
19 185
19 75
19 103
19 77
20 299
20 112
20 87
20 248
20 254
21 120
21 61
21 132
21 273
21 250
21 135
22 166
22 157
22 171
23 277
23 183
24 130
24 245
25 259
25 73
25 53
25 88
25 127
26 256
26 291
26 229
26 238
26 209
26 115
26 123
26 158
26 206
26 269
27 57
27 165
27 32
27 290
27 54
27 121
27 211
28 210
28 231
28 68
28 300
29 91
29 171
30 138
30 153
30 49
31 133
31 182
31 85
31 230
32 165
32 57
32 290
32 54
32 121
32 211
33 142
34 39
34 289
34 88
34 73
34 259
35 45
35 151
35 249
35 252
35 225
35 147
35 89
35 239
35 279
36 233
36 280
36 122
36 94
37 201
37 159
38 299
38 87
38 254
38 248
38 112
39 53
39 156
39 78
39 88
39 127
39 259
40 141
40 124
40 162
41 200
41 198
41 212
41 265
41 99
42 152
42 52
42 214
42 179
43 255
43 220
43 79
43 267
43 251
43 228
43 242
44 168
44 202
44 113
44 264
45 249
45 252
45 225
45 147
45 89
46 288
46 294
47 201
47 110
47 159
48 157
48 171
49 138
49 153
49 149
50 291
50 229
50 115
50 158
50 269
51 219
51 293
51 284
51 176
51 118
51 191
52 152
52 214
52 179
53 258
53 78
53 289
53 88
53 73
53 259
53 111
54 290
54 165
55 273
55 81
55 120
55 250
55 61
55 135
56 129
56 76
56 155
57 165
57 290
58 226
58 69
58 266
58 67
59 208
60 128
60 295
60 109
60 80
60 114
60 148
60 181
60 246
61 194
61 120
61 132
61 273
61 81
61 250
61 135
62 65
62 137
63 130
64 226
64 221
64 69
64 266
64 67
65 270
65 84
65 137
66 297
66 116
66 90
66 189
66 257
66 276
66 140
66 146
67 226
67 69
67 266
67 221
68 300
69 226
69 221
69 266
70 262
70 217
70 97
70 244
70 169
71 199
71 236
71 205
71 86
71 281
71 223
71 185
71 204
71 82
71 75
71 103
71 272
72 262
72 271
72 97
72 169
73 289
73 258
73 78
73 88
73 156
73 127
73 259
73 111
74 182
74 85
74 230
75 185
75 199
75 236
75 205
75 204
75 82
75 86
75 281
75 223
75 103
75 272
75 77
76 129
76 155
77 185
77 199
77 103
77 236
77 205
77 82
77 281
77 223
78 258
78 156
78 289
78 88
78 127
78 259
78 111
79 251
79 228
80 128
80 295
80 235
80 114
80 148
80 181
80 109
80 286
80 246
81 194
81 120
81 250
81 135
82 185
82 236
82 205
82 204
82 86
82 281
82 103
84 270
84 137
85 182
85 230
85 237
86 236
86 205
86 281
86 185
87 299
87 254
87 248
87 112
88 289
88 156
88 127
88 259
88 111
89 225
89 151
89 249
89 252
89 239
89 279
90 297
90 189
90 257
90 276
90 140
91 166
91 157
91 171
92 262
92 97
92 169
93 186
94 280
94 233
94 122
95 96
95 196
95 100
96 196
96 241
96 100
97 262
97 217
97 244
97 207
98 232
98 163
99 212
100 196
100 241
100 184
101 256
101 291
101 229
101 238
101 209
101 115
101 123
101 158
101 206
101 269
102 293
102 105
102 298
102 218
102 176
102 177
102 243
102 117
102 118
102 154
102 219
102 284
102 191
103 185
103 236
103 205
103 281
104 263
104 145
105 176
105 154
105 219
105 118
105 191
106 233
106 122
107 232
107 203
107 275
107 163
107 240
107 227
108 216
108 261
108 161
108 190
108 193
108 174
109 128
109 295
109 114
109 148
109 181
109 246
110 201
110 159
111 259
111 156
111 127
112 299
112 248
112 254
113 168
113 202
113 264
114 181
114 295
114 235
114 148
114 128
114 286
114 246
115 256
115 229
115 209
115 123
115 291
115 292
115 238
115 206
115 269
116 297
116 189
116 257
116 276
116 140
117 219
117 167
117 176
117 118
117 191
118 293
118 167
118 298
118 218
118 176
118 177
118 243
118 154
118 219
118 284
118 191
119 224
120 194
120 132
120 273
120 250
120 135
121 165
122 280
122 233
123 291
123 158
123 269
124 141
124 162
125 157
125 171
126 142
127 289
127 258
127 259
128 295
128 235
128 148
128 181
128 286
128 246
129 155
130 245
131 234
131 195
132 194
132 250
132 135
133 182
133 230
133 237
134 142
135 194
135 273
135 250
136 213
136 283
136 143
137 270
139 163
139 232
140 257
140 297
140 276
140 189
141 162
142 160
142 247
143 283
143 213
144 201
144 159
145 172
145 263
146 257
146 297
146 276
146 189
147 151
147 252
147 279
148 235
148 181
148 246
149 153
150 224
151 249
151 252
151 225
152 214
154 293
154 219
154 243
154 176
154 298
154 218
154 191
156 259
157 166
157 171
158 256
158 291
158 292
158 229
158 238
158 209
158 206
158 269
159 201
161 216
161 190
161 174
163 232
163 275
163 180
163 240
163 227
164 277
165 290
165 211
166 171
167 219
167 293
167 176
167 298
167 191
168 202
168 264
169 262
169 244
169 217
169 207
170 200
170 212
172 263
173 268
173 187
174 193
174 261
174 216
174 190
176 293
176 177
176 243
176 219
176 284
176 298
176 218
176 191
177 219
177 191
178 186
179 214
180 232
180 203
180 275
180 240
180 227
181 295
181 235
181 286
181 246
182 287
182 230
182 237
183 277
184 241
185 236
185 281
185 223
185 204
185 272
187 268
188 245
189 297
189 257
190 261
190 216
190 193
191 293
191 298
191 243
191 219
191 284
192 224
193 216
194 273
194 250
195 234
195 278
196 241
197 222
197 285
198 200
198 274
198 212
198 282
199 205
199 281
200 274
200 212
202 264
203 227
204 205
204 281
205 223
205 236
205 281
205 272
206 291
206 292
206 229
206 238
206 209
206 269
207 262
207 271
209 269
210 300
211 290
212 296
212 265
213 283
216 261
217 262
217 271
218 293
218 219
219 293
219 243
219 284
219 298
220 267
220 251
220 228
220 242
221 226
221 266
223 236
223 281
225 252
225 239
225 279
226 266
227 232
227 240
227 275
228 267
228 255
228 242
229 291
229 292
229 269
230 287
230 237
231 300
232 240
233 280
234 278
235 286
235 246
236 281
236 272
237 287
238 292
238 269
239 249
239 252
242 267
242 251
244 262
244 271
248 299
248 254
249 252
249 279
250 273
251 267
251 255
252 279
254 299
256 291
256 292
256 269
257 297
257 276
258 259
259 289
260 294
265 274
269 291
269 292
272 281
276 297
284 293
284 298
291 292
293 298
