heur042_n_300_m_5764
1 129
1 2
1 9
1 265
1 23
1 153
1 168
1 43
1 74
1 84
1 225
1 108
1 118
1 142
1 69
1 63
1 199
1 237
2 43
2 84
2 183
2 201
2 225
2 118
2 108
2 291
2 189
2 265
2 194
2 74
2 23
2 168
2 5
2 142
2 69
2 100
2 199
2 237
2 256
3 258
3 195
3 103
3 10
3 176
3 49
3 152
3 281
3 220
3 216
4 161
4 24
4 98
5 129
5 9
5 265
5 23
5 153
5 168
5 43
5 74
5 84
5 225
5 108
5 118
5 142
5 69
5 63
5 199
5 237
6 166
6 145
6 181
6 131
6 213
7 34
7 209
7 277
7 26
8 221
8 205
8 204
8 147
8 251
8 233
8 285
8 113
8 12
9 84
9 183
9 43
9 201
9 225
9 118
9 108
9 291
9 189
9 265
9 194
9 74
9 23
9 168
9 142
9 69
9 100
9 199
9 237
9 256
10 152
10 216
10 103
10 195
10 175
10 281
10 258
11 82
11 25
11 188
11 62
11 297
11 46
11 93
12 233
12 204
12 205
12 113
12 147
12 285
12 251
12 221
13 128
13 137
13 116
13 284
13 30
13 17
14 268
14 80
14 28
14 165
14 193
14 37
14 156
15 169
15 60
15 106
15 159
16 130
16 50
16 170
16 51
16 273
16 33
16 18
17 260
17 70
17 116
17 284
18 160
18 33
18 130
18 36
18 229
18 170
18 51
18 19
18 208
19 33
19 130
19 170
19 273
19 50
19 51
20 228
20 124
20 38
20 75
20 294
20 198
20 155
20 96
20 92
20 73
20 71
20 172
21 66
21 234
21 202
21 143
21 240
21 271
21 57
22 180
22 280
22 283
22 178
22 263
22 203
22 244
22 141
22 262
22 114
22 83
22 146
23 129
23 225
23 291
23 194
23 201
23 43
23 108
23 265
23 74
23 84
23 118
23 183
23 153
23 189
23 168
23 142
23 69
23 63
23 100
23 199
23 237
23 256
24 98
25 62
25 297
26 209
26 277
26 34
27 300
27 77
27 197
27 293
27 87
28 268
28 80
28 165
28 193
28 37
28 156
29 68
29 231
29 135
29 299
29 48
29 274
29 214
29 247
29 56
29 133
29 254
30 260
30 70
30 116
30 284
31 99
31 269
31 45
31 144
31 219
31 127
32 185
32 190
32 270
32 248
32 241
32 85
33 160
33 130
33 36
33 229
33 170
33 273
33 50
33 51
33 208
34 209
34 277
35 292
35 275
35 252
35 95
35 47
36 130
36 170
36 50
36 51
36 273
37 193
37 165
37 268
37 80
37 156
38 228
38 296
38 124
38 75
38 294
38 245
38 126
38 298
38 198
38 155
38 96
38 92
38 73
38 71
38 172
39 223
39 179
39 88
39 59
39 207
39 157
39 227
40 206
40 94
40 134
40 212
41 218
41 120
41 97
41 215
42 177
42 250
42 150
42 117
43 129
43 84
43 183
43 201
43 225
43 118
43 108
43 291
43 189
43 265
43 194
43 153
43 74
43 168
43 142
43 69
43 63
43 100
43 199
43 237
43 256
44 132
44 90
44 173
44 211
44 243
44 149
44 186
44 167
45 269
45 144
45 279
45 219
45 99
45 127
46 297
46 62
47 292
47 275
47 252
47 95
48 274
48 247
48 196
48 231
48 68
48 135
48 299
48 56
48 133
48 254
49 195
49 103
49 175
49 176
49 152
49 216
49 281
49 258
50 130
50 229
50 160
50 170
50 51
50 208
51 160
51 130
51 229
51 170
51 273
51 208
52 162
52 89
53 104
53 102
53 86
53 246
54 78
55 211
55 90
55 186
55 243
55 132
55 173
55 149
55 167
56 196
56 68
56 231
56 135
56 299
56 274
56 214
56 247
56 133
56 254
57 66
57 143
57 271
58 64
58 288
58 236
58 191
58 235
59 223
59 88
59 179
59 207
59 157
59 227
60 106
60 159
61 224
61 282
61 163
62 82
62 188
62 297
62 93
63 265
63 142
63 153
63 291
63 168
63 183
63 189
63 194
63 69
63 201
63 74
63 84
63 225
63 108
63 118
63 100
63 199
63 237
63 256
64 288
64 236
64 191
64 242
64 235
65 266
65 238
65 239
65 158
65 287
66 202
66 234
66 240
66 271
67 101
67 253
67 192
67 278
67 232
67 257
67 290
68 196
68 231
68 274
68 214
68 247
68 135
68 299
68 133
68 254
69 129
69 265
69 142
69 153
69 291
69 168
69 183
69 189
69 194
69 201
69 74
69 84
69 225
69 108
69 118
69 100
69 199
69 237
69 256
70 128
70 137
70 116
70 284
71 96
71 228
71 294
71 296
71 198
71 298
71 75
71 73
71 92
71 245
71 155
71 124
71 126
71 172
72 272
72 276
72 182
72 226
73 96
73 228
73 296
73 198
73 298
73 75
73 92
73 245
73 155
73 124
73 126
73 172
74 129
74 225
74 291
74 194
74 201
74 108
74 265
74 84
74 118
74 183
74 153
74 189
74 168
74 142
74 100
74 199
74 237
74 256
75 228
75 296
75 124
75 294
75 245
75 126
75 298
75 198
75 155
75 96
75 92
76 109
76 122
76 107
76 151
76 112
76 123
77 300
77 197
77 293
77 249
77 87
78 148
79 200
79 110
79 217
79 136
79 267
79 105
80 268
80 165
80 193
80 156
81 91
81 125
82 297
83 262
83 263
83 203
83 141
83 178
83 114
83 180
83 244
83 280
83 283
84 183
84 129
84 201
84 225
84 118
84 108
84 291
84 189
84 265
84 194
84 153
84 168
84 142
84 100
84 199
84 237
84 256
85 241
85 248
85 185
85 190
86 104
86 102
86 184
86 246
87 249
88 223
88 179
88 207
88 157
88 227
89 162
90 259
90 211
90 186
90 255
90 243
90 132
90 173
90 149
90 167
90 295
91 125
92 96
92 228
92 296
92 298
92 198
92 245
92 155
92 124
92 126
92 172
93 297
94 206
94 134
94 212
95 292
95 275
95 252
96 228
96 294
96 296
96 298
96 198
96 245
96 155
96 124
96 126
96 172
97 120
97 218
97 164
97 215
98 161
99 269
99 144
99 279
99 219
99 127
100 129
100 265
100 142
100 153
100 168
100 201
100 225
100 108
100 118
100 199
100 237
101 192
101 278
101 257
101 290
102 104
102 184
102 246
103 176
103 152
103 216
103 195
103 175
103 220
103 281
103 258
104 184
104 246
105 200
105 136
105 267
105 110
105 217
106 169
106 159
107 122
107 109
107 151
107 112
107 123
108 129
108 225
108 201
108 118
108 183
108 291
108 189
108 265
108 194
108 153
108 168
108 142
108 199
108 237
108 256
109 122
109 151
109 112
109 123
110 200
110 217
111 222
111 174
111 286
111 187
111 210
112 123
113 233
113 204
113 205
113 147
113 285
113 251
113 221
114 263
114 262
114 203
114 141
114 178
114 180
114 280
114 283
114 146
115 121
115 171
116 137
116 128
116 260
116 284
117 177
117 150
117 250
118 129
118 225
118 201
118 183
118 291
118 189
118 265
118 194
118 153
118 168
118 142
118 199
118 237
118 256
119 166
119 145
119 181
119 131
119 213
120 164
121 171
122 123
123 151
124 228
124 296
124 294
124 245
124 126
124 298
124 198
124 155
124 172
126 228
126 294
126 198
126 155
126 172
127 269
127 144
127 279
127 219
128 260
128 284
129 183
129 201
129 225
129 291
129 189
129 265
129 194
129 168
129 142
129 199
129 237
129 256
130 229
130 160
130 170
130 273
130 208
131 166
131 181
132 259
132 186
132 211
132 243
132 255
132 173
132 149
132 167
132 295
133 196
133 135
133 231
133 299
133 274
133 214
133 247
133 254
134 206
134 212
135 196
135 231
135 274
135 214
135 247
135 299
135 254
136 200
136 217
137 260
137 284
138 182
138 272
139 224
139 282
139 163
140 230
140 154
140 261
141 263
141 203
141 178
141 180
141 280
141 283
141 262
141 146
142 265
142 153
142 291
142 168
142 183
142 194
142 201
142 225
142 199
142 237
142 256
143 202
143 234
143 240
143 271
144 269
144 279
144 219
145 181
145 166
146 262
146 263
146 203
146 178
146 180
146 244
146 280
146 283
147 204
147 221
147 251
147 233
147 285
149 259
149 173
149 211
149 243
149 186
149 255
149 167
149 295
150 177
150 250
152 216
152 176
152 195
152 175
152 220
152 281
152 258
153 225
153 291
153 194
153 201
153 183
153 189
153 168
153 199
153 237
153 256
154 230
154 261
155 228
155 294
155 296
155 298
155 198
155 245
155 172
156 193
156 165
156 268
157 223
157 207
157 179
157 227
158 266
158 239
158 287
159 169
160 170
160 273
163 282
164 218
164 215
165 268
165 193
166 181
166 213
167 259
167 255
167 186
167 173
167 211
167 243
167 295
168 225
168 291
168 194
168 201
168 183
168 189
168 199
168 256
170 229
170 273
170 208
172 228
172 294
172 296
172 198
172 298
172 245
173 259
173 211
173 243
173 186
173 255
173 295
174 222
174 210
175 195
175 176
175 216
175 220
175 281
175 258
176 216
176 195
176 281
176 258
177 250
178 180
178 280
178 283
178 263
178 203
178 244
178 262
179 223
179 207
179 227
180 280
180 283
180 263
180 203
180 244
180 262
181 213
182 276
182 272
182 226
183 225
183 265
183 199
183 237
184 246
185 190
185 270
185 248
185 241
186 259
186 255
186 243
186 295
187 222
187 210
188 297
189 225
189 265
189 199
189 237
190 270
191 236
191 242
191 235
192 253
192 278
192 232
192 257
192 290
193 268
194 225
194 265
194 199
194 237
195 216
195 220
195 281
195 258
196 274
196 214
196 247
196 231
196 299
196 254
197 249
198 228
198 294
198 296
198 298
198 245
199 265
199 291
199 201
199 225
199 237
199 256
200 217
200 267
201 225
201 265
201 237
202 271
203 263
203 280
203 283
203 244
203 262
204 205
204 233
204 285
205 221
205 251
205 233
205 285
207 223
207 227
208 273
210 222
210 286
211 259
211 255
211 243
211 295
214 274
214 247
214 231
214 299
214 254
216 220
216 281
216 258
217 267
219 269
219 279
220 281
220 258
221 233
221 285
222 286
223 227
224 282
225 291
225 265
225 237
225 256
226 272
228 296
228 294
228 245
228 298
229 273
230 261
231 274
231 247
231 299
231 254
232 278
232 257
232 290
233 251
233 285
234 271
235 288
235 236
235 242
236 288
236 242
237 291
237 256
238 266
239 266
240 271
241 270
242 288
243 259
243 255
243 295
244 263
244 280
244 283
244 262
245 294
247 274
247 299
247 254
248 270
249 293
249 300
251 285
252 275
252 292
253 278
253 257
253 290
254 299
254 274
256 265
257 278
257 290
258 281
260 284
262 263
262 280
262 283
263 280
263 283
264 289
265 291
266 287
269 279
272 276
274 299
278 290
280 283
294 296
294 298
296 298
