heur056_n_300_m_12131
1 210
1 116
1 121
1 162
1 19
1 181
1 171
1 241
2 5
2 177
2 186
2 62
3 257
3 217
3 142
3 201
3 125
3 108
4 58
4 174
4 236
4 102
5 233
5 177
5 57
5 186
6 175
6 93
6 300
7 185
8 163
8 131
8 40
8 272
8 113
8 82
8 254
8 223
8 38
8 271
8 39
8 11
8 161
8 200
8 74
8 80
9 168
9 107
9 81
9 88
9 281
9 243
10 76
10 141
11 131
11 38
11 39
11 40
11 271
11 113
11 82
11 223
11 161
11 228
11 200
11 74
12 63
12 118
13 256
13 296
13 78
13 207
13 87
13 215
13 26
13 251
13 31
13 290
13 275
13 126
13 242
14 25
14 211
14 289
15 185
16 130
16 98
16 104
16 226
16 154
16 106
16 293
16 105
16 111
16 250
16 48
17 33
17 71
17 277
17 261
17 203
17 213
17 109
18 248
18 133
18 178
18 280
18 97
18 66
18 148
19 162
19 210
19 116
19 121
19 181
19 171
20 35
20 22
20 23
21 45
21 287
21 169
22 35
22 23
23 35
24 73
24 266
24 267
24 123
24 77
24 52
24 53
24 218
24 286
24 270
24 183
25 56
25 211
26 296
26 89
26 31
26 87
26 251
26 290
26 275
26 126
26 36
26 242
27 286
27 53
27 267
27 52
27 77
27 73
27 266
27 123
27 183
29 219
29 199
29 173
29 34
29 259
29 224
29 146
29 276
29 60
30 265
30 269
31 256
31 296
31 78
31 207
31 215
31 87
31 275
31 36
31 242
32 185
33 71
33 277
33 261
33 203
33 109
34 199
34 208
34 219
34 259
34 224
34 146
34 276
34 60
36 256
36 290
36 78
36 207
36 275
36 87
36 89
36 215
36 251
36 126
36 242
37 81
37 88
37 168
37 110
37 107
37 132
37 243
38 163
38 40
38 272
38 82
38 254
38 271
38 39
38 228
38 200
38 74
38 80
39 163
39 40
39 271
39 272
39 113
39 82
39 254
39 223
39 161
39 228
39 200
39 74
39 80
40 163
40 272
40 113
40 254
40 82
40 271
40 228
40 200
40 74
40 80
41 67
41 229
41 172
41 255
42 137
42 55
42 127
42 159
42 231
43 99
43 214
43 189
43 260
43 230
43 196
44 262
44 238
44 197
44 288
44 120
44 75
44 209
44 83
44 136
45 287
46 144
46 184
46 138
46 143
46 151
47 54
47 69
47 165
48 226
48 98
48 293
48 104
48 105
48 106
48 250
48 154
49 292
49 147
50 153
50 129
51 114
51 166
52 53
52 218
52 286
52 246
52 270
53 286
53 218
53 267
53 246
53 73
53 266
53 123
53 270
53 183
54 68
54 69
54 232
55 159
55 127
55 134
55 140
55 237
55 231
56 211
56 289
57 233
57 177
57 186
57 62
58 236
58 102
59 280
59 97
59 66
59 133
59 178
59 180
59 148
59 248
59 139
60 224
60 199
60 173
60 208
60 276
60 157
60 219
61 147
61 292
61 86
62 177
62 186
62 233
63 118
63 155
63 100
64 72
64 285
64 222
65 202
65 252
65 187
65 92
65 221
65 194
66 280
66 178
66 180
66 248
66 148
66 139
67 229
67 172
67 255
67 70
67 291
68 69
68 165
69 165
69 232
70 229
70 172
70 240
70 245
70 255
70 291
71 109
72 285
72 222
73 267
73 77
73 246
73 218
73 270
74 161
74 163
74 228
74 200
74 271
74 272
74 113
74 82
74 254
74 223
74 80
75 288
75 120
75 209
75 83
76 141
76 95
76 84
77 246
77 218
77 286
77 266
77 123
77 270
78 296
78 89
78 87
78 251
78 290
78 275
78 126
78 242
79 205
79 149
79 192
79 235
80 161
80 131
80 228
80 200
80 271
80 113
80 82
80 223
81 88
81 168
81 110
81 107
81 132
81 243
82 163
82 131
82 272
82 113
82 254
82 271
82 161
82 228
82 200
83 288
83 197
83 262
83 238
83 209
83 216
83 120
83 136
84 141
84 95
85 204
86 292
86 147
87 256
87 207
87 215
87 89
87 290
87 275
87 126
88 281
88 168
88 110
88 107
88 132
88 243
89 256
89 207
89 215
89 275
90 239
92 221
92 202
92 252
92 193
92 182
92 194
92 283
92 150
92 253
92 273
92 103
93 264
93 300
94 298
94 263
95 141
96 221
96 202
96 252
96 182
96 194
96 283
96 253
96 273
96 103
97 280
97 178
97 180
97 248
97 148
97 139
98 104
98 106
98 293
98 250
99 214
99 189
99 260
99 196
100 118
102 174
103 193
103 194
103 202
103 273
103 150
103 253
103 187
103 252
103 221
104 130
104 226
104 106
104 293
104 105
104 250
105 293
105 106
105 111
105 250
106 130
106 226
106 154
106 111
107 168
107 110
107 281
107 132
107 243
108 257
108 258
108 201
108 142
108 179
108 217
108 220
108 158
109 261
109 203
109 277
109 213
110 168
110 281
110 243
111 226
111 293
111 250
112 138
112 144
112 184
112 143
112 151
113 163
113 272
113 254
113 131
113 223
113 271
113 161
113 228
113 200
114 166
115 170
115 195
115 198
115 297
115 190
116 210
116 121
116 181
116 171
116 241
117 265
117 269
118 155
119 244
119 135
119 164
120 288
120 197
120 262
120 238
120 216
120 136
121 210
121 162
121 241
122 135
122 164
123 266
123 267
123 246
123 218
123 286
123 270
123 183
124 206
124 268
124 239
125 257
125 258
125 201
125 142
125 179
125 217
125 158
125 220
126 256
126 207
126 275
126 215
126 242
127 137
127 134
127 140
127 237
127 231
128 172
128 229
129 153
129 299
130 226
130 293
130 250
131 163
131 272
131 254
131 271
131 228
132 168
132 243
133 280
133 248
133 180
133 178
133 148
133 139
134 137
134 159
134 231
135 244
135 279
135 167
135 164
136 288
136 209
137 159
137 140
137 237
137 231
138 144
138 184
138 188
138 151
139 280
139 180
139 248
140 159
140 231
142 257
142 258
142 217
142 158
142 201
142 220
143 144
143 184
143 188
143 151
144 188
144 184
144 151
145 185
146 224
146 199
146 173
146 208
146 219
146 157
146 276
147 292
148 280
148 248
149 205
149 235
150 194
150 202
150 182
150 187
150 252
150 221
150 253
150 273
151 184
152 295
152 185
154 226
154 293
154 250
156 166
157 224
157 259
157 173
158 257
158 217
159 237
159 231
160 170
160 195
160 198
160 297
160 190
161 163
161 272
161 254
161 228
161 200
162 210
162 181
162 171
162 241
163 223
163 271
163 228
163 200
164 167
164 244
164 279
165 232
166 176
166 284
168 281
168 243
169 287
170 195
170 198
170 297
170 190
171 210
171 241
172 245
172 255
172 240
172 291
173 199
173 208
173 219
173 259
173 224
173 276
175 264
175 300
177 186
177 233
178 248
179 257
179 217
180 280
180 248
181 210
181 241
182 193
182 202
182 252
182 187
182 221
182 194
182 253
182 273
183 266
183 267
183 246
183 218
183 286
184 188
185 295
185 278
185 227
185 234
186 233
187 202
187 252
187 221
187 193
187 194
187 283
187 253
187 273
189 214
189 230
190 195
190 198
190 297
191 249
191 294
192 205
192 235
193 202
193 252
193 221
193 194
193 283
194 202
194 252
194 283
194 253
194 273
195 198
195 297
196 230
196 214
197 238
197 216
197 288
197 209
198 297
199 219
199 259
199 276
200 228
200 271
200 272
200 254
201 257
201 217
201 220
202 221
202 252
202 283
202 253
202 273
203 261
203 277
205 235
206 239
207 296
207 251
207 290
207 275
207 242
208 259
208 276
209 288
209 262
209 238
209 216
210 241
211 289
212 239
213 261
214 260
214 230
215 296
215 251
215 290
215 275
215 242
216 238
216 288
217 258
217 220
218 286
218 267
218 246
218 266
219 259
219 224
219 276
220 257
221 252
221 283
221 253
221 273
222 285
223 272
223 254
223 271
223 228
224 259
224 276
226 293
226 250
227 295
227 234
228 271
228 272
228 254
229 245
229 255
229 240
229 291
230 260
231 237
238 288
239 268
240 255
240 291
242 256
242 290
242 296
242 275
243 281
245 255
246 267
246 286
246 266
246 270
247 274
248 280
251 256
251 296
251 275
252 283
252 253
252 273
253 283
254 271
256 296
256 290
256 275
257 258
259 276
262 288
263 298
264 300
265 269
266 267
266 286
266 270
267 286
267 270
270 286
271 272
273 283
275 290
275 296
278 295
290 296
