heur044_n_300_m_3234
1 181
1 127
2 201
2 220
2 251
2 165
2 78
2 189
3 66
3 26
3 298
3 173
3 20
3 245
3 148
3 281
3 90
3 235
4 128
4 33
4 291
4 69
4 166
4 138
4 74
4 47
4 113
4 117
4 55
4 87
4 157
4 287
4 18
5 181
5 19
5 127
6 121
6 198
6 184
6 274
6 225
6 176
6 126
6 73
6 172
6 175
6 206
6 129
6 183
7 56
7 202
7 250
7 65
8 230
8 207
8 42
8 214
8 85
9 231
9 277
9 142
9 72
9 48
9 76
9 226
9 253
9 177
9 143
10 45
10 191
10 232
10 252
10 196
10 28
10 219
10 133
10 58
10 14
10 193
10 145
10 263
11 144
11 154
11 49
11 132
11 280
11 30
11 169
12 160
12 262
12 200
12 106
12 141
12 190
12 50
12 23
12 156
12 286
12 146
12 161
12 103
12 140
12 131
12 284
12 13
13 161
13 131
13 262
13 103
13 200
13 141
13 140
13 146
13 284
13 23
13 156
13 190
14 196
14 133
14 295
14 232
14 45
14 28
14 58
14 219
14 252
14 191
14 193
14 145
14 263
15 292
15 296
15 248
15 205
15 83
16 195
16 272
16 300
16 244
16 60
16 273
16 224
16 102
16 61
16 197
16 171
16 88
17 293
17 264
17 137
17 234
17 241
17 52
17 276
17 119
17 152
17 31
17 70
17 114
17 147
18 128
18 33
18 192
18 291
18 69
18 166
18 74
18 47
18 113
18 117
18 21
18 87
18 157
18 287
19 181
19 127
20 66
20 245
20 149
20 90
20 298
20 148
20 173
20 281
20 134
20 26
20 258
20 235
20 79
21 166
21 291
21 47
21 157
21 138
21 128
21 69
21 55
21 87
21 113
21 74
21 287
22 164
22 111
22 84
22 116
22 118
22 218
22 158
22 101
23 200
23 156
23 50
23 286
23 141
23 190
23 106
23 160
23 262
23 146
23 161
23 103
23 140
23 131
23 284
24 227
24 228
24 80
24 94
24 92
24 89
24 186
24 75
24 168
24 43
24 242
24 208
25 217
25 36
25 233
25 288
26 66
26 134
26 298
26 173
26 245
26 149
26 148
26 281
26 90
26 258
26 235
26 79
27 46
27 211
28 191
28 196
28 232
28 45
28 252
28 295
28 219
28 133
28 58
28 193
28 145
28 263
29 37
29 299
29 268
29 77
29 82
29 115
29 151
29 153
29 247
29 71
29 162
30 132
30 144
30 49
30 280
30 154
30 169
31 293
31 264
31 137
31 234
31 210
31 52
31 276
31 119
31 279
31 152
31 70
31 114
32 41
32 174
32 187
32 110
32 222
32 283
33 128
33 291
33 166
33 69
33 138
33 47
33 157
33 55
33 87
33 113
33 287
34 99
34 93
34 278
34 254
34 221
34 213
34 215
35 120
35 275
35 260
35 216
35 130
35 163
35 98
36 217
36 136
36 233
36 188
36 288
37 82
37 153
37 115
37 268
37 299
37 151
37 77
37 59
37 71
37 162
38 53
38 97
38 91
39 64
39 194
39 107
39 139
39 239
39 249
39 282
40 67
40 271
40 267
40 51
40 68
40 203
40 44
41 174
41 187
41 110
41 222
41 283
42 230
42 207
42 57
42 105
42 204
42 238
42 214
42 199
42 85
42 255
43 227
43 228
43 168
43 75
43 80
43 89
43 186
43 92
43 94
43 242
43 208
44 67
44 68
44 267
44 203
44 271
44 51
45 191
45 232
45 252
45 196
45 295
45 219
45 133
45 58
45 193
45 145
45 263
46 211
47 291
47 166
47 117
47 157
47 138
47 128
47 69
47 55
47 87
47 113
47 74
47 287
48 231
48 142
48 277
48 246
48 76
48 253
48 177
48 143
49 144
49 154
49 132
49 280
49 169
50 200
50 156
50 190
50 262
50 146
50 161
50 140
50 131
50 284
51 67
51 267
51 271
51 68
51 203
52 264
52 137
52 241
52 279
52 152
52 234
52 210
52 293
52 70
52 114
53 97
53 91
54 164
54 84
54 116
54 118
54 158
54 101
55 128
55 291
55 166
55 69
55 117
55 157
55 87
55 113
55 74
55 287
56 202
56 250
56 65
57 207
57 230
57 243
57 204
57 238
57 214
57 85
58 196
58 295
58 232
58 219
58 252
58 191
58 193
58 145
58 263
59 299
59 268
59 77
59 82
59 115
59 151
59 153
59 247
59 71
59 162
60 195
60 300
60 269
60 272
60 244
60 273
60 224
60 102
60 61
60 197
60 171
60 88
61 224
61 195
61 102
61 300
61 269
61 272
61 273
61 244
61 197
61 171
61 88
62 96
62 270
62 178
62 179
62 123
62 124
62 285
63 107
63 249
63 194
63 239
63 282
63 64
63 139
64 194
64 107
64 239
64 249
64 282
64 139
65 202
65 250
66 245
66 149
66 90
66 298
66 148
66 173
66 281
66 134
66 258
66 235
66 79
67 267
67 68
67 203
68 267
68 271
68 203
69 128
69 291
69 166
69 138
69 117
69 157
69 87
69 113
69 74
69 192
69 287
70 293
70 137
70 241
70 210
70 276
70 119
70 152
70 279
70 114
70 147
71 299
71 268
71 77
71 82
71 115
71 151
71 153
71 247
71 162
72 231
72 142
72 277
72 246
72 76
72 253
72 177
72 143
73 225
73 198
73 176
73 274
73 184
73 121
73 126
73 172
73 175
73 206
73 129
73 183
74 128
74 291
74 166
74 138
74 113
74 117
74 87
74 157
74 192
74 287
75 227
75 228
75 80
75 89
75 186
75 92
75 94
75 168
75 242
75 208
76 231
76 142
76 277
76 246
76 226
76 253
76 177
76 143
77 299
77 268
77 82
77 115
77 151
77 153
77 247
77 162
78 165
78 201
78 251
78 220
78 189
79 90
79 134
79 298
79 235
79 173
79 245
79 149
79 281
80 227
80 94
80 228
80 92
80 89
80 186
80 168
80 242
80 208
81 290
81 100
81 108
82 153
82 115
82 268
82 299
82 151
82 247
82 162
83 292
83 296
83 205
83 248
84 218
84 164
84 116
84 150
84 118
84 111
84 158
84 101
85 230
85 199
85 105
85 204
85 238
85 207
85 243
85 214
85 255
86 257
86 294
86 167
86 112
86 212
86 182
86 229
86 135
86 289
86 159
86 297
87 128
87 291
87 166
87 138
87 117
87 157
87 113
87 192
87 287
88 224
88 195
88 197
88 102
88 171
88 300
88 269
88 272
88 273
88 244
89 227
89 228
89 92
89 94
89 186
89 168
89 208
90 245
90 149
90 298
90 148
90 173
90 281
90 134
90 258
90 235
91 97
92 227
92 228
92 94
92 186
92 168
92 242
92 208
93 99
93 278
93 209
93 221
93 213
93 180
94 227
94 228
94 186
94 168
94 242
94 208
95 240
95 259
95 261
95 266
96 285
96 179
96 124
96 123
96 223
96 178
96 270
97 256
98 130
98 260
98 163
98 275
98 120
98 216
99 278
99 209
99 221
99 213
99 180
99 215
100 290
100 108
100 122
101 164
101 111
101 116
101 150
101 118
101 218
101 158
102 224
102 300
102 269
102 272
102 273
102 244
102 197
102 171
103 160
103 161
103 262
103 200
103 106
103 146
103 156
103 190
103 286
103 140
103 131
103 284
104 237
104 265
104 185
104 155
105 230
105 207
105 214
106 200
106 141
106 156
106 190
106 286
106 160
106 262
106 146
106 161
106 140
106 131
106 284
107 249
107 194
107 239
108 290
108 122
109 170
109 125
110 187
110 174
110 222
110 283
111 116
111 118
111 218
111 158
112 294
112 257
112 167
112 212
112 182
112 135
112 289
112 159
112 297
113 128
113 291
113 166
113 138
113 117
113 157
113 192
113 287
114 293
114 264
114 137
114 234
114 241
114 210
114 276
114 119
114 152
114 279
114 147
115 153
115 268
115 299
115 151
115 247
115 162
116 164
116 218
116 150
116 118
116 158
117 166
117 291
117 157
117 138
117 128
117 287
118 164
118 150
118 218
118 158
119 264
119 137
119 234
119 241
119 279
119 152
119 210
119 293
120 275
120 260
120 216
120 130
120 163
121 198
121 274
121 225
121 176
121 126
121 172
121 175
121 206
121 129
121 183
122 290
123 179
123 285
123 223
123 178
123 270
124 179
124 285
124 223
124 178
124 270
125 170
126 225
126 198
126 176
126 274
126 184
126 172
126 175
126 206
126 129
126 183
127 181
128 291
128 166
128 138
128 157
128 192
128 287
129 225
129 198
129 172
129 206
129 175
129 274
129 184
129 183
130 260
130 275
130 216
130 163
131 160
131 161
131 262
131 200
131 141
131 140
131 146
131 156
131 190
131 286
131 284
132 144
132 154
132 280
132 169
133 295
133 232
133 219
133 252
133 191
133 193
133 145
133 263
134 298
134 173
134 245
134 149
134 148
134 281
134 258
134 235
135 257
135 229
135 294
135 167
135 212
135 182
135 289
135 159
135 297
136 217
136 233
136 188
136 288
137 264
137 241
137 276
137 279
137 152
137 234
137 210
137 293
137 147
138 291
138 166
138 157
138 192
138 287
139 194
139 239
140 160
140 161
140 262
140 141
140 146
140 156
140 190
140 286
140 284
141 200
141 156
141 286
141 190
141 160
141 262
141 146
141 161
141 284
142 231
142 277
142 246
142 226
142 253
142 143
143 226
143 231
143 177
143 277
143 246
143 253
144 154
144 280
144 169
145 193
145 196
145 295
145 232
145 219
145 252
145 191
145 263
146 262
146 200
146 156
146 190
146 161
146 284
147 293
147 264
147 234
147 241
147 210
147 152
147 279
148 298
148 245
148 149
148 173
148 281
148 258
148 235
149 245
149 298
149 173
149 281
149 258
149 235
150 164
150 218
150 158
151 299
151 268
151 247
152 264
152 241
152 276
152 234
152 210
152 293
153 268
153 299
153 247
154 280
155 237
155 185
156 200
156 286
156 190
156 160
156 262
156 161
156 284
157 291
157 166
157 192
157 287
158 164
158 218
159 257
159 289
159 229
159 294
159 212
159 182
159 297
160 200
160 190
160 262
160 161
161 262
161 200
161 190
161 286
161 284
162 299
162 268
162 247
163 260
163 275
163 216
164 218
165 201
165 251
165 220
165 189
166 291
166 192
166 287
167 257
167 294
167 212
167 182
167 229
167 289
167 297
168 227
168 228
168 186
168 242
168 208
169 280
171 224
171 195
171 197
171 300
171 269
171 272
171 273
171 244
172 198
172 176
172 274
172 175
172 206
172 183
173 298
173 245
173 281
173 258
173 235
174 187
174 222
174 283
175 225
175 198
175 176
175 274
175 184
175 206
175 183
176 225
176 198
176 274
176 184
176 206
176 183
177 277
177 246
177 253
178 179
178 285
178 223
178 270
179 285
179 223
180 209
180 213
180 278
180 221
180 254
180 215
182 257
182 294
182 212
182 229
182 289
182 297
183 225
183 198
183 206
183 274
183 184
184 198
184 206
185 265
185 237
186 227
186 228
186 242
186 208
187 222
187 283
188 217
188 233
188 288
189 201
189 251
189 220
190 286
190 262
190 284
191 232
191 252
191 196
191 295
191 219
191 193
191 263
192 291
192 287
193 196
193 232
193 219
193 252
193 263
194 249
194 239
194 282
195 272
195 300
195 244
195 269
195 273
195 224
195 197
196 232
196 252
196 295
196 219
196 263
197 224
197 300
197 269
197 272
197 273
197 244
198 274
198 225
198 206
199 230
199 207
199 238
199 243
199 214
200 286
200 262
200 284
201 220
201 251
202 250
203 267
204 230
204 207
204 243
204 238
204 214
204 255
205 292
205 296
205 248
206 225
206 274
207 230
207 243
207 238
207 214
207 255
208 227
208 228
208 242
209 278
209 254
209 221
209 213
209 215
210 264
210 234
210 241
210 276
210 293
212 257
212 294
212 229
212 289
212 297
213 278
213 254
213 215
214 230
214 238
214 243
214 255
215 278
215 221
216 260
216 275
217 233
219 295
219 232
219 252
219 263
220 251
221 278
221 254
222 283
223 285
223 270
224 300
224 269
224 272
224 273
224 244
226 231
226 277
226 246
226 253
227 242
228 242
229 257
229 294
229 289
229 297
230 243
230 238
230 255
231 246
231 253
232 252
232 295
232 263
233 288
234 241
234 276
234 279
234 293
235 258
235 298
235 245
235 281
237 265
238 243
238 255
239 249
239 282
240 259
240 261
240 266
241 279
241 264
241 276
241 293
243 255
244 300
244 272
244 269
244 273
245 298
245 281
245 258
246 277
246 253
247 299
247 268
248 292
248 296
252 295
252 263
253 277
257 294
257 289
257 297
258 298
258 281
259 261
259 266
261 266
262 286
262 284
263 295
264 279
264 276
264 293
268 299
269 300
269 272
269 273
270 285
272 300
272 273
273 300
276 279
276 293
279 293
281 298
284 286
287 291
289 294
289 297
292 296
294 297
