heur059_n_300_m_7867
1 130
1 6
1 143
1 113
1 246
1 15
1 50
1 53
1 95
2 41
2 202
2 138
2 279
2 275
2 219
3 132
3 110
3 253
3 152
3 106
3 38
3 255
3 161
3 10
3 88
4 71
4 181
4 67
4 167
4 126
4 111
4 270
4 74
4 300
4 242
4 224
4 288
4 20
4 54
5 107
5 112
5 223
5 235
5 179
5 187
5 217
5 120
6 130
6 113
6 246
6 143
6 15
6 95
7 119
7 155
7 151
8 206
8 194
8 33
9 64
9 239
9 176
9 56
9 104
9 286
9 129
9 169
9 229
9 283
10 161
10 132
10 38
10 106
10 110
10 152
10 253
10 88
11 19
11 299
11 208
11 108
12 80
13 291
13 131
13 114
13 137
13 278
13 256
13 228
14 258
14 215
14 30
14 32
14 93
14 70
14 139
14 44
14 22
15 130
15 143
15 113
15 246
15 50
15 53
15 95
16 48
16 51
16 94
16 127
16 189
16 73
16 260
17 231
17 268
17 55
17 284
17 52
17 245
17 220
17 250
17 216
18 128
18 40
18 282
18 248
18 58
18 198
18 205
19 165
19 299
19 208
19 108
20 224
20 288
20 71
20 167
20 74
20 300
20 126
20 54
21 266
21 297
21 148
21 294
21 273
21 144
22 32
22 226
22 258
22 70
22 139
22 44
22 207
22 210
22 215
22 62
22 24
22 93
22 30
23 80
24 32
24 258
24 215
24 93
24 30
24 70
24 139
24 44
25 204
25 213
25 57
25 69
25 115
25 180
25 163
25 196
25 209
25 105
25 218
25 39
26 124
26 150
26 190
26 123
26 134
27 290
27 100
27 295
27 87
27 166
28 160
28 259
28 263
28 75
28 78
28 117
28 86
28 141
28 230
28 42
29 261
29 109
29 211
29 243
29 122
29 91
29 254
30 215
30 226
30 258
30 210
30 32
30 62
30 93
30 70
30 139
30 44
30 207
31 98
31 99
31 262
31 168
31 201
31 49
31 252
32 226
32 258
32 210
32 215
32 62
32 93
32 139
32 207
33 194
33 206
34 97
34 193
34 103
34 142
34 238
34 212
34 118
34 265
35 66
35 83
35 45
36 136
36 267
36 272
36 145
36 82
36 222
36 37
37 136
37 233
37 267
37 272
37 145
37 82
37 222
37 60
38 132
38 106
38 110
38 152
38 253
38 255
38 161
38 88
39 69
39 105
39 298
39 204
39 115
39 180
39 213
40 58
40 248
40 282
40 128
40 198
40 205
41 202
41 135
41 279
41 275
41 219
41 81
42 259
42 75
42 141
42 86
43 281
43 285
43 96
43 249
43 184
44 226
44 258
44 70
44 139
44 215
44 62
44 93
44 207
45 225
45 66
45 199
45 83
46 237
47 48
47 51
47 94
47 127
47 189
47 73
47 260
48 264
48 94
48 51
48 127
48 189
48 73
48 146
48 260
49 168
49 201
49 221
49 98
49 262
49 99
50 130
50 143
50 246
50 53
51 264
51 94
51 127
51 189
51 73
51 146
51 260
52 231
52 172
52 268
52 55
52 284
52 245
52 220
52 200
52 203
52 250
52 216
53 130
53 143
53 113
53 246
53 95
54 224
54 288
54 67
54 167
54 71
54 74
54 300
54 270
54 111
54 242
54 181
54 126
55 172
55 245
55 220
55 200
55 203
55 216
56 64
56 239
56 176
56 104
56 286
56 129
56 169
56 229
56 162
56 283
57 204
57 213
57 69
57 298
57 180
57 196
57 105
58 248
58 282
58 128
58 198
58 205
59 291
59 131
59 114
59 278
59 228
60 136
60 233
60 267
60 272
60 145
60 82
60 222
61 227
61 293
61 234
61 171
61 77
61 173
61 174
61 85
61 183
62 258
62 215
62 93
62 70
62 139
63 72
63 214
64 239
64 176
64 104
64 286
64 129
64 169
64 162
64 283
65 164
66 199
66 225
67 71
67 181
67 167
67 126
67 300
67 224
67 288
69 204
69 271
69 213
69 298
69 115
69 180
69 163
69 196
69 209
69 105
69 218
70 226
70 258
70 210
70 215
70 93
70 139
70 207
71 181
71 167
71 126
71 270
71 74
71 300
71 242
71 224
71 288
72 214
73 264
73 189
73 94
73 127
73 146
74 167
74 270
74 111
74 181
74 126
74 300
74 242
74 224
74 288
75 263
75 269
75 259
75 117
75 158
75 86
75 141
75 230
76 195
76 292
76 154
76 186
77 227
77 293
77 234
77 171
77 173
77 174
77 85
77 183
77 251
78 259
78 117
78 158
78 86
78 141
79 192
79 133
79 140
79 236
79 149
79 247
79 280
79 121
79 287
79 159
79 241
80 277
80 157
81 135
81 232
81 202
81 138
81 219
81 279
82 136
82 233
82 267
82 145
83 199
83 225
84 289
84 101
84 102
84 296
84 276
84 182
84 153
85 227
85 293
85 234
85 171
85 174
85 251
86 259
86 263
86 269
86 117
86 158
86 141
86 230
87 290
87 274
87 100
87 295
87 166
88 161
88 255
89 107
89 235
89 112
89 179
89 120
89 217
89 187
90 240
91 211
91 243
91 254
91 122
92 170
92 177
92 185
93 226
93 258
93 210
93 215
93 139
93 207
94 189
94 146
94 260
95 130
95 246
96 281
96 285
96 249
96 184
97 103
97 142
97 212
97 238
97 193
97 265
98 168
98 201
98 252
98 221
98 262
98 99
99 262
99 168
99 201
99 252
99 221
100 290
100 295
100 274
100 166
101 102
101 182
101 289
101 276
101 296
101 153
102 182
102 289
102 276
102 296
102 153
103 142
103 118
103 212
103 238
103 265
104 239
104 286
104 129
104 162
104 283
105 163
105 196
105 298
105 204
105 271
105 209
105 115
105 180
105 213
105 218
106 152
106 255
106 161
107 112
107 235
107 179
107 187
107 156
107 217
107 120
108 165
108 208
109 211
109 243
109 254
109 122
110 255
110 161
111 167
111 181
111 126
111 300
111 242
111 224
111 288
112 235
112 179
112 187
112 156
112 217
112 120
113 130
114 291
114 131
114 137
114 278
114 256
114 147
114 228
115 180
115 163
115 196
115 218
116 240
117 160
117 259
117 263
117 141
117 230
118 142
118 212
118 238
118 265
119 155
119 151
120 235
120 179
120 217
120 187
120 156
120 223
121 192
121 287
121 140
121 247
121 149
121 236
121 280
121 159
121 241
122 211
122 243
122 254
123 150
123 124
123 134
123 178
124 150
124 190
124 134
124 178
125 191
125 175
126 167
126 181
126 270
126 300
126 242
126 224
126 288
127 189
127 260
128 248
128 282
128 198
128 205
129 239
129 176
129 286
129 169
129 229
129 162
129 283
130 246
130 143
131 291
131 137
131 278
131 256
131 147
131 228
132 152
132 255
132 161
133 192
133 287
133 140
133 247
133 149
133 236
133 280
133 159
133 241
134 150
134 190
134 178
135 232
135 202
135 138
135 279
135 275
135 219
136 233
136 267
136 222
136 145
136 272
137 291
137 278
137 228
138 202
138 279
138 275
138 219
139 226
139 258
139 210
139 215
139 207
140 287
140 247
140 149
140 236
140 280
140 159
140 241
141 160
141 259
141 263
141 269
141 158
141 230
142 212
142 238
142 193
142 265
143 246
144 294
144 297
144 273
144 148
145 233
145 267
145 222
146 189
146 260
147 291
147 278
147 228
148 297
148 266
148 294
148 273
149 192
149 247
149 287
149 236
149 280
149 159
149 241
150 190
150 178
151 155
152 255
152 161
153 289
153 296
153 182
154 195
156 235
156 179
156 187
156 217
158 160
158 259
158 263
158 230
159 192
159 236
159 247
159 241
160 263
160 269
160 259
160 230
161 253
161 255
162 169
162 239
162 286
162 283
163 298
163 204
163 180
163 213
163 209
165 299
165 208
166 290
166 295
166 274
167 181
167 270
167 300
167 242
167 288
168 201
168 252
168 221
168 262
169 239
169 283
170 177
170 185
171 227
171 234
171 173
171 174
171 183
171 293
171 251
172 284
172 268
172 231
172 245
172 220
172 250
172 216
173 227
173 234
173 174
173 251
174 227
174 234
174 293
175 191
176 239
176 283
177 185
178 190
179 235
179 223
179 187
179 217
180 298
180 204
180 196
180 209
180 218
181 300
181 224
181 288
182 289
182 276
182 296
183 227
183 234
183 251
184 249
184 281
184 285
186 195
186 292
187 235
187 217
188 244
189 264
189 260
192 287
192 247
192 236
192 280
192 241
193 238
193 212
193 265
194 206
195 292
196 298
196 204
196 271
196 213
198 248
198 282
200 268
200 284
201 221
202 232
202 275
202 219
203 231
203 268
203 220
203 245
203 284
203 250
203 216
204 213
204 298
204 209
204 218
205 248
205 282
207 226
207 258
207 215
208 299
210 258
210 215
211 261
211 243
211 254
212 238
212 265
213 218
215 226
215 258
216 231
216 268
216 220
216 245
216 250
216 284
217 235
218 298
218 271
219 232
219 275
219 279
220 231
220 268
220 284
221 262
222 233
222 267
222 272
223 235
224 300
224 270
224 242
224 288
226 258
227 234
227 293
227 251
228 256
228 291
228 278
229 239
229 283
230 259
231 245
232 279
232 275
233 267
233 272
234 293
236 247
236 287
236 280
236 241
238 265
239 286
239 283
241 247
241 280
241 287
242 300
242 270
242 288
243 254
245 268
245 284
245 250
247 287
247 280
248 282
249 281
249 285
250 284
251 293
253 255
254 261
256 291
256 278
259 263
259 269
260 264
270 300
273 294
274 290
276 296
278 291
281 285
283 286
288 300
290 295
294 297
