heur014_n_300_m_14191
5 75
9 93
9 79
11 281
11 278
11 47
12 266
14 192
15 108
15 111
15 227
15 121
16 101
17 150
18 233
18 35
23 236
23 244
24 233
26 162
26 159
27 132
28 189
29 189
30 114
30 283
31 114
31 283
32 132
33 117
35 233
36 137
37 222
39 164
39 263
40 137
41 171
41 172
42 123
47 278
48 226
50 175
52 128
52 203
53 241
53 245
53 134
54 128
54 203
55 279
57 112
57 179
58 248
59 291
62 248
68 109
69 150
76 109
79 93
81 93
82 298
84 193
85 193
88 220
88 221
89 105
89 140
91 140
91 105
98 165
100 230
103 155
104 130
106 215
106 275
108 227
108 121
110 185
111 227
111 121
114 283
116 294
117 178
118 294
118 258
119 200
121 227
126 164
126 263
128 203
130 176
131 211
131 181
133 286
133 262
134 241
134 245
136 222
139 213
143 213
145 163
151 177
151 286
151 262
156 265
156 261
160 224
164 263
166 202
177 286
177 262
180 212
184 212
188 240
191 204
196 246
201 240
215 275
217 282
234 285
235 264
237 264
258 294
272 277
277 292
