heur020_n_320_m_5905
5 9
8 18
10 50
10 317
10 244
11 193
13 147
14 186
15 245
17 144
19 69
21 227
21 188
21 132
22 198
25 228
27 292
29 187
29 237
31 135
34 213
35 290
36 102
36 203
36 294
39 236
41 140
46 240
46 282
47 130
47 93
49 248
50 317
50 244
52 264
55 103
55 154
61 241
63 214
63 119
70 176
71 76
72 266
73 142
75 301
77 190
78 179
79 146
92 225
93 130
95 160
96 251
99 261
99 255
100 219
102 203
102 294
104 148
105 153
108 222
109 155
110 234
113 303
118 189
119 214
123 180
126 157
127 171
127 286
131 161
132 227
132 188
141 208
145 229
148 265
152 218
152 194
156 258
158 253
159 257
161 263
164 294
171 286
175 252
175 295
187 237
188 227
191 268
194 218
201 319
203 294
205 311
210 238
240 282
244 317
249 281
252 295
255 261
256 299
259 298
275 280
