heur049_n_300_m_17695
1 138
3 233
3 105
3 141
3 142
3 144
3 147
3 151
3 89
3 30
5 138
6 138
10 205
12 184
13 161
14 205
15 145
15 146
15 158
18 274
19 205
20 130
20 133
20 136
20 148
20 254
20 64
22 161
23 226
23 152
23 191
24 226
24 152
24 191
25 226
25 152
25 191
26 226
26 152
27 226
27 152
27 191
28 184
29 234
29 249
30 147
30 233
30 105
31 161
32 294
32 273
32 222
32 271
33 293
33 295
33 298
33 282
34 203
35 234
35 249
36 100
36 101
36 102
36 103
36 210
37 131
37 125
37 78
38 203
39 258
39 259
39 261
39 266
40 167
41 166
41 175
41 176
41 178
41 117
41 278
41 276
42 234
42 249
43 203
44 224
44 268
44 214
44 218
45 225
46 225
48 225
49 225
51 240
54 240
56 240
58 192
58 196
58 197
58 198
59 77
61 240
62 281
63 281
64 130
64 133
64 136
64 254
65 134
65 78
66 221
67 281
68 281
69 221
70 221
71 281
72 92
73 92
74 92
75 92
78 129
78 131
78 135
78 125
78 126
82 224
82 268
82 214
82 218
84 277
85 288
86 288
87 121
89 141
89 144
89 151
89 142
89 233
91 230
93 236
93 237
93 239
93 242
93 179
93 270
94 230
95 112
98 169
98 170
98 171
98 168
99 127
99 272
100 210
101 210
103 210
104 168
104 169
104 170
104 171
105 233
105 141
105 142
105 144
105 147
105 151
117 175
117 176
117 178
117 278
117 276
118 194
118 200
118 264
118 204
122 272
123 272
127 272
128 272
130 254
132 272
133 254
136 254
137 260
137 245
137 247
137 250
139 292
139 296
139 202
139 300
139 279
141 233
142 233
144 233
147 233
149 280
149 289
149 283
149 182
152 226
152 191
153 201
154 201
156 201
160 232
175 278
176 278
180 284
202 292
209 292
209 296
209 300
214 268
222 273
222 294
271 294
273 294
282 293
282 295
282 299
