heur012_n_250_m_20035
2 72
3 72
4 114
5 114
6 114
9 66
9 163
11 69
12 111
12 169
14 111
14 169
16 111
16 169
17 174
18 26
18 27
19 173
20 111
20 169
21 71
21 73
21 74
21 75
22 111
22 169
23 153
23 155
23 156
23 157
23 159
25 49
25 50
25 112
25 85
26 173
26 239
26 53
27 173
27 239
27 53
28 151
28 132
29 173
29 53
30 173
30 239
30 53
31 110
32 110
32 134
33 110
33 194
34 224
34 226
34 227
34 229
34 200
34 223
35 110
35 194
36 57
37 101
37 57
38 110
38 194
38 134
39 145
40 101
40 57
41 101
41 57
42 128
42 129
42 131
42 158
42 124
42 125
42 126
42 127
42 188
43 101
43 57
44 104
44 105
44 168
44 109
44 113
46 209
46 210
49 112
50 112
54 208
54 97
58 208
58 97
59 208
59 97
60 208
60 97
61 195
63 99
63 175
66 195
69 139
69 148
70 208
70 97
76 102
76 152
77 112
78 206
78 244
79 112
85 112
86 152
89 110
92 104
94 152
95 124
95 125
99 232
99 235
99 240
99 122
99 103
102 135
106 195
107 228
107 218
108 228
108 218
110 194
114 203
115 228
115 218
116 191
117 191
118 191
119 193
119 196
119 199
120 191
121 191
122 233
122 182
123 191
124 188
127 158
129 158
147 174
150 151
151 222
154 192
154 193
154 196
154 199
160 220
161 220
162 220
163 195
166 197
167 187
167 190
167 189
167 204
171 204
172 220
175 232
182 232
189 204
200 223
