heur005_n_160_m_4015
1 61
1 115
2 147
2 148
3 49
6 83
8 49
9 140
9 139
10 101
10 150
10 69
10 113
11 128
11 129
11 97
11 42
11 46
11 16
11 126
13 98
13 58
14 90
15 128
15 129
15 126
15 16
15 97
15 42
15 46
16 129
16 97
16 46
17 107
17 79
18 90
18 136
19 80
19 144
21 98
21 58
22 35
22 138
23 87
23 112
24 74
24 77
25 143
25 151
26 85
27 89
27 50
27 47
27 59
29 54
29 55
30 137
31 114
31 118
32 72
32 108
32 91
34 137
35 138
38 72
38 108
38 91
39 72
39 108
39 91
40 117
40 111
41 72
41 108
42 128
42 129
42 97
42 126
43 57
43 124
43 62
43 84
43 63
44 137
46 128
46 129
46 97
46 126
47 59
48 145
50 59
52 117
52 111
53 75
53 104
53 133
56 157
56 158
56 146
58 98
59 89
60 86
60 95
61 115
62 84
64 151
64 154
65 110
66 121
66 106
67 82
67 85
68 139
68 140
69 96
69 101
69 150
69 113
70 131
70 132
70 102
71 121
72 100
72 108
72 91
73 121
73 106
75 104
75 133
76 121
76 106
81 116
83 99
85 123
86 95
88 142
90 136
91 100
94 152
96 150
96 113
97 128
100 108
101 150
101 113
102 127
105 149
106 121
113 150
130 153
146 158
146 157
146 160
