heur030_n_330_m_5613
2 192
2 194
2 195
5 107
6 228
6 253
6 259
6 110
7 240
7 241
7 242
7 244
8 50
9 161
9 178
10 228
10 253
10 259
10 110
11 114
11 115
11 116
11 111
11 51
12 296
12 299
12 295
12 189
12 177
14 78
14 81
14 82
17 57
17 90
17 92
18 228
18 253
18 259
18 110
19 100
19 261
19 140
19 141
19 77
19 58
20 256
20 258
20 254
22 320
22 297
22 153
22 255
26 104
26 105
26 159
33 217
33 218
33 215
34 182
35 104
35 105
35 159
38 90
38 92
38 57
40 182
42 219
43 219
44 219
46 182
47 260
48 260
49 112
49 188
49 109
49 151
51 111
51 114
51 115
51 116
52 103
53 103
54 220
55 220
56 108
56 167
56 277
57 90
57 92
58 261
58 77
59 320
59 297
59 153
59 255
60 320
60 297
60 153
60 255
62 305
62 306
62 307
62 308
62 213
62 264
63 320
63 297
63 153
63 255
65 83
65 117
65 119
66 233
66 267
66 270
66 91
73 102
73 311
75 102
75 311
77 100
77 261
77 140
77 141
80 304
80 129
80 214
84 248
85 304
85 129
85 214
86 304
86 129
86 214
87 139
88 260
89 260
91 233
91 267
91 270
94 103
97 220
99 313
100 261
101 310
102 113
102 311
104 159
105 159
106 262
108 131
108 134
108 167
108 277
110 259
110 228
110 253
113 311
118 139
120 186
120 196
121 235
121 236
121 237
121 239
122 206
122 143
122 210
122 127
124 139
125 183
125 184
125 185
125 283
127 143
129 164
129 304
129 214
131 167
131 277
134 167
134 277
135 152
136 220
137 271
137 275
137 276
137 278
137 284
137 272
138 279
138 250
140 261
141 261
142 310
143 210
143 165
143 206
144 291
144 245
144 246
144 249
144 221
145 262
146 300
146 302
146 309
147 262
148 262
149 166
152 175
152 171
152 173
153 320
153 297
153 255
154 186
155 289
155 290
155 293
155 301
156 186
158 298
161 178
162 263
163 169
164 304
164 214
167 277
169 200
169 201
176 282
176 285
176 287
176 197
177 295
177 296
177 299
177 189
183 207
183 283
184 207
184 283
185 207
185 283
186 202
186 196
189 295
189 296
189 299
190 312
191 312
196 202
197 282
197 285
197 287
198 263
199 247
207 283
213 305
213 306
213 307
213 308
213 264
214 304
221 291
221 245
221 246
221 249
228 253
228 259
238 289
238 290
238 293
238 301
250 279
251 273
251 274
253 259
255 320
257 265
257 266
257 268
257 269
271 284
272 278
272 284
275 284
276 284
278 284
297 320
