heur011_n_250_m_6574
2 155
6 113
6 52
8 22
12 70
15 45
15 73
17 185
20 122
26 243
31 156
32 163
32 239
33 231
34 176
35 117
39 96
40 225
45 73
49 182
52 113
53 191
55 152
57 215
61 102
64 189
66 165
68 174
68 125
74 222
75 166
77 144
81 233
83 105
85 177
88 110
88 167
88 150
89 230
91 171
91 244
98 120
98 178
99 209
104 175
110 167
110 150
112 194
119 203
119 133
120 178
125 174
131 187
132 183
134 186
138 155
143 161
150 167
157 250
159 235
162 249
163 239
171 244
181 236
185 220
192 206
199 227
202 245
224 234
