heur051_n_300_m_20122
2 259
2 260
2 261
2 247
2 245
3 257
3 258
3 203
4 201
4 212
7 299
7 294
9 146
9 242
17 200
17 252
17 198
17 199
20 235
20 251
20 239
21 227
21 222
23 267
24 194
24 165
26 194
26 165
28 193
28 175
29 296
30 296
31 156
31 250
31 213
34 296
35 279
36 115
37 156
37 250
37 213
39 156
39 250
39 213
42 184
42 181
42 238
43 290
48 257
48 258
48 203
50 171
50 173
51 290
54 144
54 145
54 147
58 163
58 229
59 267
65 225
65 226
66 164
68 164
71 240
72 192
72 196
74 183
76 240
83 299
84 291
85 176
85 177
88 164
89 154
89 151
95 267
96 193
96 175
97 164
99 175
100 237
100 254
101 185
101 187
101 191
101 256
103 196
103 192
105 242
108 204
108 155
108 148
108 150
108 214
109 168
113 168
114 217
114 215
114 167
117 228
117 236
117 230
118 273
118 269
118 255
118 189
120 166
122 166
124 232
125 194
125 165
126 232
127 234
127 227
127 222
128 233
128 244
132 288
132 285
132 162
135 232
139 267
150 204
162 280
162 288
174 277
186 297
186 298
186 300
189 273
189 269
195 297
195 298
195 300
197 206
208 277
210 277
