heur021_n_320_m_13507
2 318
3 71
4 225
4 227
4 265
4 235
4 79
4 272
5 318
7 138
7 134
8 136
9 28
10 39
10 127
10 42
10 110
11 199
13 268
13 280
13 266
13 66
14 236
14 206
14 244
14 246
15 28
16 27
17 51
17 62
17 63
19 196
20 194
20 140
20 144
20 152
20 154
20 155
20 287
20 89
21 259
21 264
21 159
21 276
21 239
21 47
21 139
23 28
24 28
25 32
25 36
25 38
25 309
25 26
25 262
26 309
26 262
27 29
28 156
28 135
30 196
31 136
32 309
32 262
34 309
34 262
37 196
39 49
39 60
39 294
39 127
39 42
41 175
41 143
41 148
41 186
42 294
42 49
42 60
42 127
43 259
43 264
43 159
43 276
43 239
43 47
43 139
44 200
44 211
44 223
46 258
46 229
46 201
46 170
46 188
46 191
47 259
47 70
47 239
47 276
47 58
47 159
47 237
48 136
49 127
49 110
52 163
52 164
52 150
52 151
52 153
52 158
54 292
54 295
54 297
54 299
54 286
54 316
54 277
54 173
54 269
58 259
58 264
58 159
58 276
58 239
58 139
60 127
60 110
66 291
66 266
66 268
66 270
66 280
67 230
67 122
68 230
69 161
69 208
70 259
70 264
70 159
70 276
70 239
70 139
70 237
71 224
71 203
71 180
71 192
71 197
73 130
73 118
74 305
74 178
74 255
74 271
76 230
76 232
77 230
79 225
79 227
79 265
79 235
79 272
82 230
82 122
83 161
83 208
84 199
85 289
85 278
85 312
85 187
87 230
88 168
88 248
89 194
89 140
89 144
89 152
89 154
89 155
93 114
93 149
93 123
93 126
96 161
96 208
100 198
100 213
101 104
101 234
101 241
101 253
101 254
104 253
104 254
105 168
105 248
109 115
110 294
110 127
111 166
111 176
111 212
111 183
112 284
112 205
115 132
115 145
115 146
115 147
115 190
121 284
121 205
122 230
124 195
124 184
124 219
125 284
125 205
127 294
129 209
129 242
131 207
134 204
137 207
138 204
139 239
139 276
139 159
139 237
140 194
140 287
141 165
142 284
142 205
144 194
144 287
152 194
152 287
154 194
154 287
155 287
157 318
159 259
159 264
159 239
159 237
160 168
160 248
161 208
161 317
162 304
162 298
162 307
170 258
170 229
170 201
170 188
170 191
170 172
172 258
172 229
172 201
172 188
172 191
173 316
173 286
173 269
174 207
176 267
177 248
178 305
178 255
178 271
179 240
181 293
181 273
181 275
181 311
181 285
181 193
183 267
184 261
185 198
187 289
187 278
187 279
187 312
187 283
193 301
193 275
193 311
194 287
195 261
197 203
205 284
208 317
210 240
212 267
216 240
218 261
219 261
220 320
220 226
220 228
220 233
220 300
220 281
222 314
222 282
230 232
237 259
237 264
237 239
237 276
239 259
239 264
239 276
240 257
240 290
251 271
252 303
255 271
256 303
259 276
260 271
264 276
266 291
266 270
269 292
269 295
269 297
269 299
269 277
269 316
269 286
271 305
271 274
273 301
275 301
277 292
277 299
277 316
277 286
285 301
292 316
293 301
295 316
296 315
297 316
299 316
301 311
303 306
