heur019_n_300_m_28765
6 156
8 185
9 182
10 253
12 253
14 259
14 241
14 243
14 246
16 253
21 156
21 157
22 157
23 156
23 234
24 156
26 154
27 156
27 234
28 156
28 234
32 161
32 162
32 163
32 164
32 166
32 168
32 181
32 158
32 159
32 167
33 174
35 157
35 234
36 204
40 174
41 174
45 245
48 169
49 174
50 174
52 171
52 175
53 229
53 238
53 252
53 202
54 171
54 175
54 177
55 266
55 169
56 266
56 169
58 182
59 182
61 182
62 172
64 195
64 196
64 198
64 276
64 188
64 189
64 190
66 182
67 155
68 266
72 170
72 177
73 266
73 169
74 199
74 201
74 203
74 205
74 208
74 215
76 224
76 226
76 228
77 266
78 157
79 261
79 262
79 263
79 265
79 268
79 269
79 270
80 293
81 169
82 173
82 271
82 274
82 277
82 278
82 280
85 172
88 226
89 234
89 156
90 259
90 240
90 241
90 246
91 293
92 293
94 293
95 173
95 271
95 278
95 279
95 280
95 160
98 293
99 199
99 203
99 205
99 206
99 208
99 215
100 192
100 143
100 172
100 180
101 185
103 185
104 185
106 185
107 185
108 278
108 280
108 173
108 160
109 185
110 165
114 160
114 173
114 272
114 279
114 280
118 262
118 263
119 165
123 165
124 165
125 165
126 165
128 155
129 165
131 182
133 213
134 213
135 195
135 196
135 276
135 188
135 189
135 190
135 191
136 290
136 199
136 203
136 205
136 208
136 215
137 213
138 204
138 213
140 172
140 192
140 180
141 263
141 155
142 172
142 180
143 172
143 180
147 213
148 172
149 213
153 172
153 192
153 180
154 260
155 261
155 262
155 263
155 264
155 265
155 268
155 269
155 270
156 234
157 234
158 250
159 250
160 271
160 272
160 274
160 277
160 278
160 279
160 280
161 250
162 250
163 250
164 250
164 181
166 250
167 250
168 250
169 266
173 271
173 272
173 273
173 274
173 277
173 278
173 279
173 280
188 276
189 276
190 276
191 276
194 292
194 294
194 298
194 299
194 300
194 237
195 276
196 276
197 276
198 276
199 290
200 290
201 290
202 229
202 231
202 232
202 233
202 236
202 238
202 244
202 252
202 223
203 290
205 290
206 290
208 290
215 290
