heur010_n_250_m_4507
1 34
1 90
2 34
2 90
3 136
4 226
4 137
4 139
4 142
4 143
4 30
4 112
5 34
5 90
6 136
7 136
8 162
8 228
8 165
8 81
8 156
8 157
8 159
8 196
8 168
8 106
9 82
9 76
9 244
10 88
10 89
10 91
10 93
10 94
11 205
11 206
11 209
11 213
11 217
11 182
11 75
11 83
12 136
13 136
14 73
14 218
15 73
15 218
18 73
18 218
20 73
20 218
24 73
24 218
25 73
25 218
26 71
26 72
26 74
26 178
26 247
27 67
27 140
28 129
28 68
28 70
28 167
28 80
29 131
30 226
30 139
30 142
30 143
30 112
31 249
31 61
31 77
33 131
34 90
36 133
36 134
36 138
36 141
37 173
37 60
37 160
37 127
38 173
38 160
38 127
39 65
39 56
39 58
39 62
39 63
39 104
40 232
40 245
40 234
40 229
41 242
41 211
41 118
41 119
41 120
41 123
41 125
42 248
42 240
42 250
42 238
42 177
43 173
43 160
43 127
44 129
44 68
44 70
44 167
44 80
45 214
45 102
46 214
46 102
47 214
47 102
48 214
48 102
49 214
50 249
50 77
51 201
51 203
51 204
51 207
51 208
52 163
52 164
52 170
52 172
52 174
52 92
53 214
55 121
56 104
57 103
58 104
59 194
59 195
59 199
59 200
59 202
60 173
60 160
61 249
61 77
62 104
63 104
64 103
65 104
66 107
66 239
66 212
68 167
68 80
69 183
69 184
69 185
69 186
69 241
69 96
70 167
70 80
71 178
71 247
72 178
72 247
73 218
74 178
74 247
75 205
75 206
75 209
75 213
75 182
75 217
75 83
76 244
77 249
78 193
78 198
78 179
78 180
78 181
78 187
78 145
78 128
79 192
79 154
80 129
80 167
81 162
81 165
81 156
81 157
81 159
81 228
81 196
81 168
81 106
82 244
83 205
83 206
83 209
83 213
83 182
83 217
92 163
92 164
92 170
92 172
92 174
95 154
95 192
96 241
96 183
96 184
96 185
96 186
97 154
97 192
98 154
98 192
99 154
99 192
100 154
100 192
102 214
105 239
105 212
106 162
106 228
106 165
106 196
106 168
106 156
106 157
106 159
107 239
107 212
108 233
108 148
108 225
109 178
109 247
110 233
110 148
110 225
111 169
111 171
112 226
112 139
112 142
112 143
113 233
113 148
113 225
115 233
115 148
115 225
116 233
116 148
116 225
117 219
117 220
117 221
117 222
118 242
118 211
119 242
119 211
120 242
120 211
123 242
123 211
125 242
125 211
127 160
127 173
128 193
128 198
128 179
128 180
128 181
128 187
129 167
145 193
145 198
145 179
145 180
145 181
145 187
148 225
149 201
149 203
149 204
149 207
149 208
154 192
156 228
156 196
157 228
157 196
158 191
158 197
158 236
158 188
158 189
158 190
159 228
159 196
162 228
162 196
165 228
165 196
168 228
168 196
175 176
177 238
177 240
177 248
177 250
178 247
182 205
182 206
182 209
182 213
182 217
183 241
184 241
185 241
186 241
188 236
189 236
190 236
191 236
196 228
197 236
211 242
212 239
223 243
223 237
223 246
225 233
