heur029_n_330_m_4329
3 320
3 49
3 50
7 258
8 258
12 19
20 326
20 53
21 93
21 94
23 59
23 252
23 251
24 222
24 111
26 260
28 328
32 222
32 111
33 328
34 260
35 225
35 266
36 123
38 123
42 142
42 220
42 102
49 320
50 320
51 209
51 292
51 293
53 326
54 254
56 105
57 108
58 318
58 319
59 65
59 251
59 252
60 147
60 148
60 325
61 205
61 126
62 136
64 160
65 251
65 252
70 83
73 308
73 274
73 235
76 172
76 165
77 269
78 269
84 313
84 311
84 208
87 324
88 262
88 263
88 92
89 201
89 242
89 227
90 268
90 229
91 314
91 173
92 262
92 263
95 158
97 105
98 158
99 297
99 295
100 130
100 171
102 220
103 122
103 164
111 222
113 189
115 265
115 307
120 237
121 256
121 294
124 178
127 288
127 287
128 211
129 249
129 216
132 314
133 281
133 282
135 182
137 224
137 226
137 183
139 299
139 303
142 220
143 195
143 197
144 253
144 309
147 325
148 325
152 239
153 179
153 219
154 239
155 308
155 274
165 172
170 249
170 216
173 314
174 236
179 191
190 213
191 219
193 213
193 271
198 322
204 261
206 261
208 313
208 311
209 292
209 293
213 271
216 249
217 243
228 312
235 308
240 259
247 321
253 309
259 285
274 308
277 315
279 315
291 316
