heur016_n_300_m_15456
2 163
2 165
3 255
6 47
8 241
8 210
9 255
13 233
13 298
13 292
15 197
18 241
18 210
20 293
20 35
22 66
22 61
23 197
35 293
35 230
35 239
38 216
38 218
39 161
40 265
40 262
41 203
44 88
44 86
44 130
50 156
51 290
51 285
56 199
59 121
67 268
69 264
69 129
69 274
73 180
77 193
86 130
88 130
89 128
89 248
89 131
89 169
90 226
90 227
94 289
94 287
95 283
97 284
103 275
104 187
105 156
108 157
108 167
109 190
110 162
110 155
111 202
111 213
111 157
111 167
112 195
113 212
114 234
114 229
125 235
125 276
125 150
128 169
129 264
129 274
131 169
132 294
132 196
133 235
133 276
133 150
139 294
139 196
143 267
150 235
154 220
157 202
160 256
160 259
166 289
167 202
173 176
182 296
183 295
184 295
209 279
210 241
211 249
214 282
214 243
233 298
233 292
237 265
237 262
240 255
243 282
246 297
250 297
261 280
