heur024_n_329_m_27115
2 225
2 73
3 189
3 230
5 129
5 78
5 247
5 238
10 251
10 299
11 58
11 61
12 206
12 102
12 117
14 311
15 252
15 318
17 74
17 184
21 185
21 79
22 140
23 144
25 76
26 98
26 100
26 64
30 144
34 296
39 130
39 217
44 213
63 242
66 248
68 262
71 114
73 89
73 225
74 184
79 185
80 201
80 181
80 159
80 203
81 114
88 163
89 225
92 114
95 282
95 196
96 282
96 196
97 311
101 228
105 228
117 206
118 284
122 251
122 299
129 238
130 217
133 283
141 167
146 311
149 307
149 211
151 274
152 167
156 165
158 257
159 201
159 181
159 203
160 277
166 300
170 307
170 211
179 311
186 296
192 315
196 282
197 218
201 203
205 286
211 307
214 305
222 278
229 296
235 296
265 284
284 301
284 306
