heur004_n_140_m_3014
1 115
1 88
2 128
2 43
2 47
2 51
2 95
3 69
3 103
3 73
3 76
3 79
3 110
4 22
5 139
5 62
6 112
6 87
6 120
6 121
6 134
8 138
8 115
8 88
8 60
8 59
9 138
9 115
9 88
9 60
9 59
10 138
10 115
10 88
10 60
12 97
12 129
12 44
12 78
12 77
12 80
12 114
12 90
12 94
13 61
15 22
16 109
16 84
16 54
17 134
17 112
17 48
17 82
17 87
17 120
17 121
19 49
19 52
19 53
20 112
20 82
20 87
20 121
20 134
20 48
21 22
24 34
24 38
24 71
24 83
24 123
24 99
24 35
24 81
26 115
26 88
26 60
26 59
27 67
27 74
27 89
27 58
27 50
28 135
29 135
30 132
30 41
31 135
32 72
32 65
33 83
33 123
33 99
33 81
34 83
34 123
34 99
35 99
35 83
35 123
35 81
36 130
36 131
36 126
36 127
37 135
38 83
38 123
38 99
38 81
39 83
39 123
39 99
39 81
40 67
40 58
41 132
41 85
42 132
43 128
43 70
43 55
43 95
44 97
44 108
44 78
44 80
44 114
44 129
45 135
46 106
46 125
48 134
48 112
48 121
50 67
51 95
55 95
56 102
57 96
57 98
57 133
57 122
59 138
59 115
59 88
60 138
60 115
60 88
62 136
62 137
62 139
62 119
62 140
64 111
65 72
66 109
66 84
68 111
69 103
69 75
69 110
70 95
71 123
71 99
73 103
73 110
75 103
75 110
76 103
76 110
77 97
77 114
77 90
77 94
78 114
78 97
78 129
79 103
79 110
80 108
80 114
80 97
80 129
81 99
81 123
82 112
82 121
82 134
83 123
83 99
85 132
86 101
86 102
86 113
86 91
86 93
87 112
87 120
87 121
87 134
88 138
88 115
90 108
90 114
90 129
93 113
94 114
94 129
95 128
97 108
97 114
97 129
98 133
100 125
102 113
103 110
104 125
105 107
106 125
107 133
107 122
108 129
112 134
114 129
115 138
119 136
119 137
119 139
119 140
120 134
121 134
124 125
