heur009_n_250_m_1450
1 92
2 173
2 159
3 132
3 13
4 249
4 216
5 58
5 61
5 158
6 233
7 37
8 51
8 55
9 160
11 249
11 216
12 48
13 132
18 244
19 104
19 74
19 43
19 38
21 235
21 78
21 87
21 83
24 48
26 189
27 148
28 226
28 124
29 219
29 222
31 50
32 179
32 239
32 229
32 167
34 199
35 148
36 199
38 104
38 74
39 88
40 110
40 145
40 221
42 91
43 104
43 74
47 226
47 124
49 91
54 116
54 108
58 158
60 230
60 202
61 158
63 230
63 202
65 113
65 109
66 177
66 209
69 186
74 104
77 80
77 79
78 235
78 83
82 240
82 237
83 235
83 87
84 151
86 131
86 245
87 235
89 224
96 131
96 245
98 151
99 175
100 175
101 201
101 122
105 174
106 180
107 154
110 145
110 221
111 138
111 140
111 129
112 182
112 205
114 139
114 146
115 178
118 174
122 201
123 184
124 226
126 130
127 204
133 210
133 213
133 194
134 188
135 214
135 165
136 137
139 146
145 221
147 188
153 234
153 228
156 200
157 232
162 200
165 214
167 229
167 239
167 179
177 209
179 239
179 229
182 205
185 250
187 250
192 231
193 197
193 220
194 213
194 210
196 197
196 220
197 220
202 230
216 249
236 243
236 248
