heur028_n_330_m_3253
2 81
2 177
2 45
3 154
5 177
6 177
7 213
7 118
8 235
8 114
8 152
8 62
8 12
9 154
10 320
10 238
10 240
10 278
10 279
10 243
10 82
10 149
11 213
11 118
12 235
12 18
12 114
12 152
12 62
13 153
14 153
15 153
16 21
18 152
18 114
18 235
18 62
31 115
32 228
32 231
32 236
32 237
32 275
32 251
32 220
32 296
33 170
34 170
35 115
36 170
37 115
38 115
39 115
40 170
43 48
43 89
43 131
43 87
43 102
43 162
44 67
44 69
44 70
44 72
44 74
44 309
45 177
46 213
46 118
47 154
48 102
48 162
49 169
49 171
49 144
49 210
49 211
49 127
49 225
51 298
51 286
52 298
52 286
53 298
53 286
54 111
54 295
55 111
55 295
56 111
56 295
57 111
57 295
58 239
58 104
59 249
59 182
60 88
60 267
60 199
61 109
61 193
62 235
62 114
62 152
63 88
63 267
63 199
64 88
64 267
64 199
65 193
66 96
66 136
66 137
66 138
66 270
67 309
68 193
69 309
70 309
72 309
74 309
75 248
75 226
75 207
76 91
76 107
78 305
78 261
78 129
81 177
82 320
82 238
82 240
82 243
82 278
82 279
82 149
84 91
84 107
85 323
85 324
85 326
85 327
85 330
85 300
87 102
87 162
88 103
88 267
88 199
89 102
89 162
90 294
91 125
91 107
92 250
92 247
93 105
93 106
94 325
95 325
96 270
97 325
98 276
99 276
100 239
100 104
101 239
101 104
102 131
102 162
103 267
103 199
104 142
104 239
107 125
109 193
110 193
111 295
117 255
118 213
119 255
126 293
126 328
126 329
127 144
127 225
129 305
129 261
130 316
131 162
132 294
133 294
134 160
134 163
134 164
134 165
134 158
135 325
136 270
137 270
138 270
139 276
140 143
141 143
142 239
144 169
144 171
144 210
144 211
149 320
149 238
149 240
149 243
149 278
149 279
156 255
157 255
166 321
166 322
166 281
166 282
166 319
169 225
171 225
172 294
173 294
174 299
174 301
174 302
174 304
178 289
178 259
178 260
178 222
178 244
180 276
181 276
182 249
186 223
191 253
194 314
195 314
196 314
197 314
198 314
199 267
200 291
200 274
200 307
200 312
200 315
200 317
200 318
201 258
202 258
203 232
203 233
203 234
203 273
203 277
203 310
204 258
205 258
207 226
209 308
210 225
211 225
212 254
220 228
220 231
220 236
220 237
220 275
220 251
220 296
221 227
221 266
221 269
221 271
221 272
222 289
222 259
222 260
222 244
223 268
226 248
228 236
228 237
228 275
228 251
228 296
229 265
230 265
231 251
231 296
232 310
233 310
234 310
236 251
236 296
237 251
237 296
238 243
242 246
242 252
243 320
243 278
243 279
244 289
244 259
244 260
245 252
246 284
246 252
251 275
251 296
252 284
256 297
274 307
274 291
275 296
277 310
286 298
291 307
291 312
291 315
291 317
291 318
292 313
300 323
300 324
300 326
300 327
323 330
324 330
326 330
327 330
