heur038_n_361_m_7987
2 261
7 342
8 348
9 287
10 218
13 112
16 104
18 165
19 227
21 326
22 54
23 219
24 239
24 150
26 317
29 115
31 56
32 109
33 206
38 74
39 324
39 101
41 90
41 334
45 145
46 325
46 236
48 336
57 81
64 321
68 174
70 196
71 266
72 179
73 243
76 195
80 355
84 308
88 225
90 334
92 315
94 143
100 185
103 248
106 268
113 312
117 281
117 183
119 160
122 333
128 327
139 286
140 279
142 298
146 156
149 319
150 239
153 305
155 182
168 299
178 267
183 281
186 193
189 358
195 304
198 241
200 220
208 265
215 241
216 232
217 337
223 262
228 260
236 325
240 270
250 349
256 302
263 309
273 295
292 341
297 310
311 354
335 340
