heur003_n_120_m_2588
1 110
3 110
4 80
4 86
4 52
6 89
8 91
8 104
8 61
9 88
10 80
10 86
10 52
12 16
12 14
12 79
14 35
15 42
15 115
15 107
16 35
17 90
18 50
19 48
19 71
20 42
20 102
20 115
20 107
21 42
21 102
21 115
23 95
24 108
24 57
24 53
25 38
26 84
26 38
27 108
27 57
27 53
28 82
29 48
29 71
31 103
32 103
34 69
34 47
35 79
36 99
37 103
38 84
38 106
39 89
40 104
40 61
42 102
42 107
43 88
43 97
44 111
44 94
46 72
48 71
48 116
49 93
50 76
51 113
53 108
54 93
55 93
56 93
57 108
58 113
59 93
61 104
62 100
64 99
65 98
65 83
66 74
66 92
66 109
68 95
74 109
74 92
81 119
87 105
88 97
92 109
94 111
102 115
112 120
112 118
112 114
114 117
