heur007_n_200_m_6731
1 100
1 90
2 118
3 118
9 49
13 172
13 165
15 48
18 128
18 75
18 78
18 79
18 44
19 153
19 167
19 107
19 43
19 117
19 121
19 154
20 168
20 170
20 174
21 111
21 114
21 146
22 192
22 34
22 39
22 104
23 97
23 157
23 102
29 71
29 135
30 84
31 175
32 70
33 98
33 120
34 192
35 119
36 192
36 63
37 175
38 190
39 192
40 135
40 71
41 106
41 111
41 114
41 146
42 73
42 82
42 149
42 74
43 121
43 117
43 167
43 68
43 177
43 153
43 154
44 128
44 75
44 78
44 79
45 109
45 84
51 175
53 143
54 152
54 69
54 196
54 193
55 138
57 152
57 69
57 193
58 65
58 189
61 168
61 170
61 174
62 108
63 192
63 104
64 186
65 189
67 138
68 167
68 117
68 121
68 153
68 154
69 152
69 196
69 193
72 135
73 149
74 149
75 128
77 138
78 128
79 128
80 112
80 116
80 183
82 149
83 141
84 101
87 172
88 120
90 100
91 145
92 145
93 144
93 156
93 150
95 148
95 133
96 120
97 157
98 120
99 178
99 181
102 157
104 192
106 114
106 146
107 167
107 153
107 154
108 115
108 171
113 148
113 133
114 146
117 177
117 153
119 159
121 167
121 177
121 153
121 154
122 135
123 169
126 164
127 169
129 198
131 198
133 148
134 198
136 173
147 194
152 196
152 193
153 167
153 177
154 177
158 200
158 197
158 199
159 184
