heur006_n_180_m_6067
1 126
1 135
1 154
2 126
2 135
2 154
3 160
3 169
3 157
3 105
4 77
5 113
5 116
5 121
5 122
5 35
5 120
5 95
6 126
6 135
6 154
7 56
7 86
7 63
8 126
8 135
8 154
9 32
9 134
9 41
10 56
10 86
10 63
11 131
11 73
11 137
11 49
11 26
11 67
11 80
12 32
12 134
12 41
14 77
15 56
15 86
15 63
16 32
16 134
16 41
17 32
17 134
17 41
18 56
18 86
19 160
19 169
19 157
19 159
19 105
20 160
20 169
20 105
21 32
21 134
21 41
22 113
22 121
22 122
22 120
22 95
23 128
23 174
23 142
23 84
24 41
25 176
25 83
26 131
26 137
26 180
26 96
27 83
27 129
27 176
28 94
29 83
32 134
34 43
34 83
34 176
35 113
35 116
35 122
35 120
35 95
37 166
37 40
37 44
37 109
37 53
38 94
39 166
39 44
40 166
41 134
42 126
42 154
43 83
43 129
43 176
44 166
45 77
49 131
49 137
49 146
49 80
52 161
52 168
52 171
52 148
52 153
52 156
52 144
53 166
54 104
54 106
55 103
55 163
56 86
57 104
57 106
58 104
58 106
59 124
60 103
60 163
61 124
62 103
62 163
63 86
65 140
65 141
65 143
65 147
65 149
65 150
65 151
65 155
65 162
66 164
66 165
66 167
66 170
67 96
67 131
67 137
67 146
67 80
68 124
69 98
69 101
69 145
69 152
70 136
70 111
70 117
70 118
70 138
70 130
71 124
72 82
72 87
72 139
73 131
73 96
73 80
75 115
76 103
78 103
78 163
79 110
79 124
80 137
80 146
80 180
81 141
81 150
81 151
81 155
81 140
81 102
81 162
82 139
84 128
84 142
84 174
85 133
85 112
87 139
88 128
88 127
89 112
90 112
91 133
91 112
92 133
92 112
93 133
95 114
95 116
95 121
95 122
96 131
96 137
97 164
97 165
97 167
97 170
98 145
98 152
99 136
99 138
99 130
100 163
101 145
101 152
102 140
102 141
102 143
102 147
102 149
102 150
102 151
102 155
102 162
103 163
104 175
105 160
105 169
105 157
105 158
106 175
107 161
107 168
107 171
107 148
107 156
107 144
108 172
108 173
108 178
108 179
109 166
110 124
111 136
111 138
111 130
112 133
113 120
114 122
117 136
117 138
117 130
118 136
118 138
118 130
119 132
127 174
128 174
129 176
135 154
142 174
144 168
144 171
145 152
147 150
168 171
