heur026_n_330_m_1370
1 138
1 60
1 245
1 70
2 45
4 134
4 108
6 272
6 266
9 77
9 271
12 283
12 198
15 62
16 279
17 290
17 28
18 170
19 137
21 43
24 124
25 255
27 106
28 290
30 225
31 312
32 133
35 168
37 263
39 85
40 50
42 197
51 324
52 217
53 176
55 274
58 326
59 298
59 276
60 138
60 245
60 70
61 328
63 260
64 196
68 316
69 321
70 138
70 245
74 225
77 271
78 94
80 287
81 154
84 286
88 304
89 249
89 239
90 307
93 253
95 183
99 199
99 302
103 297
108 134
110 161
110 194
111 174
113 315
113 327
115 131
119 191
122 243
125 171
126 218
127 240
128 132
129 164
138 245
139 229
146 231
147 303
148 221
152 248
155 268
161 194
163 289
178 299
180 311
181 280
186 295
192 219
198 283
199 302
207 230
216 265
233 313
239 249
266 272
276 298
284 322
315 327
