heur022_n_322_m_14226
1 312
6 229
9 203
15 28
17 301
18 49
18 66
22 153
24 179
27 116
28 107
32 209
35 36
37 268
38 251
38 311
45 153
49 66
50 123
53 191
54 90
54 230
55 69
57 231
60 165
63 154
67 246
71 190
72 224
73 127
79 181
82 294
83 234
84 223
87 96
89 177
90 230
90 319
92 186
97 241
99 237
104 250
104 131
105 313
106 244
114 157
119 151
128 260
130 225
131 250
131 253
152 171
155 239
164 172
170 197
185 277
188 264
192 305
194 293
201 219
205 221
223 300
229 269
230 319
251 311
266 320
279 297
294 321
299 316
