heur039_n_361_m_13593
1 140
4 261
4 174
5 288
5 324
5 293
7 334
10 49
11 163
13 210
13 211
13 212
13 90
15 49
16 140
19 285
20 237
24 34
27 129
30 95
30 301
30 157
32 281
32 49
33 233
33 227
34 100
34 47
36 49
37 163
40 178
41 317
41 197
42 199
42 254
45 352
45 182
48 317
48 197
49 281
51 110
51 119
54 329
54 65
54 176
54 79
55 199
55 254
58 141
59 344
59 333
59 358
59 103
62 325
62 116
65 329
67 95
67 301
67 157
68 126
71 169
71 188
71 196
76 184
76 155
79 329
81 352
81 182
83 325
83 116
87 131
95 96
95 301
95 157
96 301
96 157
98 266
103 358
104 131
107 346
108 191
108 273
114 345
114 348
114 215
115 303
116 325
117 194
124 259
125 224
125 258
125 320
125 311
126 186
127 191
127 273
128 191
128 273
129 262
130 346
136 208
136 219
136 204
136 246
143 163
146 199
146 254
149 170
149 158
149 151
149 290
151 290
153 269
153 268
153 349
153 278
154 327
158 290
170 290
176 329
178 331
182 352
189 264
191 273
197 317
199 254
204 246
206 235
206 231
207 332
208 246
209 298
209 355
213 347
214 323
223 326
224 311
228 279
229 328
232 361
234 259
236 279
239 314
240 350
242 361
243 347
247 279
249 299
256 271
257 341
258 311
265 340
268 349
268 269
268 278
272 340
275 299
276 313
276 316
277 314
284 334
286 334
299 306
311 320
