heur034_n_345_m_6830
2 68
4 204
5 248
5 38
7 247
9 16
12 28
13 65
15 166
21 108
21 97
22 250
22 100
23 61
27 278
29 54
30 237
31 238
38 248
39 48
40 130
40 290
41 184
43 308
43 227
46 342
47 143
50 187
52 178
53 162
62 271
67 155
75 265
80 287
84 86
85 199
87 261
87 176
88 189
97 108
100 250
101 177
102 304
106 212
107 294
109 113
116 224
125 299
127 230
127 215
129 249
130 290
141 306
142 289
145 258
146 221
150 291
153 254
160 246
164 319
164 196
170 281
172 329
173 235
176 261
181 341
182 233
182 313
190 262
196 319
201 332
210 229
215 230
216 269
218 223
220 343
227 308
233 313
240 324
242 282
245 295
260 314
266 268
279 344
280 333
