heur008_n_250_m_1045
1 195
1 111
1 247
2 128
2 10
2 236
2 239
3 225
3 67
3 218
3 219
3 220
3 222
3 223
3 100
4 119
4 214
4 82
5 249
6 52
6 85
7 141
7 77
8 145
8 63
9 249
10 128
10 236
10 14
10 239
11 195
11 111
11 247
12 119
12 214
12 82
13 119
13 214
13 82
14 236
14 239
14 128
15 249
16 195
16 111
16 247
17 249
18 195
18 111
18 247
19 195
19 111
19 247
20 249
21 224
21 116
21 183
21 188
21 64
23 137
23 140
23 150
25 95
27 89
27 98
27 93
27 143
39 149
40 156
40 241
40 81
41 227
41 231
41 232
41 234
41 240
43 105
43 187
44 96
44 87
45 58
45 109
45 117
45 70
47 105
47 187
48 105
48 187
49 105
49 187
50 97
50 146
50 76
50 102
52 85
55 244
55 246
55 184
56 86
57 198
57 200
57 176
57 180
57 191
58 117
58 109
59 163
59 165
59 172
59 174
59 155
60 151
62 244
62 246
62 184
63 145
64 224
64 116
64 183
64 188
65 86
66 244
66 246
66 184
67 225
67 218
67 219
67 220
67 222
67 223
67 100
68 151
69 244
69 246
69 184
70 117
70 109
71 151
72 244
72 246
72 184
73 151
74 151
75 132
75 189
75 228
76 146
76 102
76 97
77 141
78 125
78 202
79 104
80 168
80 169
80 170
80 171
80 173
80 175
80 238
81 241
81 156
82 214
82 119
83 237
83 242
83 243
83 181
84 125
84 202
88 192
88 250
88 179
88 182
88 154
88 122
89 143
90 160
91 160
92 160
93 143
94 213
97 146
97 102
98 143
99 160
100 225
100 218
100 219
100 220
100 222
100 223
102 146
105 187
107 164
109 117
111 195
111 247
112 203
112 204
112 205
112 210
112 212
114 120
116 188
116 183
116 224
119 214
120 124
121 177
121 221
122 192
122 154
122 179
122 182
122 250
123 161
123 162
123 166
123 167
123 158
123 159
125 202
128 236
128 239
132 189
132 228
135 144
135 207
136 216
136 185
144 207
152 226
154 179
154 182
154 192
154 250
156 241
168 238
169 238
170 238
171 238
173 238
175 238
177 221
178 190
178 248
179 250
181 242
181 243
181 237
182 250
183 224
184 244
184 246
185 216
188 224
189 228
190 248
192 250
195 247
197 211
197 230
201 233
206 233
209 233
211 230
215 233
244 246
