heur023_n_329_m_16183
1 240
2 153
3 36
3 7
6 165
6 135
9 242
10 78
10 313
11 198
12 280
12 276
12 310
14 43
17 275
17 115
18 168
25 132
26 255
30 249
30 77
30 287
31 186
32 44
33 78
33 313
37 233
38 141
40 62
41 74
41 133
47 322
49 140
50 147
51 257
53 153
55 140
56 188
59 216
61 147
75 293
76 241
76 245
77 249
77 238
77 287
80 240
82 168
84 316
94 219
94 300
96 127
99 232
107 325
111 161
111 218
111 203
113 185
114 143
116 155
121 155
126 181
127 261
129 327
130 301
139 187
143 145
146 208
148 259
148 295
149 253
152 312
154 160
156 201
156 194
157 320
157 177
157 190
157 286
157 326
161 203
166 183
166 167
167 243
170 297
174 319
176 301
177 286
180 312
181 189
183 243
184 254
185 306
185 315
190 286
190 326
192 254
199 214
203 218
217 231
221 299
225 279
229 311
233 272
233 239
234 274
235 289
236 248
237 250
237 248
248 250
259 295
262 323
276 310
280 310
283 301
286 320
286 326
