heur025_n_329_m_32168
2 72
2 85
5 247
5 191
5 311
7 8
11 171
11 45
11 39
11 328
12 231
13 117
15 176
17 289
17 212
22 298
23 170
23 140
23 252
24 167
26 211
26 204
26 253
30 89
31 247
31 191
31 311
32 89
33 174
39 171
39 328
41 222
41 216
42 184
44 53
45 328
48 89
52 138
52 275
52 228
55 138
55 275
55 228
65 172
67 172
70 172
74 278
76 225
79 203
79 207
81 129
94 305
96 291
96 285
96 288
96 280
99 188
99 159
102 180
103 218
106 230
122 149
123 170
123 140
123 252
124 194
124 178
124 179
128 247
128 191
128 311
130 169
133 323
140 166
140 252
144 307
144 196
144 286
148 256
148 255
148 187
156 323
159 326
163 303
166 252
168 198
170 252
171 328
177 264
183 240
187 256
187 292
187 255
188 326
189 323
191 311
193 230
195 303
202 222
202 216
224 305
230 321
230 319
240 318
247 311
261 303
280 285
285 288
305 313
305 315
