heur036_n_347_m_17983
3 21
6 155
7 21
7 29
8 21
10 254
14 25
16 58
16 148
17 69
20 256
21 29
24 234
25 294
25 201
25 166
27 204
28 265
28 283
28 262
30 175
30 207
30 167
31 173
32 322
36 88
37 254
38 159
38 70
40 197
40 229
40 311
40 152
40 93
42 121
42 170
42 132
43 234
44 159
44 70
45 159
45 70
47 320
47 140
51 281
55 69
56 317
56 301
56 302
60 200
60 187
60 180
60 213
62 282
63 224
64 282
64 328
65 314
65 316
65 318
65 287
66 233
66 147
66 126
67 224
68 256
70 159
70 103
71 154
71 333
71 87
72 336
72 291
72 293
72 142
73 204
75 127
76 296
76 325
84 282
84 328
87 154
87 333
88 111
90 275
92 275
93 197
93 188
93 229
93 311
93 152
95 242
95 230
95 215
95 178
96 232
96 267
98 234
99 184
99 195
99 183
103 159
105 289
105 310
105 332
107 299
110 114
110 131
115 266
116 209
116 290
119 259
125 274
125 278
128 248
129 236
133 220
133 237
133 279
133 258
136 176
138 259
141 177
145 185
145 179
145 181
146 299
152 229
156 169
156 186
158 223
160 223
164 196
164 334
164 319
165 321
167 207
168 223
175 207
178 242
178 215
178 230
180 200
180 187
180 213
190 280
190 243
190 260
203 321
209 290
214 321
217 290
222 266
229 311
237 258
239 277
239 271
252 289
252 332
252 310
258 279
259 324
276 338
276 341
276 335
282 328
287 314
287 316
287 318
304 342
