heur027_n_330_m_2256
3 52
4 96
6 274
7 143
8 106
8 199
10 161
12 148
15 303
18 261
19 304
22 121
22 273
24 124
25 117
27 180
28 135
30 319
33 277
35 65
36 162
36 259
37 111
38 276
38 174
40 325
42 294
48 269
49 98
51 86
53 100
54 267
55 279
58 155
60 212
62 271
63 191
63 254
64 157
69 296
70 309
72 83
73 110
76 292
76 93
84 306
84 94
88 244
90 281
93 292
94 306
99 182
103 221
106 199
113 218
120 242
121 273
122 308
123 144
131 256
131 245
133 139
137 320
146 164
150 282
151 327
152 265
154 252
160 190
162 259
168 232
168 285
170 287
173 205
174 276
181 272
186 299
191 254
195 253
197 215
200 315
217 289
219 247
224 240
232 285
234 260
245 256
293 318
