heur017_n_300_m_15641
1 287
1 244
1 86
2 167
2 287
2 86
3 77
3 176
4 254
5 282
6 254
8 150
8 102
8 286
9 254
10 216
10 203
10 211
12 179
13 294
13 293
14 86
18 266
19 266
20 102
20 286
21 159
23 45
24 186
25 160
25 145
25 147
25 215
28 168
28 142
28 143
28 291
29 159
30 272
30 270
30 278
39 179
40 281
41 99
41 200
41 222
43 75
43 220
43 76
44 115
44 107
44 61
45 186
49 150
49 102
49 286
50 180
51 263
52 180
53 150
53 102
53 286
54 180
55 137
58 178
58 139
59 178
59 139
60 178
60 139
69 172
69 173
69 174
72 220
73 161
73 144
74 224
74 226
74 227
75 220
76 220
77 176
79 205
86 167
86 244
86 287
87 194
87 258
87 261
87 262
88 135
88 274
89 250
89 252
89 247
93 290
96 218
96 162
96 165
96 158
96 248
99 222
102 150
102 286
103 250
103 252
104 290
105 146
110 130
114 197
114 206
114 199
116 257
116 251
116 271
117 209
117 212
125 204
126 290
127 172
127 173
127 174
130 138
131 274
132 255
134 274
135 274
139 178
141 272
141 278
142 291
143 291
144 205
145 215
149 292
149 300
149 192
150 286
154 232
158 218
158 248
161 205
162 218
162 248
165 218
165 248
166 217
166 183
168 291
192 292
194 258
194 261
194 262
201 281
202 281
210 281
229 264
232 264
234 288
235 288
238 296
238 297
