heur031_n_330_m_7270
1 266
3 196
3 237
3 198
4 266
5 306
6 161
6 330
6 203
6 322
6 200
7 115
7 301
7 263
8 266
9 60
9 61
9 62
9 236
10 174
13 234
14 65
14 67
14 117
15 195
16 174
18 88
18 85
19 316
20 316
24 316
25 213
26 174
27 213
28 247
29 216
29 177
29 214
29 281
31 289
33 247
34 86
35 289
36 144
36 147
36 143
39 284
40 260
40 205
40 127
42 86
43 284
45 58
45 149
47 297
48 297
50 297
56 320
56 283
57 195
58 149
59 234
60 236
61 236
62 236
65 117
67 117
69 129
69 130
69 132
69 288
71 271
73 242
73 246
75 305
76 122
77 259
78 289
79 305
80 259
83 227
83 231
84 305
89 163
89 164
89 211
90 162
90 202
93 162
93 202
94 261
94 221
94 222
96 304
99 114
100 114
101 114
102 157
104 157
105 157
108 258
110 248
110 167
111 259
115 301
115 263
118 190
119 295
120 246
125 295
127 260
129 288
130 288
131 304
132 288
133 304
135 217
140 175
141 234
145 258
151 244
152 225
152 210
152 212
152 278
153 188
154 176
154 178
154 215
155 299
155 293
155 327
156 188
158 273
161 330
161 322
162 170
163 211
164 211
166 188
167 232
167 248
170 202
171 275
172 275
173 233
173 235
173 230
177 281
179 250
194 240
194 238
200 330
203 330
203 322
205 260
210 225
210 278
212 225
212 278
214 281
216 281
218 326
218 241
225 278
249 274
249 276
249 277
251 312
265 317
265 319
267 318
267 311
272 329
272 298
272 294
279 307
279 286
282 307
286 307
307 323
322 330
