heur037_n_347_m_31752
2 192
2 268
2 254
8 251
9 181
11 219
14 17
14 21
14 47
17 266
19 265
19 107
19 317
21 266
24 177
25 327
25 183
26 177
28 67
30 301
39 148
41 259
43 124
44 259
45 76
47 266
50 177
51 200
51 201
51 207
51 114
53 259
56 282
57 63
59 212
60 195
60 124
65 232
65 241
65 230
65 222
66 295
70 139
70 101
71 256
71 271
78 282
79 237
81 299
82 234
82 226
82 235
82 229
82 306
84 328
88 185
88 188
88 182
97 280
103 175
103 172
103 150
107 332
107 317
107 310
107 265
108 259
108 178
110 146
110 274
111 299
113 262
113 246
116 147
116 140
116 142
116 164
119 177
122 251
127 146
129 148
131 251
133 140
133 147
133 142
133 164
136 169
136 239
136 208
136 275
138 320
138 334
138 303
138 144
140 164
142 164
144 320
144 334
145 264
145 267
146 274
146 277
147 164
150 160
150 172
151 168
151 156
151 158
167 319
167 333
167 318
167 311
169 208
169 214
170 292
171 272
173 292
178 259
181 194
181 203
181 190
189 228
189 341
192 302
211 278
211 286
212 269
213 275
216 329
222 230
228 341
229 306
238 287
239 275
247 336
249 337
254 302
258 307
262 307
265 332
265 310
268 302
276 307
285 289
289 296
309 344
321 344
