heur033_n_330_m_13861
1 88
2 88
3 88
4 88
5 287
5 203
6 287
6 203
8 287
8 203
9 261
9 229
9 263
9 239
9 254
10 287
10 203
11 287
11 203
12 315
13 315
14 315
15 315
16 127
16 286
17 141
17 142
17 143
17 145
17 183
17 164
18 85
19 88
20 53
20 119
21 162
22 174
22 176
22 177
22 178
22 180
22 290
23 162
24 162
25 128
25 129
25 131
25 124
25 126
25 316
26 162
33 53
35 165
36 88
37 285
37 257
37 301
37 185
37 133
38 285
38 257
38 301
38 185
38 133
39 288
39 291
39 292
39 293
39 294
39 51
39 307
40 285
40 257
40 301
40 185
40 133
41 285
41 257
41 301
41 185
41 133
42 285
42 257
42 301
42 185
42 133
45 302
46 302
47 302
48 302
49 285
49 257
49 301
49 185
49 133
50 223
51 288
51 291
51 292
51 293
51 294
51 307
52 262
52 328
53 119
54 81
54 83
54 86
54 89
55 315
56 315
57 321
57 322
57 70
57 74
57 253
57 319
59 134
59 171
59 172
59 122
62 136
62 201
62 202
62 200
62 236
62 237
66 302
68 132
68 137
68 138
68 139
68 140
70 321
70 322
70 319
70 253
72 265
72 266
72 267
72 268
72 269
72 270
74 321
74 322
74 319
74 253
79 88
80 192
80 193
80 194
80 188
80 189
80 191
87 95
88 116
96 260
96 233
96 234
96 235
96 238
96 240
96 123
98 242
98 243
98 244
98 247
98 158
102 256
102 259
102 314
102 271
102 241
102 246
102 249
102 250
102 251
102 252
104 221
105 221
107 261
107 263
107 239
107 254
108 221
109 290
109 174
109 176
109 177
109 178
109 180
112 221
114 168
114 169
114 173
114 206
114 208
115 188
121 195
121 196
121 207
122 134
122 171
122 172
123 233
123 234
123 235
123 238
123 260
124 316
125 320
126 316
128 316
129 316
130 264
130 255
131 316
133 257
133 301
133 185
133 285
135 295
135 296
135 297
135 298
135 300
135 304
135 157
135 275
136 200
136 201
136 202
136 236
136 237
141 164
142 164
143 164
145 164
146 320
147 320
148 256
148 259
148 246
148 249
148 250
148 251
148 252
148 314
148 241
149 165
151 165
152 165
153 320
154 310
155 299
155 303
155 305
155 187
156 310
157 295
157 296
157 297
157 298
157 300
157 304
158 247
160 258
161 258
164 183
167 323
167 311
167 312
167 317
167 318
167 248
170 306
170 308
170 309
170 313
170 179
174 290
175 204
175 205
175 272
175 209
175 210
176 290
177 290
178 290
179 306
179 308
179 309
179 313
180 290
185 257
185 301
185 285
187 299
187 303
187 305
187 199
199 299
199 303
199 305
204 272
205 272
209 272
210 272
212 272
213 272
230 256
230 259
230 241
230 246
230 249
230 250
230 251
230 252
232 279
232 280
233 260
234 260
235 260
238 260
240 260
241 256
241 259
241 314
241 271
241 250
241 251
241 252
245 258
246 271
246 314
249 259
249 271
249 314
250 271
250 314
251 271
251 314
252 271
252 314
253 321
253 322
253 319
256 271
256 314
257 285
262 328
275 295
275 296
285 301
288 307
291 307
292 307
293 307
