heur035_n_345_m_17798
2 24
5 66
5 78
7 202
7 92
7 79
9 314
10 296
10 336
10 319
10 303
10 128
12 24
19 40
19 57
19 42
22 314
24 35
25 315
26 244
26 305
27 138
27 158
31 96
31 52
32 248
32 170
32 219
34 169
36 131
36 113
36 243
38 244
38 305
41 314
44 244
44 305
46 188
46 60
46 70
46 157
47 50
48 315
49 131
49 113
49 243
50 51
50 62
50 85
51 85
52 96
59 245
60 188
60 157
67 315
68 234
68 163
70 188
70 157
76 324
77 330
77 318
79 202
81 258
81 237
81 118
82 292
82 270
82 279
83 217
84 194
84 205
86 324
87 191
92 202
93 265
93 299
93 268
93 102
93 190
97 217
99 283
99 302
100 191
102 265
102 299
102 268
102 190
105 328
106 328
107 313
107 325
107 309
108 172
108 166
109 328
110 267
111 185
111 269
113 131
113 178
113 345
113 243
114 238
115 320
115 306
117 228
118 237
118 258
119 164
119 273
119 282
121 139
121 217
122 238
124 281
124 259
124 261
125 223
125 323
128 296
128 303
128 336
128 319
131 345
131 178
131 243
132 241
132 262
132 257
134 221
134 229
139 217
141 267
144 273
144 164
144 282
146 223
146 323
150 272
150 280
157 188
159 223
159 323
163 308
164 273
164 282
165 216
169 171
169 182
169 183
169 317
177 288
177 297
177 284
177 263
178 243
186 216
187 240
187 247
187 291
190 299
190 268
191 195
192 216
193 224
196 341
196 343
208 224
222 294
223 323
227 294
234 308
235 304
235 300
235 332
243 345
244 277
251 338
252 289
252 293
252 271
254 267
260 338
263 297
274 344
274 310
277 305
284 297
288 297
324 334
