heur032_n_330_m_9770
2 155
4 190
6 245
6 14
11 195
13 46
13 249
14 245
15 223
15 24
17 262
18 271
21 193
23 268
24 223
25 163
26 235
27 153
30 327
30 206
32 309
32 160
34 99
40 162
42 253
44 317
46 249
47 229
50 242
55 124
55 143
56 329
57 209
58 130
64 325
69 203
75 322
78 169
79 204
79 300
82 319
85 217
87 177
88 183
91 274
93 215
93 261
96 211
97 145
100 277
102 264
102 269
103 151
104 286
108 126
108 282
112 272
114 181
118 298
119 252
120 217
124 143
126 282
128 161
135 239
136 323
138 256
141 330
146 276
154 182
160 309
175 265
200 252
204 300
205 226
206 327
207 267
216 270
225 287
275 284
299 321
