heur007_n_200_m_6731
1 197
4 124
5 121
9 43
12 153
13 80
15 86
16 157
18 76
19 98
19 90
23 166
24 40
24 97
25 158
28 141
28 181
29 136
30 195
32 140
33 68
34 168
34 59
35 74
35 113
36 60
37 114
38 96
39 115
40 97
42 87
42 67
43 92
44 120
45 94
45 70
46 176
47 191
48 73
49 185
50 148
50 155
51 158
55 185
56 63
57 149
58 135
58 130
59 168
61 82
61 83
62 166
63 167
65 169
65 128
66 153
66 194
68 122
69 159
71 149
75 139
76 171
77 110
79 146
79 156
81 112
88 139
90 98
95 124
99 165
100 154
103 117
106 193
106 186
107 151
111 165
114 150
115 137
116 133
118 147
118 145
119 140
119 177
120 182
121 152
123 160
123 200
128 169
129 151
132 163
132 183
134 198
138 198
140 177
141 181
142 199
143 178
143 196
144 187
153 194
154 154
157 173
159 164
160 200
161 187
162 188
162 172
172 188
179 192
184 191
