heur017_n_300_m_15641
2 262
3 135
4 179
4 80
5 152
7 97
8 119
8 196
9 139
10 295
10 145
11 69
11 127
12 61
13 299
15 209
15 268
16 247
17 238
17 265
18 135
19 244
20 289
20 143
21 109
21 136
22 96
22 245
23 231
23 274
24 81
25 278
25 297
26 223
26 130
28 259
28 106
29 77
30 108
34 215
34 210
35 92
37 125
37 95
38 107
38 280
39 163
41 162
42 286
43 87
44 266
45 122
45 300
46 230
46 241
47 275
47 165
48 266
49 193
49 82
50 257
50 104
51 166
52 137
53 276
54 216
54 202
55 232
55 220
56 263
56 169
57 152
58 260
58 108
59 192
59 292
60 203
60 285
64 157
65 271
66 273
66 188
67 149
70 162
71 199
71 228
72 267
74 270
76 183
77 77
78 200
78 171
79 253
79 138
81 225
82 193
83 288
87 218
89 212
90 290
98 227
98 278
99 240
100 269
101 198
102 160
102 255
103 269
104 257
105 294
106 259
107 280
108 260
110 254
113 240
114 221
115 191
116 183
118 146
118 175
119 196
121 158
124 124
124 297
129 197
129 222
130 223
131 288
132 149
134 235
134 204
138 253
140 251
141 284
142 283
142 282
143 289
144 233
145 295
148 239
148 211
150 207
151 284
153 252
154 208
155 237
156 173
157 189
158 181
159 205
160 255
161 173
164 242
166 234
168 271
169 263
176 261
180 299
182 281
182 250
188 273
192 292
194 272
201 267
203 285
209 268
212 256
214 293
219 276
224 293
226 294
227 278
231 274
237 264
238 265
