heur010_n_250_m_4507
1 128
1 136
1 129
1 52
2 151
2 182
2 168
2 87
3 30
3 223
3 122
3 41
3 110
4 205
4 226
4 112
4 33
5 63
5 102
5 213
5 154
5 66
6 146
6 249
6 242
7 29
7 7
7 203
7 116
7 216
8 91
8 204
8 25
8 222
9 144
9 79
9 162
10 202
10 143
10 127
10 56
11 209
11 158
12 146
12 249
12 242
13 220
13 195
13 37
13 53
14 248
14 121
14 174
14 48
14 99
15 132
15 61
15 221
15 70
16 91
16 204
16 222
17 17
17 29
17 203
17 116
17 216
18 128
18 136
18 129
18 52
19 40
19 50
19 83
20 220
20 195
20 37
20 53
21 205
21 226
21 112
21 33
22 209
22 233
22 158
22 75
23 34
23 176
23 78
23 170
23 160
24 196
24 207
24 126
24 38
25 91
25 204
25 222
26 81
26 236
26 246
27 67
27 60
27 192
27 114
27 107
28 108
28 153
28 164
28 240
28 180
29 203
29 216
31 175
31 186
31 118
31 124
31 177
32 193
32 243
32 141
33 205
33 226
33 112
34 176
34 78
34 170
34 160
35 185
36 90
36 117
36 218
36 55
37 220
37 195
37 53
38 196
38 207
38 126
39 90
39 218
39 55
40 83
41 223
41 122
41 110
42 139
42 85
42 97
42 217
42 104
43 71
43 88
43 229
43 238
44 193
44 243
44 141
45 71
45 88
45 229
45 238
47 81
47 236
47 246
48 248
48 121
48 174
48 99
49 152
49 187
49 64
49 159
50 83
51 83
52 129
53 220
53 195
55 90
55 218
56 202
56 143
56 127
57 79
57 212
57 162
58 131
58 120
58 188
58 197
58 178
59 101
59 184
59 163
59 156
60 192
60 107
61 221
63 213
63 154
64 152
64 187
64 159
65 184
65 163
65 156
66 213
66 154
67 114
67 107
68 68
68 244
68 189
69 190
69 125
69 225
69 82
70 221
71 88
71 229
71 238
73 190
73 225
73 82
74 173
74 191
74 219
74 76
74 239
75 209
75 233
75 158
76 173
76 191
76 219
76 239
77 198
77 224
77 214
77 183
78 176
78 170
78 160
79 144
79 212
79 162
80 208
80 201
80 235
80 150
80 138
81 236
81 246
81 123
82 109
82 190
82 225
84 84
84 105
84 161
84 200
84 142
85 139
85 217
86 166
86 135
86 113
87 151
87 182
87 241
87 168
88 229
88 238
89 185
89 148
89 167
89 137
90 117
90 218
91 204
91 222
92 198
92 224
92 214
93 235
93 103
93 215
94 245
94 119
94 157
94 206
95 103
95 231
95 130
95 215
96 143
97 139
97 217
98 105
98 161
98 200
99 248
99 121
99 174
100 245
100 119
100 157
100 206
101 184
101 163
101 156
102 213
102 154
103 231
103 215
105 161
105 200
105 142
107 192
108 153
108 164
108 240
108 180
109 193
109 243
110 223
111 199
111 172
111 237
111 140
112 205
112 226
113 166
113 135
115 199
115 172
115 237
115 140
116 203
116 216
117 218
118 180
118 175
118 186
118 177
119 245
119 157
119 206
120 188
120 197
120 178
121 248
121 174
122 223
123 236
123 246
124 175
124 186
124 177
125 190
125 125
126 196
126 207
127 202
130 231
130 215
131 188
131 197
131 178
132 221
133 244
133 189
134 244
134 232
134 189
135 166
137 185
137 167
138 208
138 201
138 235
139 217
140 199
140 172
140 237
141 193
141 243
142 217
142 161
143 202
144 162
145 181
145 228
145 232
145 234
145 210
146 249
146 242
146 171
147 244
148 185
148 167
149 152
149 187
149 159
150 201
150 208
151 182
151 241
152 187
153 240
153 180
154 213
155 247
155 227
156 184
157 245
157 206
158 209
158 233
159 187
160 176
161 200
162 212
163 184
164 164
164 240
165 247
165 227
165 211
167 185
168 182
168 241
169 247
169 227
170 176
171 249
171 242
172 199
172 237
173 191
173 219
173 239
174 248
175 186
175 177
180 240
181 228
181 232
181 234
181 210
182 241
188 197
189 244
190 225
191 219
191 239
193 243
195 220
196 250
198 224
198 214
199 237
201 235
205 226
206 245
208 235
209 233
210 228
210 232
210 234
211 247
211 227
215 231
219 239
231 231
