heur039_n_361_m_13593
1 337
2 20
3 182
3 87
4 257
4 93
5 245
6 220
6 202
7 260
7 229
8 66
8 141
9 142
9 134
10 338
11 203
11 131
12 334
13 52
14 149
15 136
17 180
17 50
18 313
18 24
19 121
19 183
20 82
21 177
22 137
22 323
23 193
23 59
24 313
26 306
27 191
27 239
29 331
29 320
30 262
30 311
31 247
31 325
33 315
33 222
34 344
34 328
35 255
35 347
37 144
38 139
38 128
39 324
40 246
40 63
41 122
41 89
42 86
42 345
44 242
44 166
45 290
47 330
48 70
49 97
49 123
50 194
53 145
54 185
54 67
55 234
55 124
56 319
58 172
59 193
60 69
60 115
61 92
62 172
64 210
64 155
65 321
68 226
71 130
72 145
73 312
73 342
74 150
74 161
75 140
77 119
77 218
79 160
80 101
81 226
83 127
84 107
85 126
86 345
87 182
88 356
89 122
90 153
90 114
92 243
94 277
95 228
95 111
96 353
97 162
98 277
99 192
100 224
102 259
102 317
103 179
104 270
105 221
106 173
110 189
112 245
113 276
113 284
114 153
116 196
116 188
119 218
120 350
121 183
128 139
131 203
132 281
133 206
133 168
134 142
135 212
138 290
140 147
143 353
144 302
149 263
150 161
152 200
154 184
155 210
158 356
160 190
162 343
163 167
165 270
168 206
169 227
170 265
170 288
171 200
173 261
175 307
175 209
176 321
179 327
181 281
186 280
187 308
187 285
189 292
192 316
197 358
199 359
199 305
201 223
204 224
207 268
208 346
209 209
211 272
211 241
214 235
216 304
216 336
217 322
217 348
222 315
225 339
225 310
230 269
230 349
232 340
237 303
237 354
238 271
244 291
247 325
250 268
251 309
253 279
255 347
256 256
258 355
259 317
262 311
265 288
271 278
280 297
282 329
283 334
286 361
286 298
296 352
299 338
303 354
307 307
310 339
312 342
314 355
318 335
337 337
346 351
