heur028_n_330_m_3253
1 253
1 16
1 122
1 131
2 169
3 139
4 240
4 325
4 302
4 129
5 115
5 294
5 288
6 233
6 176
6 195
7 315
7 264
8 248
8 193
8 256
9 282
9 229
9 61
10 84
10 214
11 68
11 65
11 91
11 314
12 223
12 250
13 323
13 298
13 87
13 290
14 60
14 289
14 168
16 122
16 131
17 219
18 101
18 264
19 218
19 274
19 70
19 145
20 242
21 242
22 171
22 169
26 226
26 45
26 56
28 81
28 178
28 232
29 265
29 139
30 242
31 57
31 46
31 166
31 235
32 48
32 268
33 212
33 284
33 185
33 247
34 234
34 278
35 121
35 270
35 107
35 239
36 146
36 318
36 104
37 187
37 138
37 103
38 197
39 72
39 109
40 234
40 278
41 205
41 201
41 141
41 304
42 248
42 193
42 256
43 280
43 64
43 206
43 127
44 173
44 291
45 226
45 56
46 57
46 166
46 235
47 99
47 98
47 241
47 251
48 268
49 105
49 301
49 210
49 276
50 113
51 116
51 204
51 160
51 313
52 84
52 211
53 308
53 317
53 303
54 236
54 272
56 226
56 93
57 166
57 235
58 200
58 159
58 78
58 220
59 297
59 230
60 168
61 282
61 229
61 123
62 161
62 222
62 108
63 297
63 156
64 280
64 206
64 127
65 91
65 314
66 130
66 209
67 319
67 196
67 273
68 314
69 324
69 157
69 231
69 134
70 218
70 274
70 145
73 140
73 320
74 109
75 312
75 110
75 96
75 221
76 190
77 234
77 278
78 200
78 159
78 220
79 79
79 294
80 317
81 232
81 275
82 170
83 143
83 106
83 167
83 147
84 211
84 214
85 170
86 293
87 323
88 175
88 183
88 322
89 175
89 183
89 322
90 182
90 306
92 174
92 311
93 226
94 279
94 213
94 266
95 299
95 112
95 263
95 260
96 110
96 221
97 291
99 251
100 197
100 190
102 153
102 120
103 187
103 138
104 318
105 301
105 210
106 167
107 121
107 270
107 239
108 161
111 269
111 186
112 299
112 263
112 260
113 262
113 295
113 271
114 328
114 292
114 259
115 294
115 288
116 204
116 160
116 313
117 307
117 316
117 257
117 228
118 137
118 144
118 249
119 286
119 238
120 152
120 153
120 207
121 270
121 239
122 253
122 131
123 229
124 170
125 176
126 170
127 280
129 240
129 325
129 302
131 253
132 177
132 225
132 310
133 202
133 194
133 203
133 149
134 324
134 157
134 231
135 279
135 266
136 330
137 217
137 144
137 249
138 215
138 187
141 205
141 304
142 151
143 167
143 147
144 217
144 249
145 218
145 274
146 199
146 318
147 167
148 327
148 305
148 224
148 255
149 202
150 267
151 151
151 174
152 207
153 207
154 165
154 329
154 181
155 258
155 180
156 297
157 324
157 231
158 292
158 259
159 220
160 204
160 313
162 272
165 285
165 181
166 235
168 189
168 289
172 267
172 191
172 245
173 192
173 291
174 237
175 183
175 322
176 195
177 225
177 310
178 232
179 225
180 258
181 285
182 306
183 322
184 243
184 244
184 287
184 326
185 284
185 247
186 269
187 215
191 267
193 248
193 256
194 202
194 203
195 233
196 227
196 319
198 252
198 254
198 311
199 318
200 220
201 304
204 313
206 280
208 296
208 281
208 330
209 321
210 301
210 276
211 214
212 247
213 266
216 300
216 286
216 238
217 249
218 274
221 312
222 246
223 309
223 250
223 283
224 327
224 305
224 255
225 310
227 319
228 307
228 257
229 282
230 297
231 324
234 278
236 272
238 286
239 270
240 302
241 251
242 287
243 287
243 326
244 326
247 284
248 256
250 309
250 283
252 254
252 311
254 261
254 311
255 305
257 307
257 316
259 292
259 328
261 311
262 295
262 271
263 299
264 315
265 277
266 279
269 293
271 295
273 319
276 301
281 296
281 330
283 309
286 300
288 294
290 323
290 298
296 330
298 323
303 317
305 327
307 316
308 317
