heur009_n_250_m_1450
1 192
2 11
3 82
4 107
5 68
7 175
8 161
10 240
12 120
13 248
15 221
17 110
19 43
20 179
21 65
23 36
24 164
25 67
27 249
29 76
30 213
32 184
34 122
35 145
37 166
38 139
40 49
42 74
44 220
45 51
46 150
47 204
48 62
50 174
52 85
54 156
55 98
56 189
57 87
59 80
60 180
64 210
66 116
69 245
70 230
72 171
75 238
77 127
78 115
81 169
84 214
89 151
90 123
93 160
94 241
96 167
100 129
101 130
103 112
104 196
108 134
111 186
117 199
119 242
121 205
125 144
128 162
132 246
136 235
137 159
138 217
142 198
146 157
148 197
149 170
153 203
154 201
155 183
168 194
173 195
176 250
178 202
182 233
187 234
188 239
191 225
193 211
200 228
207 244
208 229
218 226
222 227
223 237
232 243
