heur021_n_320_m_13507
1 197
1 127
1 238
2 206
2 132
2 17
2 59
2 145
3 297
3 286
3 308
4 188
4 137
4 192
6 303
6 27
7 125
7 290
7 119
7 293
8 295
8 94
9 301
9 151
9 176
9 109
10 14
10 229
10 269
11 139
11 49
11 57
12 180
12 144
12 85
13 48
14 229
15 105
15 179
15 166
15 60
15 73
17 206
17 132
17 59
17 145
18 125
18 290
18 119
18 293
20 255
20 287
20 121
20 281
21 153
21 204
21 120
22 282
22 38
22 224
23 103
23 233
23 161
24 230
24 212
25 258
25 275
25 250
27 199
27 303
27 262
28 213
28 43
29 118
30 100
30 223
31 289
31 200
31 220
32 229
33 237
34 229
35 234
35 278
35 62
37 70
37 194
37 279
37 98
39 143
40 287
40 281
42 201
43 213
44 89
44 102
44 116
45 122
45 95
46 246
46 252
46 207
46 236
46 266
47 190
47 259
47 261
48 317
48 185
48 288
49 139
49 57
49 86
49 243
50 242
50 166
50 101
51 193
51 88
51 268
52 221
52 72
52 312
53 201
54 215
54 174
54 64
56 99
56 316
56 150
56 147
57 139
58 68
58 162
59 206
59 132
59 145
60 105
60 210
60 73
62 234
63 183
64 115
64 215
64 174
64 148
65 242
65 166
65 101
65 184
66 218
66 212
67 276
69 223
69 142
70 194
70 279
70 98
72 159
72 261
73 105
73 179
73 210
74 195
74 91
75 153
76 160
77 141
77 291
77 306
77 133
78 300
78 265
78 175
78 211
78 134
79 274
79 196
79 81
80 214
80 186
80 225
81 274
81 173
82 284
83 146
83 93
83 111
83 123
84 128
85 144
86 139
87 244
87 273
89 239
89 110
89 102
89 116
90 288
91 272
91 195
91 126
91 217
92 168
93 146
93 189
93 111
93 123
94 128
95 135
95 122
96 150
97 258
97 275
97 250
99 280
99 277
100 251
101 242
101 166
102 239
102 116
103 233
103 161
104 256
104 270
105 179
106 180
106 144
106 222
107 244
107 273
108 257
108 205
108 271
108 198
109 307
110 239
110 116
111 146
111 189
113 191
113 313
114 187
115 215
115 174
116 239
117 320
117 226
118 276
119 125
120 153
120 204
121 255
122 183
123 146
123 189
125 290
125 293
126 195
127 197
129 181
133 141
133 306
134 175
134 211
136 190
136 259
137 188
137 192
137 138
138 188
138 199
139 243
140 231
140 219
140 154
141 291
141 314
142 223
143 294
146 189
147 150
148 174
149 257
149 271
150 316
151 307
151 301
152 247
153 204
153 172
154 231
154 298
154 158
155 209
157 275
160 313
164 190
165 253
165 213
166 242
167 234
167 278
169 190
169 259
170 289
170 200
170 220
172 204
175 300
175 265
175 211
176 307
177 253
177 213
179 210
180 222
184 242
186 214
186 225
188 199
188 192
190 259
191 310
192 199
193 311
195 272
195 217
196 274
198 257
198 271
200 289
200 263
200 220
201 232
203 216
203 260
207 252
207 236
207 266
208 316
209 304
209 216
210 210
211 300
211 265
213 253
214 296
214 225
216 304
217 272
219 231
219 298
221 312
221 261
223 251
225 305
226 285
226 283
228 283
229 269
231 298
234 264
235 256
235 270
236 266
237 315
241 303
250 258
250 275
252 266
254 311
257 271
258 275
263 289
265 300
267 276
268 311
277 302
277 319
277 280
277 292
280 302
280 319
283 320
284 315
290 293
296 305
301 307
306 314
308 318
310 313
312 312
