heur030_n_330_m_5613
1 322
1 142
1 146
2 149
2 137
3 152
3 282
3 55
5 253
6 217
6 238
6 325
7 116
7 161
8 224
9 115
9 148
10 155
10 164
10 216
11 87
11 113
12 87
12 113
13 215
14 298
14 18
15 293
16 215
16 118
17 76
17 250
18 298
19 259
19 147
20 190
20 229
21 266
22 136
22 203
22 247
23 288
23 251
25 287
25 241
26 176
26 242
26 301
27 250
28 117
28 209
29 157
29 314
30 49
30 290
31 218
31 47
31 143
32 219
32 222
32 212
33 165
33 92
34 257
35 86
35 253
36 261
36 98
37 261
37 98
38 148
39 266
40 97
40 286
41 287
41 241
42 157
42 314
43 97
43 286
44 56
44 227
44 154
45 171
45 181
45 273
46 114
46 120
46 94
47 218
47 143
48 105
48 323
48 265
49 290
50 309
51 296
51 213
51 285
52 102
52 187
53 262
54 313
54 311
54 194
55 152
55 282
56 227
56 154
57 123
57 104
57 220
58 258
58 256
58 221
59 106
59 73
59 305
60 303
60 79
60 191
61 205
61 78
61 327
62 127
62 278
62 260
63 88
63 271
63 208
64 74
64 159
65 308
65 186
65 85
66 96
66 167
67 82
67 81
67 180
68 316
69 168
69 175
69 90
70 95
70 83
70 249
71 316
72 316
73 106
73 305
74 160
75 103
76 250
77 93
77 330
78 327
79 303
79 191
80 197
80 276
80 235
81 180
82 180
83 95
84 266
85 308
85 186
86 253
87 113
89 277
89 138
89 226
90 168
90 175
91 321
91 195
92 165
92 169
93 330
94 114
94 120
96 236
96 167
97 286
98 261
99 254
99 188
100 192
100 252
101 192
101 252
103 207
103 243
104 123
104 220
105 323
105 265
106 305
107 211
107 156
108 293
108 198
109 324
109 304
109 294
110 202
110 268
110 199
111 245
112 269
112 177
112 329
115 148
117 209
119 209
121 153
121 272
122 153
122 272
123 220
124 166
124 255
125 210
126 297
127 278
128 297
129 297
130 330
131 184
131 307
131 270
133 309
134 257
134 185
135 193
135 223
135 230
136 203
136 247
137 144
137 149
138 226
139 188
140 173
140 151
141 161
142 322
143 218
145 295
145 232
145 264
146 322
147 263
147 259
151 173
151 281
152 282
154 227
155 164
155 216
156 211
156 231
157 314
158 234
158 315
158 170
162 289
162 225
163 299
163 178
164 216
166 255
167 236
168 175
170 234
170 315
171 181
171 273
172 280
172 240
172 228
173 281
174 189
174 237
176 242
176 301
177 269
177 329
178 299
178 244
179 206
179 279
181 273
182 292
182 246
182 275
184 307
184 270
185 257
186 308
188 254
189 237
192 252
194 311
194 313
195 321
196 204
196 210
197 276
198 293
199 268
200 274
200 312
201 279
202 268
204 210
205 327
207 243
208 271
211 231
212 222
213 296
213 285
214 225
217 238
217 325
221 256
223 230
226 277
228 280
228 240
229 239
232 295
232 264
233 326
233 328
238 325
241 287
242 301
244 299
246 292
246 275
264 295
265 323
269 329
274 283
275 292
283 312
285 296
290 300
294 324
294 304
304 324
306 321
317 320
