heur008_n_250_m_1045
1 100
2 116
2 15
3 55
3 44
5 119
5 73
5 70
6 119
6 73
6 70
6 156
7 240
7 111
7 89
7 141
7 11
9 159
9 31
9 21
10 228
11 240
11 111
11 89
11 141
12 161
12 199
12 97
13 55
14 55
14 44
15 116
15 103
15 76
15 61
16 161
16 97
17 104
17 118
17 206
17 56
18 139
18 27
18 216
19 51
19 66
20 235
20 220
20 138
20 99
20 144
21 159
21 31
23 37
23 30
23 228
24 196
24 184
24 186
24 167
24 183
25 221
25 38
25 211
25 233
27 139
27 216
27 58
28 172
28 98
28 80
30 228
30 124
31 159
31 188
32 127
32 232
32 250
33 173
33 175
33 229
33 231
34 217
34 213
34 135
34 146
34 123
35 176
35 190
36 227
38 211
38 233
40 195
40 185
42 51
42 59
42 128
43 245
44 55
45 242
45 237
45 249
45 122
45 142
47 106
47 218
48 114
48 65
49 215
50 202
50 187
52 120
53 126
54 205
54 197
54 168
54 212
56 118
56 104
56 206
58 139
58 110
58 216
60 143
60 108
60 246
61 103
62 188
63 245
64 129
64 106
65 114
65 170
67 223
67 219
67 225
67 105
67 192
68 143
68 108
68 246
69 148
69 171
71 155
71 132
72 221
73 119
73 156
74 143
74 108
74 246
75 127
75 239
75 232
75 250
76 116
76 103
81 194
82 248
82 132
82 169
83 120
84 117
85 118
85 206
86 180
86 92
86 203
88 149
88 193
89 240
89 111
89 141
91 176
91 190
91 191
92 180
92 177
94 202
95 148
95 171
96 180
96 177
97 161
97 199
97 179
99 220
100 222
100 215
102 130
103 116
104 206
105 225
105 223
105 219
105 192
107 154
107 164
107 126
108 143
108 246
109 163
109 145
110 139
110 216
111 240
111 141
112 158
112 204
113 222
113 215
114 178
114 170
117 163
118 206
119 156
122 237
122 142
123 213
126 154
126 153
127 239
127 232
127 250
131 162
132 248
132 155
132 169
133 157
134 174
135 213
135 217
135 146
138 220
138 144
139 216
141 240
142 237
142 249
143 246
144 235
144 220
145 160
146 217
146 213
147 226
147 151
148 171
149 193
149 162
150 204
151 226
151 234
152 210
152 241
157 230
158 204
161 199
161 179
162 193
167 186
167 184
167 196
167 183
168 205
168 197
168 208
168 212
170 178
171 227
172 244
173 229
175 229
175 231
176 190
177 180
185 189
185 214
190 198
190 191
192 225
192 219
209 229
211 233
229 231
232 239
232 250
237 242
