heur019_n_300_m_28765
1 195
1 163
3 119
4 4
6 196
6 6
8 201
9 238
9 203
9 162
9 198
10 225
10 220
10 154
11 154
13 284
15 213
15 249
16 202
16 231
16 252
16 199
16 158
17 154
18 274
19 155
19 186
20 195
20 163
20 224
21 213
22 252
22 199
22 158
23 215
24 236
24 164
24 206
25 176
26 252
26 199
26 158
27 214
27 217
27 177
27 234
28 274
28 287
29 196
30 216
31 262
31 210
32 180
32 173
32 191
33 216
34 176
34 283
35 164
36 276
36 109
37 166
38 190
38 208
39 160
39 193
39 297
39 278
39 264
39 266
40 215
40 212
41 188
41 182
41 174
42 216
43 204
43 210
44 210
45 175
45 280
46 160
46 193
46 297
47 187
47 179
47 211
48 165
48 190
48 208
49 258
50 170
52 214
52 217
52 234
53 213
53 249
54 175
55 195
55 163
56 165
56 190
56 242
56 208
57 165
58 259
58 205
59 188
59 182
61 262
61 210
61 294
63 172
63 171
63 178
63 168
64 167
64 161
64 271
64 185
65 229
65 259
65 205
66 228
66 187
66 179
66 211
66 233
66 243
67 201
68 176
68 209
68 283
69 167
69 161
69 184
69 185
70 193
70 297
70 278
70 266
70 244
71 276
71 293
72 276
72 293
73 175
75 156
76 196
76 299
76 241
77 269
77 201
78 175
79 283
80 172
80 171
80 222
80 189
80 178
80 168
81 157
81 154
82 214
82 234
83 217
83 214
83 234
84 270
84 258
85 175
86 167
86 271
86 185
87 196
87 87
89 295
89 239
89 89
89 221
89 240
90 195
90 163
91 173
91 247
91 219
92 285
93 172
93 189
93 178
93 168
94 257
94 188
95 205
97 187
97 179
97 211
97 194
99 269
100 180
100 173
100 191
101 291
101 290
101 298
101 216
102 255
104 251
104 186
104 154
105 262
105 210
106 170
108 167
108 185
109 109
110 256
110 251
110 281
110 218
110 186
113 238
113 162
113 198
114 238
114 169
114 203
114 162
114 192
114 198
115 205
116 155
116 186
117 238
117 169
117 203
117 162
117 198
118 258
118 166
120 229
120 259
120 205
121 215
122 188
122 182
123 295
124 270
124 166
125 159
125 181
126 209
127 202
127 252
127 199
127 158
128 213
129 201
130 176
130 209
131 217
131 214
131 177
133 202
133 199
133 158
134 212
135 276
135 293
136 196
136 241
138 180
138 173
138 191
139 195
139 163
141 159
141 181
141 263
142 154
143 205
144 195
144 163
145 217
145 214
145 177
145 234
146 154
147 279
147 213
147 249
149 159
149 230
149 181
149 263
150 156
150 284
151 291
151 268
151 298
151 216
152 195
152 163
153 287
154 225
154 220
155 251
155 256
155 281
156 284
157 225
157 220
158 231
158 252
159 273
159 230
159 263
159 261
160 297
160 278
160 264
160 266
160 244
161 246
161 271
162 238
163 224
164 236
164 300
164 248
164 277
165 267
165 282
165 242
165 208
166 288
166 270
166 258
167 246
167 271
168 227
168 222
169 238
170 274
170 287
171 227
171 222
172 227
172 222
173 237
173 247
173 219
174 257
174 245
175 175
176 283
177 234
178 227
178 222
179 228
179 233
179 243
180 237
180 247
180 219
181 273
181 230
181 263
181 261
182 257
182 245
182 226
183 223
183 284
184 246
184 271
185 246
185 271
186 256
186 251
186 281
187 228
187 233
187 243
188 257
188 245
188 226
189 227
189 222
190 267
190 282
190 242
191 247
191 219
192 238
193 297
193 278
193 264
193 266
194 228
194 233
194 243
195 224
196 299
196 241
196 296
197 273
197 230
197 263
197 261
198 238
199 231
199 252
200 236
200 300
200 248
200 277
201 269
201 265
202 231
202 252
203 238
204 262
204 294
205 259
205 289
206 236
206 300
206 248
206 277
207 295
207 239
207 272
207 221
207 240
208 267
208 282
208 242
209 283
210 262
210 294
211 228
211 233
211 243
212 286
212 235
212 253
213 279
213 232
213 254
213 249
214 234
215 250
215 235
215 253
216 290
216 291
216 268
216 298
217 234
218 251
218 256
218 218
275 275
281 281
293 293
296 296
