heur033_n_330_m_13861
1 229
1 271
1 256
1 195
2 235
2 91
2 146
2 315
3 197
3 104
3 191
3 330
4 89
4 296
5 280
5 147
6 164
6 304
6 243
6 202
7 164
7 243
7 202
8 170
8 294
8 149
9 227
9 252
10 230
10 293
10 126
10 136
10 272
11 213
11 161
11 142
11 237
12 328
12 28
13 213
13 161
13 142
13 237
14 228
14 185
14 234
14 115
15 190
15 153
15 211
16 95
16 129
16 117
17 328
17 287
18 280
19 203
19 306
19 122
19 163
19 220
20 190
20 153
20 211
21 94
21 263
21 322
21 239
21 321
22 57
22 56
23 190
23 153
24 141
24 160
25 327
25 196
26 159
26 174
26 224
27 194
27 189
27 188
27 90
27 246
28 328
28 287
29 141
30 167
30 93
30 267
30 269
31 319
31 134
31 292
31 308
32 57
32 56
33 328
33 287
34 50
34 129
35 327
35 196
36 327
36 196
37 131
37 98
37 255
37 139
38 280
38 147
39 259
39 285
40 247
40 97
41 89
41 288
41 100
41 296
42 173
42 169
42 206
42 52
42 309
43 286
43 53
44 276
44 278
45 238
45 323
46 92
46 176
46 260
46 209
47 300
47 212
47 297
47 63
47 268
48 311
48 181
48 310
48 253
49 257
49 150
49 107
49 179
50 117
51 242
51 76
51 127
51 241
51 186
52 206
52 169
52 309
53 152
53 286
53 148
53 85
54 294
54 149
54 125
55 247
55 171
55 258
56 110
57 110
58 232
58 69
58 128
59 240
59 232
59 69
59 116
59 128
60 124
60 274
60 137
61 320
61 259
61 312
62 162
62 252
63 300
63 212
63 297
63 268
64 141
64 160
65 162
65 227
65 252
66 301
66 273
67 101
67 266
67 307
67 183
68 131
68 98
68 255
68 139
69 240
69 128
70 174
70 224
71 88
71 277
71 270
72 238
72 165
73 301
73 273
74 74
74 313
74 250
74 184
75 299
75 284
75 180
75 314
75 316
76 242
76 127
76 241
76 186
77 257
77 179
78 182
78 223
78 144
79 270
80 182
80 223
80 144
80 298
81 319
81 134
81 292
81 308
82 238
82 323
83 92
83 260
83 209
84 101
84 266
84 307
84 183
85 152
85 286
85 148
86 295
86 199
86 283
87 197
87 104
87 191
87 330
88 277
88 270
89 100
89 296
90 189
90 188
90 194
90 246
91 118
91 235
91 146
91 315
92 260
92 209
93 167
93 267
93 269
94 263
94 322
94 239
94 321
95 129
97 247
97 171
97 258
98 131
98 255
99 124
99 274
99 265
100 288
100 296
101 307
102 262
102 291
102 317
102 130
103 160
104 197
105 201
105 289
105 218
106 201
106 289
107 257
107 179
108 225
108 329
108 324
111 174
111 224
112 327
113 325
113 290
113 302
113 123
114 244
114 254
115 228
115 185
116 313
116 250
116 184
118 146
118 315
119 214
119 233
119 279
120 254
121 277
121 270
122 306
122 220
123 325
123 290
123 302
124 274
124 265
124 137
126 230
126 136
126 272
127 242
127 241
128 240
128 232
130 262
130 291
130 317
130 151
131 139
134 319
134 292
134 308
135 275
135 261
135 143
136 230
136 293
136 272
137 274
137 265
138 215
139 255
140 175
140 215
141 160
142 213
142 161
142 237
143 275
143 261
143 178
143 177
144 298
145 329
145 324
146 235
146 315
147 280
148 286
149 294
150 257
150 179
151 262
151 291
152 286
154 251
154 248
154 216
155 169
155 155
157 187
157 168
158 290
159 174
159 224
161 213
162 227
162 252
163 306
163 220
164 304
165 238
165 323
166 214
166 205
167 269
168 282
168 281
168 187
169 309
170 294
171 258
172 264
172 204
173 311
173 181
173 310
174 224
176 209
177 275
178 275
180 299
180 284
180 314
180 316
181 311
181 310
181 253
182 298
183 307
184 313
184 250
184 207
185 234
186 242
186 245
187 282
187 281
187 245
188 246
189 246
190 211
191 330
192 251
193 301
194 246
195 303
195 229
195 256
196 327
197 330
198 254
199 295
199 208
199 249
200 305
201 289
201 218
202 304
203 306
203 220
204 217
204 264
204 219
205 214
205 233
205 279
206 309
207 250
208 295
208 283
210 234
212 300
212 297
212 268
213 237
214 233
214 279
216 251
218 236
218 289
219 318
222 244
225 329
225 324
227 252
229 256
230 293
231 329
231 324
233 279
239 263
241 241
243 304
248 251
250 313
253 311
253 310
256 271
259 320
259 285
261 275
262 291
262 317
263 322
263 321
272 293
283 295
284 299
284 314
284 316
291 317
292 319
292 308
305 326
308 319
