heur005_n_160_m_4015
1 77
2 54
2 58
3 112
4 121
4 82
5 38
6 10
7 52
8 116
10 16
12 129
12 79
13 114
13 106
14 78
14 120
15 70
17 160
18 149
19 127
19 85
20 81
22 56
22 121
23 82
24 149
25 139
27 49
27 146
28 119
28 47
29 77
31 57
31 65
32 83
33 86
33 103
35 148
35 59
36 91
36 141
38 69
39 143
39 140
40 66
42 64
42 126
43 128
44 107
45 158
45 125
46 110
46 155
47 119
49 146
50 66
52 122
53 144
53 125
55 92
56 56
59 148
60 154
60 115
61 88
63 137
64 126
68 131
71 71
71 144
74 123
75 111
75 134
76 92
78 120
85 127
86 103
88 153
89 136
93 139
94 116
97 147
98 152
100 151
101 132
108 152
109 156
110 155
111 134
112 124
115 154
117 137
130 147
133 142
133 157
142 157
145 145
