heur024_n_329_m_27115
1 133
2 100
4 132
5 186
10 26
11 174
12 177
13 126
14 145
16 192
17 59
22 157
24 80
25 230
31 237
38 79
39 50
45 241
54 159
58 285
61 128
64 188
66 76
72 276
74 295
75 216
77 153
86 138
89 305
93 206
95 197
99 187
106 307
109 126
113 195
115 199
121 211
123 287
124 321
127 312
129 167
130 240
134 283
136 254
137 275
140 293
141 176
143 258
144 202
149 196
150 180
154 252
156 214
158 201
161 317
162 189
163 273
171 257
175 218
183 213
184 227
185 311
191 318
194 302
204 286
222 228
225 261
226 278
234 274
248 296
253 303
