heur012_n_250_m_20035
2 62
3 26
3 159
3 45
3 122
4 56
5 169
5 106
5 172
6 38
6 41
6 66
6 71
7 155
9 74
10 125
11 36
11 118
11 152
12 43
13 72
13 168
14 34
16 125
17 42
18 39
19 46
20 162
21 39
22 116
22 123
22 57
22 63
23 59
23 75
24 167
24 30
24 174
26 234
26 159
26 199
26 122
27 173
27 197
27 153
27 216
28 117
28 114
28 108
28 124
29 73
29 175
30 167
30 174
31 209
31 101
31 164
31 191
32 96
32 244
32 227
33 204
33 139
34 188
34 181
34 230
34 130
34 144
35 151
35 105
35 70
35 247
35 52
36 118
36 100
36 156
36 233
36 152
37 112
37 54
37 51
37 154
38 66
38 71
38 220
38 135
39 129
39 178
40 117
40 114
40 108
40 124
41 66
41 71
41 220
41 135
42 113
42 87
42 184
43 204
43 139
43 76
44 74
44 55
44 196
44 239
44 142
45 159
45 199
45 122
46 228
46 53
46 217
47 117
47 114
47 108
47 124
48 212
48 209
48 101
48 164
49 112
49 54
49 51
49 154
50 170
50 176
50 60
50 229
50 61
51 91
52 82
53 217
54 91
56 78
56 98
57 205
58 94
59 207
59 85
59 59
59 145
62 208
62 89
63 223
63 84
64 206
64 77
65 206
65 77
67 110
67 213
68 206
68 77
69 193
71 220
73 97
73 99
74 196
74 142
75 207
75 201
75 85
75 145
79 173
80 120
81 81
81 163
83 120
87 113
87 189
88 173
90 240
92 120
94 171
94 107
94 121
95 102
96 185
98 241
100 118
100 152
101 212
101 209
102 143
102 146
102 231
103 213
104 198
104 203
104 186
104 193
106 183
107 232
109 193
110 110
111 218
113 189
115 213
115 235
116 205
116 179
116 182
119 213
119 235
120 227
121 121
121 137
122 199
123 205
123 179
123 182
125 219
125 225
125 200
128 169
130 188
131 166
132 163
134 155
136 155
137 171
138 168
141 141
141 166
143 161
146 146
152 216
153 216
154 181
155 224
158 217
161 161
162 222
162 240
162 202
164 212
164 209
166 223
167 242
167 211
167 210
169 183
170 229
171 232
172 183
172 192
173 216
174 242
174 211
190 201
193 203
196 196
222 222
232 232
