heur016_n_300_m_15456
1 93
3 62
5 190
6 53
9 107
12 160
15 237
16 171
18 178
19 83
21 187
22 76
24 232
25 49
26 59
27 109
28 283
29 209
30 202
32 275
33 111
34 286
35 152
36 170
38 297
39 212
40 101
42 175
43 104
44 262
45 181
46 249
50 242
51 90
52 125
55 193
56 210
57 227
58 118
60 192
61 296
64 269
66 228
67 207
68 120
69 182
70 239
75 102
77 256
80 273
84 161
85 264
86 174
87 106
89 213
91 205
92 281
94 144
95 124
96 230
98 183
99 177
100 164
108 165
113 292
114 185
115 274
117 180
119 236
122 299
128 291
129 247
131 199
132 198
134 203
135 195
136 260
137 259
138 179
143 201
146 282
153 253
154 235
163 241
168 280
173 270
214 218
220 278
229 294
233 261
234 279
240 251
245 284
252 295
