heur036_n_347_m_17983
1 138
3 99
4 295
6 29
6 211
7 310
7 17
8 87
10 334
10 245
11 207
11 110
12 31
13 159
15 264
19 273
19 316
20 125
21 99
22 63
23 309
25 125
26 87
27 268
27 318
28 95
29 211
30 94
31 306
32 37
32 77
33 158
33 91
34 315
34 296
35 248
36 186
37 77
38 165
40 92
43 292
43 219
44 70
45 291
45 62
46 300
47 300
48 223
48 335
49 68
49 257
50 284
52 109
53 263
55 127
56 149
57 188
57 175
58 142
60 255
61 146
61 96
62 291
65 297
65 265
66 330
66 229
67 212
69 112
69 336
73 322
73 290
75 181
76 285
78 186
81 151
81 152
82 346
83 320
84 251
85 280
88 329
88 227
89 275
90 116
94 199
96 146
97 171
97 107
98 172
98 267
102 237
103 342
105 307
106 231
106 140
107 171
108 150
109 339
110 207
111 173
113 303
114 250
114 249
117 203
119 270
122 148
123 201
123 153
124 177
124 244
126 132
126 302
131 327
132 302
133 278
134 141
136 179
137 262
140 231
141 323
142 193
144 159
145 190
147 178
148 312
149 240
150 301
151 152
154 258
154 314
161 197
161 182
164 282
164 283
169 176
170 191
172 267
175 188
176 234
177 244
178 233
180 331
180 260
184 263
189 205
189 209
190 238
192 324
192 213
196 321
196 286
198 269
203 325
204 337
208 212
210 320
213 324
215 228
220 275
222 319
223 335
227 329
229 330
232 236
235 254
239 270
242 342
245 334
246 255
249 250
251 299
254 340
259 332
261 327
266 293
266 288
268 318
271 287
277 338
278 289
286 321
288 293
296 315
304 332
309 317
326 338
333 346
343 347
