heur051_n_300_m_20122
1 220
2 213
3 204
4 253
5 172
7 262
7 269
10 175
12 285
14 216
15 247
16 159
17 214
18 246
20 153
22 196
24 213
25 263
26 153
28 149
29 203
29 295
32 194
34 205
36 175
38 236
39 187
40 249
41 160
42 152
42 244
44 214
46 162
47 272
47 281
49 189
50 173
51 230
52 173
53 252
54 285
56 170
58 234
58 188
59 289
60 283
61 241
61 166
62 245
63 189
64 239
64 299
65 165
66 290
67 238
67 233
68 165
69 268
69 231
70 240
70 250
71 226
72 190
72 144
78 273
79 260
80 273
81 253
82 298
83 157
84 287
84 276
85 216
90 282
91 242
92 242
93 150
93 174
95 200
96 160
98 261
98 259
99 264
99 293
101 246
103 200
105 230
106 170
107 220
110 185
111 248
112 186
113 172
114 290
115 218
115 163
116 210
118 228
118 161
119 269
122 157
123 217
123 182
124 178
124 255
125 263
126 205
127 196
128 248
130 289
132 260
133 266
133 267
134 236
135 187
137 245
138 164
138 168
139 210
140 151
140 215
141 204
142 149
143 226
146 270
154 271
159 280
162 277
167 284
171 297
176 278
183 284
191 288
191 296
193 270
197 201
203 295
207 271
211 279
219 275
229 298
235 292
239 299
243 297
249 300
254 275
257 278
258 292
262 274
