heur006_n_180_m_6067
1 159
1 89
1 140
1 58
2 70
2 86
2 52
2 119
3 92
3 42
3 35
3 96
3 37
4 152
4 82
4 48
4 173
5 41
5 136
5 55
5 169
6 118
6 143
6 93
6 128
7 69
7 80
7 94
7 174
7 83
8 100
8 32
8 166
8 176
8 57
8 81
9 72
9 142
9 123
9 24
9 22
9 148
10 10
10 135
10 141
10 170
10 172
11 149
11 127
11 73
11 29
12 33
12 104
12 162
13 131
14 66
14 126
14 130
15 66
15 126
15 63
16 139
16 113
17 144
17 120
17 78
17 160
17 49
18 159
18 89
18 140
18 58
19 33
19 27
19 104
20 149
20 73
21 61
21 116
21 31
22 142
23 152
23 82
23 48
23 173
24 142
25 157
25 125
25 75
26 165
26 139
26 113
27 104
27 162
27 180
28 121
28 155
28 177
29 149
29 153
30 91
30 45
30 147
30 106
31 151
31 171
31 116
31 87
32 166
32 176
33 104
33 162
33 180
34 137
34 132
34 76
35 92
35 115
36 107
36 122
36 145
36 112
37 92
37 115
37 96
38 99
38 53
38 163
38 50
38 90
39 137
39 132
39 84
39 76
40 129
40 161
40 167
41 124
41 136
41 169
44 150
44 156
45 131
45 106
46 150
46 156
47 163
48 152
48 82
48 173
49 120
49 160
50 163
51 105
51 102
51 154
51 88
52 86
52 114
53 163
54 161
54 167
55 124
55 136
55 169
56 56
57 166
58 159
58 89
58 140
59 146
60 129
60 161
60 167
61 151
61 87
62 152
62 82
63 126
64 164
65 105
65 154
66 126
66 98
66 130
67 150
67 156
68 157
68 75
69 80
69 83
70 117
70 114
70 119
72 142
72 123
72 148
73 149
73 153
75 157
75 125
76 137
76 132
78 95
80 97
80 94
81 166
81 176
82 173
83 97
83 94
84 137
84 132
86 117
86 119
87 151
87 171
88 102
88 154
88 179
89 159
89 158
89 140
90 163
91 131
91 106
93 118
93 133
94 174
98 126
99 163
101 124
101 136
102 154
102 179
103 143
103 133
103 128
104 162
105 154
105 179
106 131
106 147
107 145
108 165
108 139
109 150
109 156
111 145
112 145
113 165
113 139
113 134
116 151
118 143
118 133
121 155
121 168
121 177
122 145
123 142
123 148
124 169
125 164
127 149
127 153
129 161
129 167
134 139
135 138
135 141
135 172
138 172
141 172
151 171
152 173
154 179
155 177
162 162
166 176
180 180
