heur004_n_140_m_3014
2 111
2 26
2 73
2 117
2 29
3 52
4 108
4 58
4 72
5 53
5 94
5 74
5 64
6 97
6 62
7 131
7 68
8 81
8 40
8 59
8 99
9 42
9 13
9 75
9 124
9 77
10 112
10 91
10 127
10 41
11 81
11 40
11 99
12 82
12 130
12 78
12 128
12 96
13 42
13 124
13 77
14 138
15 131
15 38
15 140
16 60
16 87
16 33
17 22
18 62
19 89
19 103
19 27
19 113
19 24
20 58
20 72
20 108
21 52
22 71
22 52
23 58
23 72
23 108
24 89
24 103
24 27
24 113
25 138
26 83
26 111
26 73
26 117
27 50
27 89
27 103
27 113
28 98
28 121
29 111
29 73
29 117
30 95
30 126
30 105
31 83
31 50
31 51
31 49
32 116
32 106
33 61
33 60
33 114
34 102
34 133
34 101
35 120
35 47
36 134
37 95
37 92
37 105
38 63
38 68
39 79
39 109
39 69
39 104
40 59
40 99
41 112
41 91
41 127
41 135
42 75
42 77
43 122
44 79
44 109
44 69
44 104
45 122
46 46
46 137
46 64
47 120
47 139
48 136
48 66
48 129
48 99
48 65
49 123
50 123
51 123
53 137
53 64
54 120
55 119
55 132
56 120
56 139
57 98
57 76
59 81
59 99
60 87
64 90
64 137
64 94
65 136
65 86
65 129
66 129
67 85
67 135
68 131
68 140
69 104
70 97
70 93
74 122
74 107
75 124
76 98
76 121
76 100
77 124
78 130
78 96
79 104
80 134
80 101
80 106
81 99
82 130
82 96
83 123
84 122
85 118
85 135
87 114
88 122
90 118
90 135
91 112
91 125
91 127
94 137
96 128
101 133
101 110
102 115
102 110
104 109
107 135
110 133
116 134
118 135
119 132
120 139
125 125
128 130
