heur031_n_330_m_7270
2 229
2 233
3 241
3 294
4 251
4 248
5 105
7 7
7 144
8 73
8 321
10 180
11 278
11 307
12 196
13 69
14 181
14 257
15 213
15 30
16 36
16 220
17 113
17 99
18 110
19 54
19 55
20 216
20 281
21 202
21 102
22 284
22 319
23 315
23 303
24 105
29 327
29 143
30 213
31 259
31 136
32 290
32 243
33 196
34 134
34 129
35 296
35 101
36 220
37 142
38 230
39 285
40 225
40 297
42 265
43 271
43 132
44 56
44 92
45 206
46 98
47 239
47 256
48 272
48 199
49 208
49 108
50 159
50 154
52 234
52 316
53 153
53 280
57 91
58 286
58 226
59 148
60 273
61 83
62 275
63 330
64 72
66 66
66 144
67 187
67 90
68 253
69 228
71 177
73 321
75 224
76 253
77 180
78 188
79 224
80 165
80 167
81 210
82 178
82 222
83 172
84 98
85 112
86 119
86 93
87 289
87 185
88 217
88 211
90 187
91 288
94 209
95 270
95 282
96 240
96 236
97 118
99 113
100 176
100 190
101 296
102 202
103 204
104 249
106 124
106 252
107 299
107 126
108 208
109 120
111 285
112 254
114 188
115 293
115 170
116 306
117 210
120 329
121 305
121 277
122 189
123 265
124 252
125 206
126 299
127 295
128 238
128 320
129 134
130 179
130 235
131 169
132 271
133 186
135 135
136 259
137 195
137 156
139 250
139 287
140 264
143 327
146 261
147 262
149 311
151 292
151 301
152 177
153 280
158 189
160 183
160 300
161 276
161 317
162 295
163 214
163 266
164 262
166 237
168 198
168 322
170 293
171 314
171 325
174 174
175 263
175 279
176 190
179 235
181 257
182 298
182 215
183 300
184 232
185 289
191 242
192 283
192 328
193 323
193 227
194 258
194 205
197 302
197 312
199 272
200 309
201 306
203 264
204 221
205 258
207 246
207 255
209 313
211 217
212 318
212 223
214 266
216 281
218 308
218 269
219 291
219 326
223 318
225 297
226 286
227 323
232 245
239 256
241 294
242 274
243 290
246 255
248 251
260 273
261 267
263 279
270 282
275 324
278 307
284 319
292 301
