heur025_n_329_m_32168
1 53
1 100
2 21
2 278
4 204
5 119
5 154
6 170
10 51
11 227
11 299
12 40
12 222
13 174
13 93
16 33
17 57
19 79
21 278
22 284
24 206
24 189
26 130
26 296
29 133
31 149
31 259
32 156
35 207
38 145
39 165
39 238
41 228
44 114
44 128
54 148
55 328
59 225
64 261
64 66
66 261
70 305
72 305
73 187
74 324
75 158
76 257
76 324
78 204
79 108
82 195
89 282
89 217
95 144
95 321
96 253
96 246
98 286
109 196
114 128
115 255
115 329
119 119
120 232
121 216
123 312
126 226
126 157
129 252
129 309
131 318
132 245
132 180
134 307
134 283
135 171
138 209
140 266
140 269
141 141
144 321
145 221
148 249
150 162
150 304
154 154
155 187
156 212
157 226
161 248
170 218
171 326
175 319
176 202
183 202
184 311
185 315
189 206
195 213
196 270
201 265
211 324
216 323
225 316
228 262
232 303
246 253
252 309
257 289
264 318
272 287
283 307
286 300
289 327
