heur035_n_345_m_17798
1 162
2 136
2 116
3 306
5 124
9 337
9 220
10 283
10 223
12 166
13 280
14 158
14 259
15 143
16 38
16 270
17 345
18 238
18 338
19 313
19 309
20 319
21 92
21 322
22 229
22 167
23 132
24 156
24 58
25 323
27 165
27 174
28 155
28 245
29 189
29 46
30 186
32 302
32 236
33 114
35 326
36 279
37 279
39 325
41 201
42 251
42 253
43 230
44 120
45 325
48 62
48 180
49 228
50 286
50 134
51 115
51 332
52 284
53 314
54 183
55 256
55 290
56 96
57 209
57 83
58 156
59 239
60 181
63 284
64 89
64 141
65 304
66 130
67 131
67 110
68 324
68 268
69 123
70 267
70 144
71 183
74 318
77 323
78 315
78 163
79 87
81 281
82 213
84 216
84 126
85 222
85 265
86 282
87 170
88 282
90 130
91 123
92 322
95 343
96 266
99 143
100 140
101 128
101 157
102 120
103 104
104 298
105 125
106 319
107 193
107 219
108 172
108 272
109 329
110 131
112 139
112 113
113 139
117 336
117 232
118 208
119 119
122 258
122 271
124 262
125 154
126 216
127 285
128 128
129 171
131 157
132 150
133 224
133 264
134 286
135 305
135 146
138 285
140 177
142 303
142 237
144 267
145 164
146 305
147 195
147 275
149 243
149 344
151 202
152 345
153 288
155 245
158 259
159 301
159 274
160 343
161 277
162 244
163 315
166 263
167 229
168 252
169 230
173 231
173 206
175 261
175 292
178 240
179 186
182 277
184 269
184 327
190 333
190 308
192 249
192 198
193 219
195 275
196 254
200 316
201 278
202 234
204 280
205 311
207 235
208 210
211 235
212 306
213 321
214 297
215 228
218 329
221 254
224 264
225 281
226 247
232 336
236 302
237 303
238 338
240 255
242 312
243 344
246 328
247 342
251 253
252 317
257 328
258 271
268 324
269 327
273 288
287 320
287 294
289 335
293 335
294 320
296 311
300 326
304 331
308 333
