heur049_n_300_m_17695
1 246
1 84
1 288
2 179
3 205
3 230
4 57
4 276
4 199
5 164
6 110
6 96
7 69
7 146
8 179
8 129
9 28
9 89
9 56
10 190
10 103
10 150
10 188
11 58
11 143
11 49
12 43
12 88
13 130
13 148
13 62
14 254
14 206
14 175
14 223
15 71
15 226
15 118
16 126
17 205
17 230
18 58
19 119
19 268
19 298
19 30
19 32
20 125
20 278
20 85
21 158
22 171
22 169
22 168
22 170
23 131
23 110
23 96
24 202
24 126
25 106
25 119
25 270
26 43
26 253
27 135
27 166
27 297
28 89
29 258
29 299
29 265
29 231
30 268
30 298
31 91
31 274
31 111
32 268
32 298
33 227
33 197
34 208
34 262
35 225
35 117
35 189
36 273
36 285
37 191
39 214
39 294
40 233
40 252
40 256
40 279
41 192
41 291
41 109
41 163
42 91
42 274
42 111
43 253
43 88
44 227
44 197
45 191
45 112
46 280
46 251
46 243
46 78
47 102
48 164
50 241
50 228
51 225
51 117
52 289
52 283
52 282
52 247
53 122
54 261
54 255
54 249
54 139
55 290
55 108
55 161
56 89
57 276
57 199
58 143
60 212
60 215
60 172
60 104
61 102
62 178
62 148
63 191
63 112
64 241
64 228
65 102
66 227
66 197
67 211
67 200
67 159
67 232
68 183
68 162
69 100
69 204
70 235
70 229
71 76
71 226
71 118
72 259
72 277
72 210
73 273
73 285
74 113
74 183
74 162
75 147
75 194
75 90
77 292
77 281
77 134
78 251
78 243
79 287
79 284
79 142
80 166
80 297
81 165
81 157
81 213
82 123
83 173
84 198
84 246
85 125
85 248
86 222
86 267
86 141
86 193
87 218
87 124
87 167
88 253
89 269
90 147
90 194
91 274
92 219
92 286
92 244
92 195
93 173
94 173
95 237
95 176
96 131
97 257
97 201
97 245
98 173
99 176
100 146
100 204
101 156
101 136
101 152
103 190
103 150
103 188
104 215
104 172
105 156
105 136
105 152
106 182
106 270
107 295
107 224
107 272
108 290
108 161
109 291
109 163
111 274
112 191
113 183
113 162
114 290
114 161
115 144
115 266
116 263
116 264
117 189
118 226
120 238
120 234
120 153
120 239
121 203
122 229
124 218
124 275
124 167
125 248
125 278
126 202
126 196
128 208
128 262
129 179
130 178
132 264
132 263
133 287
133 284
134 292
135 166
137 300
138 138
139 261
139 255
140 140
140 300
141 267
141 193
142 287
142 284
144 266
145 296
146 204
147 194
148 178
149 259
149 277
149 210
150 188
151 281
153 234
153 239
154 208
154 262
155 264
155 263
157 165
158 294
159 232
160 165
161 290
163 291
164 180
166 297
174 242
174 177
182 182
187 293
192 291
198 246
207 295
214 294
217 300
221 293
222 267
231 299
233 256
250 293
258 299
265 299
268 298
