heur029_n_330_m_4329
1 240
2 185
3 233
4 234
5 297
6 127
7 292
8 164
9 50
10 100
11 250
12 216
14 208
15 163
16 228
17 307
18 106
19 308
20 117
21 237
22 137
23 257
24 184
24 151
25 99
26 149
27 241
28 206
29 296
32 171
33 161
35 94
36 88
37 140
38 202
40 225
41 165
42 183
43 321
44 235
45 61
46 90
47 125
48 55
49 97
51 260
52 172
53 262
54 131
56 75
57 180
58 158
59 268
60 186
60 275
62 217
63 304
64 201
65 193
66 277
67 272
68 194
69 238
70 214
71 273
72 246
73 98
74 222
76 124
77 154
78 270
79 178
80 280
81 295
83 282
84 289
85 102
86 319
87 189
89 196
91 120
92 229
93 168
95 266
96 294
100 290
101 111
104 114
105 194
108 169
109 279
110 256
112 213
115 320
116 221
118 255
119 326
121 265
122 200
123 146
126 281
128 205
129 261
130 175
132 191
133 327
134 302
138 231
139 313
141 211
142 159
144 330
145 220
147 199
148 215
150 173
152 305
153 232
155 187
156 223
157 311
160 322
162 209
166 236
170 329
179 264
181 259
182 188
190 195
192 318
197 324
198 323
203 227
204 274
207 253
210 267
212 245
226 251
230 242
239 310
243 254
244 306
249 303
252 293
263 298
269 288
276 284
278 316
283 312
287 314
291 315
300 325
