heur023_n_329_m_16183
2 327
4 64
6 235
7 41
8 45
10 149
11 81
12 164
13 76
14 319
15 74
17 34
18 278
22 290
23 136
24 191
26 208
27 148
28 62
29 253
30 160
31 316
33 285
35 80
36 281
37 92
39 95
42 237
43 121
44 179
47 167
49 212
51 318
53 186
55 225
56 302
57 130
58 218
70 229
71 206
72 82
73 146
75 199
77 308
79 272
89 168
93 152
94 175
96 264
100 222
104 189
107 242
109 156
110 294
111 254
114 311
115 205
116 221
118 184
119 216
122 243
123 286
124 129
126 142
128 305
132 153
133 170
137 309
138 226
140 183
141 163
143 276
144 162
145 261
147 158
150 203
154 171
157 259
161 169
166 204
172 187
173 192
180 307
182 280
190 299
194 284
195 277
196 293
197 231
198 303
202 224
209 211
213 267
214 227
228 324
230 260
232 320
251 300
252 295
257 283
274 304
275 296
289 323
306 328
