heur037_n_347_m_31752
1 336
3 151
5 99
5 234
6 257
6 262
8 333
12 289
12 256
13 233
15 178
15 135
16 282
17 248
17 221
17 213
21 135
23 34
24 163
25 28
25 276
27 320
28 121
30 138
32 323
32 325
33 168
33 246
33 84
34 230
35 163
38 38
39 222
40 274
40 339
41 111
42 154
42 180
42 56
46 274
47 86
48 243
50 105
51 244
51 102
52 145
52 148
52 73
55 85
55 171
56 180
56 154
57 141
57 294
59 163
60 188
63 151
65 185
65 190
65 70
66 300
68 309
69 110
69 303
69 327
70 190
72 86
73 145
73 148
74 332
75 99
76 202
76 204
77 235
77 160
78 342
80 151
82 98
84 246
85 171
87 338
88 231
91 138
93 268
93 209
94 173
94 308
95 192
95 219
95 212
96 342
97 220
98 295
100 332
103 218
110 327
113 309
116 214
118 332
119 128
120 275
121 276
123 261
125 292
126 129
126 131
126 247
127 245
132 164
133 258
133 270
135 178
136 299
137 142
138 165
142 267
142 272
143 263
145 148
150 324
150 346
156 333
158 210
158 203
159 186
159 159
164 343
170 210
171 277
172 296
177 305
177 275
179 254
179 231
181 271
181 297
182 291
184 245
192 219
192 212
194 211
201 255
207 323
209 268
212 219
213 248
213 213
214 266
216 249
221 221
221 248
223 233
223 302
225 245
226 289
226 256
227 240
228 265
229 263
239 343
240 259
242 336
244 340
250 333
253 321
256 289
257 262
264 268
265 287
271 297
275 305
278 301
286 309
288 290
321 322
