heur014_n_300_m_14191
1 144
2 133
3 116
4 226
8 119
11 183
12 55
13 40
14 64
15 114
16 245
19 207
19 149
21 58
23 224
24 250
25 103
26 275
27 78
28 131
29 194
30 241
31 167
36 173
38 90
39 205
42 127
43 196
44 189
46 83
47 108
48 218
49 169
54 219
62 171
63 98
66 211
68 222
70 231
73 141
76 269
77 137
84 172
85 199
86 198
87 262
89 282
92 228
93 253
94 188
95 298
96 157
97 223
99 242
104 179
107 124
109 204
110 203
113 177
118 221
121 277
122 230
125 291
128 197
130 246
134 285
135 274
138 175
140 142
143 261
147 156
150 162
151 234
153 208
154 264
155 220
161 300
165 239
166 210
174 184
178 217
181 268
185 257
187 283
195 273
202 243
206 287
209 279
212 225
229 292
232 248
233 251
235 244
238 289
247 284
249 293
254 267
276 299
