heur021_n_320_m_13507
1 130
1 133
1 135
1 116
1 118
1 122
1 19
1 3
1 37
1 30
2 302
2 308
2 316
2 319
3 133
3 12
3 116
3 122
5 313
5 316
7 67
7 68
7 77
7 82
7 87
8 234
8 240
8 253
9 76
10 194
10 258
10 229
10 201
10 188
10 191
11 234
11 266
11 240
11 241
11 253
11 254
12 130
12 133
12 135
12 116
12 118
12 122
12 19
12 37
12 30
13 220
13 221
14 302
14 308
14 316
14 319
15 76
16 168
16 209
16 242
16 52
17 76
18 168
18 202
18 173
18 209
18 242
18 52
18 189
19 133
19 116
19 122
20 288
20 302
20 308
20 313
20 316
20 319
21 101
21 300
22 168
22 202
22 173
22 209
22 242
22 52
22 189
23 76
24 76
25 168
25 202
25 209
25 242
25 52
26 162
26 141
26 181
26 157
27 266
27 240
27 241
27 253
27 254
28 74
29 209
29 242
29 52
29 189
30 133
30 116
30 122
31 253
32 138
32 181
33 168
33 202
33 173
33 209
33 242
33 52
33 189
34 141
34 181
35 96
35 69
35 83
35 85
36 162
36 141
36 181
36 157
37 133
37 135
37 116
37 122
38 162
38 141
38 181
38 157
40 141
40 181
40 157
41 96
42 200
42 79
42 211
42 89
42 93
42 223
43 101
43 300
44 96
44 69
44 74
44 83
44 85
45 200
45 79
45 211
45 89
45 93
45 223
46 226
46 101
46 300
46 281
47 132
47 109
47 145
47 146
47 147
47 190
48 234
48 240
48 253
49 194
49 258
49 229
49 201
49 188
49 191
50 132
50 145
50 146
50 147
50 190
51 200
51 79
51 211
51 89
51 93
51 223
52 202
52 173
52 209
52 242
52 189
53 298
53 303
53 304
53 307
53 309
53 315
54 194
54 258
54 229
54 201
54 188
54 191
55 304
55 315
56 236
56 205
56 206
56 243
56 244
56 246
57 200
57 79
57 211
57 89
57 93
57 223
58 101
58 300
59 236
59 205
59 206
59 243
59 244
59 246
60 194
60 258
60 229
60 201
60 188
60 191
61 132
61 109
61 145
61 146
61 147
61 190
62 200
62 79
62 211
62 89
62 93
62 223
63 200
63 79
63 211
63 89
63 93
63 223
64 96
64 69
64 104
64 74
64 83
64 85
65 132
65 109
65 145
65 146
65 147
65 190
66 132
66 109
66 145
66 146
66 147
66 190
70 101
70 300
70 281
71 298
71 303
71 304
71 307
71 309
71 315
72 132
72 109
72 145
72 146
72 147
72 190
73 298
73 303
73 304
73 307
73 309
73 315
75 298
75 303
75 304
75 307
75 309
75 315
78 236
78 205
78 206
78 243
78 244
78 246
80 236
80 206
80 244
80 246
81 236
81 206
81 244
81 246
84 266
84 241
84 254
86 291
86 270
86 277
86 310
86 280
88 128
88 106
88 172
88 237
88 119
88 120
90 291
90 270
91 236
91 205
91 206
91 243
91 244
91 246
92 291
92 270
92 280
94 192
94 224
94 203
94 178
94 180
94 187
95 298
95 303
95 304
95 307
95 309
95 315
97 291
97 268
97 270
97 310
97 280
98 203
98 178
98 180
98 187
99 192
99 224
99 203
99 178
99 180
99 187
100 192
100 224
100 203
100 178
100 180
100 187
101 320
101 226
101 228
101 233
101 300
101 281
102 291
102 268
102 270
102 310
102 280
103 192
103 178
103 180
103 187
105 128
105 106
105 172
105 237
105 119
105 120
106 160
106 113
106 177
106 117
107 192
107 224
107 178
107 180
107 187
108 291
108 268
108 270
108 310
108 280
111 296
112 150
112 151
113 128
113 172
113 237
113 119
113 120
114 262
114 296
114 238
114 245
114 249
115 194
115 258
115 229
115 201
115 188
115 191
117 128
117 172
117 237
117 119
117 120
119 160
119 177
120 160
120 177
121 151
123 296
124 292
124 295
124 299
124 286
125 163
125 150
126 296
127 292
127 295
127 297
127 318
127 286
128 160
128 177
129 151
131 292
131 297
131 299
131 286
136 296
137 292
137 295
137 297
137 318
137 286
139 293
139 273
139 275
139 311
139 285
139 287
140 293
140 273
140 275
140 311
140 285
140 287
142 151
143 267
143 269
143 282
143 317
144 293
144 273
144 275
144 311
144 285
144 287
148 267
148 269
148 282
148 317
149 296
152 293
152 273
152 275
152 311
152 285
152 287
154 293
154 273
154 275
154 311
154 285
154 287
155 275
155 311
155 287
159 225
159 227
159 264
159 265
159 235
159 272
160 172
160 237
161 166
161 171
161 239
161 176
161 212
161 183
165 292
165 297
165 318
165 286
166 290
166 257
166 210
166 179
166 216
167 289
167 278
167 279
167 312
169 289
169 263
169 278
169 279
169 312
169 283
170 225
170 227
170 265
170 235
170 272
171 290
171 257
171 210
171 179
171 216
172 177
174 295
174 297
174 318
175 267
175 269
175 282
175 317
176 290
176 257
176 210
176 179
176 216
177 237
179 239
179 212
179 183
182 289
182 263
182 278
182 312
183 290
183 257
183 210
183 216
184 259
184 305
184 274
184 251
184 255
185 256
185 301
185 271
185 306
185 252
186 267
186 269
186 282
186 317
188 294
191 294
193 225
193 227
193 264
193 265
193 235
193 272
194 294
195 259
195 260
195 305
195 274
195 251
195 255
196 256
196 301
196 271
196 306
196 252
197 256
197 301
197 271
197 306
197 248
197 252
198 256
198 301
198 271
198 306
198 248
198 252
199 259
199 260
199 305
199 274
199 251
199 255
201 294
204 259
204 260
204 305
204 274
204 251
204 255
207 267
207 269
207 282
207 317
208 256
208 301
208 271
208 306
208 248
208 252
210 239
210 212
212 290
212 257
212 216
213 256
213 301
213 271
213 306
213 252
214 289
214 263
214 278
214 279
214 312
215 289
215 263
215 278
215 279
215 312
216 239
218 259
218 260
218 274
218 251
218 255
219 259
219 260
219 305
219 274
219 251
219 255
222 289
222 263
222 278
222 279
222 312
222 283
225 261
225 230
227 261
227 230
229 294
230 264
230 265
230 235
230 272
235 261
239 290
239 257
258 294
261 264
261 265
261 272
267 276
269 276
276 282
276 317
