heur029_n_330_m_4329
1 256
1 147
1 148
1 294
1 273
1 276
1 327
1 324
2 93
2 94
2 224
2 226
2 167
2 168
2 86
3 93
3 94
3 224
3 226
3 167
3 168
3 86
4 290
4 291
4 248
4 207
4 163
4 165
4 232
4 201
4 15
4 242
4 189
5 290
5 291
5 248
5 207
5 163
5 165
5 232
5 201
5 15
5 242
5 189
6 256
6 147
6 148
6 294
6 273
6 276
6 327
6 324
7 293
7 195
7 292
7 197
7 51
7 54
7 267
7 269
7 302
7 205
7 178
7 310
7 216
7 126
7 62
8 293
8 195
8 292
8 197
8 51
8 54
8 267
8 269
8 302
8 205
8 178
8 310
8 216
8 126
8 62
9 96
9 55
9 320
9 289
9 322
9 220
9 222
10 177
10 135
10 204
10 206
10 241
10 238
10 56
10 97
10 296
10 255
11 177
11 135
11 204
11 206
11 241
11 238
11 56
11 97
11 296
11 255
12 146
12 143
12 106
12 110
12 153
12 191
12 35
12 166
12 73
12 74
12 155
12 125
13 330
13 316
13 305
13 315
13 262
13 263
14 330
14 316
14 305
14 315
14 262
14 263
15 201
15 242
15 232
15 189
15 290
15 291
15 163
15 165
15 207
15 248
16 146
16 143
16 106
16 110
16 153
16 191
16 35
16 166
16 73
16 74
16 155
16 125
17 57
17 318
17 319
17 228
17 237
17 270
17 239
17 278
17 280
17 314
17 317
18 96
18 55
18 320
18 289
18 322
18 220
18 222
19 91
19 132
19 160
19 119
19 328
19 329
19 234
19 275
19 120
19 312
19 83
19 308
20 91
20 132
20 160
20 119
20 328
20 329
20 234
20 275
20 120
20 312
20 83
20 308
21 57
21 318
21 319
21 228
21 237
21 270
21 239
21 278
21 280
21 314
21 317
22 256
22 294
22 147
22 148
22 273
22 276
22 327
22 324
23 57
23 318
23 319
23 228
23 237
23 270
23 239
23 278
23 280
23 314
23 317
24 293
24 195
24 292
24 197
24 51
24 54
24 267
24 269
24 302
24 205
24 178
24 310
24 216
24 126
25 235
25 236
25 240
25 285
25 164
25 301
25 208
25 209
25 306
25 122
26 96
26 55
26 320
26 289
26 322
26 220
26 222
27 256
27 294
27 147
27 148
27 273
27 276
27 327
27 324
28 298
28 300
28 79
28 85
28 213
28 182
28 121
28 254
29 188
29 149
29 194
29 196
29 108
29 138
29 175
29 179
29 180
29 214
30 235
30 236
30 240
30 285
30 164
30 107
30 301
30 208
30 209
30 306
30 122
31 136
31 141
31 174
31 272
31 274
31 181
31 253
31 288
31 287
32 293
32 195
32 292
32 197
32 51
32 54
32 267
32 269
32 302
32 205
32 178
32 310
32 216
32 126
32 62
33 298
33 300
33 85
33 213
33 182
33 121
33 254
34 96
34 55
34 320
34 289
34 322
34 220
34 222
35 155
35 125
35 166
35 106
35 110
35 143
35 146
35 153
35 191
36 168
36 167
36 224
36 226
36 86
36 93
36 94
37 188
37 149
37 194
37 196
37 108
37 111
37 138
37 175
37 179
37 180
37 214
38 168
38 167
38 224
38 226
38 86
38 93
38 94
39 136
39 141
39 174
39 272
39 274
39 181
39 253
39 288
39 287
40 264
40 304
40 114
40 115
40 117
40 251
40 252
40 159
40 113
40 123
40 124
40 151
41 258
41 259
41 192
41 325
41 326
41 230
41 47
41 48
41 169
41 211
42 309
42 271
42 246
42 286
42 268
42 229
42 144
42 227
42 277
42 279
43 309
43 271
43 246
43 286
43 268
43 229
43 144
43 227
43 277
43 279
44 283
44 284
44 58
44 59
44 100
44 186
44 171
44 172
44 210
44 250
44 187
44 60
45 258
45 259
45 192
45 325
45 326
45 230
45 169
45 211
46 283
46 284
46 58
46 59
46 77
46 78
46 100
46 186
46 171
46 172
46 210
46 250
46 187
46 60
47 325
47 326
47 192
47 230
47 258
47 259
47 169
47 211
48 325
48 326
48 192
48 230
48 258
48 259
48 169
48 211
49 200
49 162
49 198
49 158
49 68
49 72
49 76
49 81
49 52
49 53
50 200
50 162
50 198
50 158
50 68
50 72
50 76
50 81
50 52
50 53
51 195
51 292
51 293
51 197
51 267
51 269
51 302
51 205
51 178
51 310
51 216
51 126
51 62
52 72
52 68
52 81
52 76
52 162
52 198
52 200
52 158
53 72
53 68
53 81
53 76
53 162
53 198
53 200
53 158
54 195
54 292
54 293
54 197
54 267
54 269
54 302
54 205
54 178
54 310
54 216
54 126
54 62
55 320
55 289
55 322
55 220
55 222
56 296
56 255
56 135
56 204
56 206
56 238
56 177
56 241
57 64
57 318
57 319
57 228
57 237
57 270
57 239
57 278
57 280
57 314
57 317
58 77
58 78
58 283
58 284
58 186
58 171
58 172
58 210
58 250
58 187
58 60
59 77
59 78
59 283
59 284
59 186
59 171
59 172
59 210
59 250
59 187
60 250
60 171
60 172
60 210
60 186
60 187
60 77
60 78
60 283
60 284
61 184
61 145
61 307
61 265
61 260
61 261
61 142
61 157
61 199
62 216
62 178
62 267
62 269
62 310
62 302
62 205
62 126
62 195
62 292
62 293
62 197
63 99
63 140
63 89
63 176
63 87
63 183
63 88
63 185
63 218
64 318
64 319
64 228
64 237
64 270
64 239
64 278
64 280
64 314
64 317
65 99
65 140
65 89
65 176
65 87
65 183
65 88
65 185
65 218
66 225
66 295
66 297
66 266
66 173
66 212
66 118
66 156
66 129
66 170
67 184
67 145
67 307
67 265
67 260
67 261
67 142
67 157
67 102
67 199
68 81
68 162
68 198
68 200
68 158
69 225
69 295
69 297
69 266
69 173
69 212
69 118
69 156
69 129
69 170
70 264
70 304
70 117
70 251
70 252
70 159
70 123
70 124
70 151
71 208
71 209
71 122
71 301
71 164
71 306
71 235
71 236
71 240
71 285
72 81
72 162
72 198
72 200
72 158
73 125
73 166
73 106
73 143
73 146
73 153
73 191
74 155
74 166
74 106
74 143
74 146
74 153
74 191
75 321
75 323
75 217
75 202
75 219
75 244
75 137
75 282
75 139
75 281
76 162
76 198
76 200
76 158
77 283
77 284
77 100
77 186
77 171
77 172
77 210
77 250
77 187
78 283
78 284
78 100
78 186
78 171
78 172
78 210
78 250
78 187
79 298
79 300
79 85
79 213
79 182
79 254
80 321
80 323
80 217
80 202
80 219
80 244
80 137
80 282
80 139
80 281
81 162
81 198
81 200
81 158
82 224
82 226
82 167
82 168
82 93
82 94
83 312
83 308
83 160
83 132
83 328
83 329
83 234
83 275
83 119
83 91
84 121
84 298
84 300
84 85
84 213
84 182
84 254
85 298
85 300
85 213
85 182
85 254
86 224
86 226
86 167
86 168
86 93
86 94
87 176
87 185
87 218
87 183
87 105
87 103
87 99
87 140
88 105
88 103
88 176
88 183
88 185
88 218
88 99
88 140
89 105
89 103
89 176
89 183
89 185
89 218
89 99
89 140
90 152
90 154
90 193
90 233
90 190
90 231
90 221
90 134
90 223
91 160
91 119
91 328
91 329
91 234
91 275
91 120
91 312
91 308
92 152
92 154
92 193
92 233
92 190
92 231
92 221
92 223
93 224
93 226
93 167
93 168
94 224
94 226
94 167
94 168
95 112
95 116
95 104
95 128
95 101
95 127
95 249
95 130
95 131
95 247
96 320
96 289
96 322
96 220
96 222
97 296
97 255
97 135
97 204
97 206
97 238
97 177
97 241
98 112
98 116
98 104
98 128
98 101
98 127
98 249
98 130
98 131
98 247
99 103
99 105
99 176
99 183
99 185
99 218
100 250
100 171
100 172
100 210
100 186
100 187
100 283
100 284
101 128
101 127
101 112
101 116
101 249
101 130
101 131
101 247
102 157
102 199
102 260
102 261
102 265
102 307
103 176
103 183
103 218
103 140
104 128
104 127
104 112
104 116
104 249
104 130
104 131
104 247
105 176
105 183
105 218
105 140
106 143
106 153
106 191
106 166
106 155
106 125
107 208
107 209
107 122
107 301
107 164
107 306
107 235
107 236
107 240
107 285
108 194
108 196
108 138
108 175
108 179
108 180
108 214
109 257
109 215
109 299
109 303
109 161
109 203
109 313
109 243
109 245
109 311
110 146
110 143
110 166
110 155
110 125
111 194
111 196
111 188
111 138
111 175
111 179
111 180
111 214
112 128
112 127
112 249
112 130
112 131
112 247
113 123
113 124
113 264
113 304
113 251
113 252
113 159
114 251
114 252
114 264
114 304
114 123
114 124
114 151
115 251
115 252
115 264
115 304
115 123
115 124
115 151
116 128
116 127
116 249
116 130
116 131
116 247
117 251
117 252
117 264
117 304
117 123
117 124
117 151
118 225
118 266
118 212
118 173
118 297
118 295
118 129
118 170
119 132
119 328
119 329
119 234
119 275
119 312
119 308
120 312
120 308
120 132
120 328
120 329
120 234
120 275
121 298
121 300
121 213
121 182
121 254
122 306
122 301
122 208
122 209
122 235
122 236
122 240
122 285
123 151
123 264
123 304
123 251
123 252
123 159
124 151
124 264
124 304
124 251
124 252
124 159
125 155
125 143
125 146
125 153
125 191
126 310
126 302
126 267
126 269
126 178
126 216
126 195
126 292
126 293
126 197
127 249
127 130
127 131
127 247
128 249
128 130
128 131
128 247
129 225
129 295
129 297
129 266
129 173
129 212
129 156
130 249
130 247
131 249
131 247
132 160
132 328
132 329
132 234
132 275
132 312
132 308
133 221
133 223
133 193
133 154
133 231
133 233
133 152
133 190
134 221
134 223
134 193
134 154
134 231
134 233
134 152
134 190
135 204
135 206
135 241
135 238
135 296
135 255
136 141
136 181
136 272
136 274
136 253
136 288
136 287
137 281
137 282
137 321
137 323
137 202
137 244
137 217
137 219
138 214
138 175
138 194
138 196
138 149
138 188
139 281
139 282
139 321
139 323
139 202
139 244
139 217
139 219
140 176
140 183
140 185
140 218
141 174
141 272
141 274
141 253
141 288
141 287
142 157
142 199
142 260
142 261
142 265
142 307
143 153
143 191
143 166
143 155
144 277
144 279
144 229
144 268
144 271
144 309
144 246
144 286
145 265
145 307
145 260
145 261
145 157
145 199
146 153
146 191
146 166
146 155
147 256
147 294
147 273
147 276
147 327
147 324
148 256
148 294
148 273
148 276
148 327
148 324
149 194
149 196
149 175
149 179
149 180
149 214
150 257
150 215
150 299
150 303
150 161
150 203
150 313
150 243
150 245
150 311
151 264
151 304
151 251
151 252
151 159
152 221
152 223
153 166
154 233
154 190
154 231
154 221
154 223
155 166
155 191
156 225
156 266
156 212
156 173
156 297
156 295
156 170
157 260
157 261
157 265
157 307
157 184
159 251
159 252
159 264
159 304
160 328
160 329
160 234
160 275
160 312
160 308
161 257
161 299
161 303
161 215
161 313
161 245
161 311
162 198
163 290
163 291
163 207
163 248
163 232
163 242
163 189
164 306
164 301
164 208
164 209
164 235
164 236
164 240
164 285
165 290
165 291
165 207
165 248
165 232
165 201
165 242
165 189
166 191
167 224
167 226
168 224
168 226
169 192
169 258
169 259
169 325
169 326
169 230
170 225
170 295
170 297
170 266
170 173
170 212
171 250
171 210
171 186
171 187
171 283
171 284
172 250
172 210
172 186
172 187
172 283
172 284
173 225
173 266
173 297
173 295
174 181
174 272
174 274
174 253
174 288
174 287
175 180
175 194
175 196
175 188
176 185
176 183
177 204
177 206
177 241
177 238
177 296
177 255
178 267
178 269
178 310
178 302
178 205
178 195
178 292
178 293
178 197
179 214
179 194
179 196
179 188
180 214
180 194
180 196
180 188
181 272
181 274
181 253
181 288
181 287
182 213
182 254
182 298
182 300
183 218
184 307
184 260
184 261
184 199
185 218
186 210
186 250
186 283
186 284
187 210
187 250
187 283
187 284
188 194
188 196
188 214
189 201
189 242
189 290
189 291
189 207
189 248
190 221
190 223
192 325
192 326
192 258
192 259
192 211
193 221
193 223
194 214
195 292
195 293
195 267
195 269
195 302
195 205
195 310
195 216
196 214
197 292
197 293
197 267
197 269
197 302
197 205
197 310
197 216
199 260
199 261
199 265
199 307
201 232
201 290
201 291
201 207
201 248
202 217
202 219
202 321
202 323
202 281
203 257
203 299
203 303
203 215
203 313
203 311
204 241
204 238
204 296
204 255
205 310
205 302
205 267
205 269
205 216
205 292
205 293
206 241
206 238
206 296
206 255
207 290
207 291
207 232
207 242
208 301
208 306
208 235
208 236
208 240
208 285
209 301
209 306
209 235
209 236
209 240
209 285
210 283
210 284
211 258
211 259
211 325
211 326
211 230
212 225
212 266
212 297
212 295
213 298
213 300
215 299
215 303
215 313
215 243
215 245
215 311
216 267
216 269
216 310
216 302
216 292
216 293
217 244
217 321
217 323
217 282
217 281
219 244
219 321
219 323
219 282
219 281
220 320
220 322
220 289
221 231
221 233
222 320
222 322
222 289
223 231
223 233
225 297
225 295
227 277
227 279
227 271
227 309
227 246
227 286
228 314
228 317
228 237
228 239
228 280
228 278
228 318
228 319
229 246
229 286
229 277
229 279
230 325
230 326
230 258
230 259
232 242
232 290
232 291
232 248
234 328
234 329
234 312
234 308
235 240
235 285
235 301
235 306
236 240
236 285
236 301
236 306
237 314
237 317
237 270
237 318
238 296
238 255
239 314
239 317
239 270
239 318
239 319
240 301
240 306
241 296
241 255
242 290
242 291
242 248
243 313
243 311
243 257
243 299
243 303
244 321
244 323
244 281
245 313
245 311
245 257
245 299
245 303
246 309
246 271
246 268
246 277
246 279
248 290
248 291
250 283
250 284
251 264
251 304
252 264
252 304
253 272
253 274
253 288
253 287
254 298
254 300
256 273
256 276
256 327
256 324
257 313
257 311
258 325
258 326
259 325
259 326
260 265
260 307
261 265
261 307
262 330
262 315
262 316
263 330
263 315
263 316
266 297
266 295
267 310
267 302
267 292
267 293
268 286
268 277
268 279
269 302
269 292
269 293
270 317
270 280
270 278
270 318
270 319
271 286
271 277
271 279
272 288
272 287
273 324
273 327
273 294
274 288
274 287
275 328
275 329
275 308
276 324
276 327
276 294
277 309
277 286
278 314
279 309
279 286
280 314
280 317
280 318
285 301
285 306
286 309
289 320
289 322
292 302
292 310
293 302
293 310
294 327
294 324
305 316
308 328
308 329
312 328
312 329
314 319
