heur035_n_345_m_17798
1 28
1 209
1 198
1 230
1 64
1 133
1 95
2 264
2 251
2 260
2 307
2 252
2 253
2 158
2 233
2 138
2 236
2 144
2 254
3 292
3 270
3 279
4 24
4 33
4 74
4 43
4 53
4 71
4 225
4 196
4 231
4 211
4 221
5 24
5 33
5 74
5 43
5 53
5 71
5 225
5 196
5 231
5 211
5 221
6 292
6 270
6 279
7 256
7 70
7 77
7 316
7 60
8 222
8 208
8 193
8 223
8 344
8 291
8 310
9 185
9 187
9 188
9 289
9 293
9 271
9 55
10 43
10 53
10 71
10 196
10 211
10 221
11 222
11 208
11 193
11 223
11 344
11 291
11 310
12 264
12 251
12 260
12 307
12 252
12 253
12 158
12 233
12 138
12 236
12 144
12 254
13 208
13 193
13 223
13 344
13 291
13 310
14 108
14 92
14 79
14 338
14 326
14 311
15 28
15 209
15 198
15 230
15 64
15 133
15 95
16 108
16 92
16 79
16 249
16 338
16 311
17 256
17 70
17 77
17 316
17 60
18 108
18 92
18 79
18 338
19 175
20 256
20 70
20 77
20 60
21 28
21 209
21 198
21 230
21 64
21 133
21 95
22 185
22 187
22 188
22 289
22 293
22 271
22 55
23 100
23 87
23 167
23 269
24 43
24 53
24 71
24 196
24 206
24 211
24 221
25 176
25 181
25 135
26 297
26 276
26 301
26 153
26 201
26 189
27 129
27 130
27 162
27 107
27 174
27 150
27 119
27 151
27 124
27 265
27 299
27 268
28 209
28 230
28 64
28 133
28 95
30 175
30 184
31 68
31 190
32 209
32 198
32 230
32 64
32 133
32 95
33 43
33 53
33 71
33 196
33 211
33 221
34 68
34 190
35 264
35 251
35 260
35 307
35 252
35 253
35 158
35 233
35 138
35 236
35 144
35 254
36 315
36 283
36 302
36 120
36 173
36 232
36 300
36 332
36 304
36 286
37 175
37 184
38 328
38 297
38 276
38 301
38 153
38 201
38 189
40 226
40 218
40 235
41 185
41 187
41 188
41 289
41 293
41 271
41 55
42 226
42 218
42 235
43 74
43 225
43 196
43 231
43 206
43 211
43 221
44 297
44 276
44 301
44 153
44 201
44 189
45 175
45 184
46 315
46 283
46 302
46 120
46 173
46 300
46 332
46 304
46 215
47 128
47 267
47 111
47 117
47 192
47 165
47 186
48 176
48 181
48 135
49 315
49 283
49 302
49 120
49 173
49 300
49 332
49 304
49 286
50 210
50 220
50 199
51 128
51 111
51 117
51 192
51 165
51 204
51 143
51 148
51 149
51 186
52 210
52 220
52 199
53 74
53 225
53 196
53 231
53 206
53 211
53 221
54 322
54 308
54 314
54 136
54 105
54 106
54 139
54 109
54 127
55 289
55 293
55 294
55 271
55 275
55 243
55 185
55 187
55 188
56 175
56 184
57 226
57 218
57 235
58 322
58 308
58 314
58 136
58 105
58 106
58 139
58 109
58 127
59 175
59 184
60 256
60 316
60 255
60 337
60 340
60 342
61 262
61 66
61 68
61 78
61 190
61 191
62 128
62 228
62 267
62 111
62 117
62 192
62 165
62 202
62 186
63 96
63 82
63 163
63 169
63 234
64 65
64 198
64 230
64 209
65 209
65 133
65 95
66 257
66 262
66 241
67 176
67 181
67 135
68 257
68 262
68 241
69 96
69 82
69 163
69 169
69 234
70 256
70 316
70 255
70 337
70 340
70 342
71 74
71 225
71 196
71 231
71 206
71 211
71 221
72 259
72 261
72 240
72 245
72 247
72 281
73 259
73 261
73 240
73 245
73 247
73 281
74 196
74 211
74 221
75 259
75 261
75 240
75 245
75 247
75 281
76 333
76 327
76 319
76 339
76 331
76 121
77 256
77 316
77 255
77 337
77 340
77 342
78 257
78 262
78 241
79 249
79 242
79 246
79 338
79 326
79 311
80 302
80 315
80 283
80 232
80 300
80 332
80 304
80 273
80 215
80 282
80 286
81 184
81 175
82 91
82 160
82 163
82 169
82 234
82 207
82 157
83 327
83 331
83 333
83 319
84 184
84 175
85 333
85 327
85 319
85 339
85 331
85 334
85 121
86 333
86 327
86 319
86 331
86 121
90 288
90 263
90 330
90 284
90 317
90 318
90 224
90 194
90 195
90 200
90 205
90 272
90 277
90 280
91 96
91 163
91 169
91 234
92 249
92 242
92 246
92 338
92 326
92 311
93 226
93 218
93 235
94 145
94 237
94 258
94 229
95 198
95 230
95 209
96 160
96 163
96 169
96 234
96 207
96 157
97 327
97 331
97 333
97 319
98 237
98 258
98 229
99 226
99 218
99 235
101 226
101 218
101 235
102 322
102 308
102 314
102 136
102 105
102 106
102 139
102 109
102 127
103 312
103 131
103 164
103 134
103 172
103 132
103 166
104 226
104 218
104 235
105 314
105 308
106 314
106 308
107 129
107 130
107 124
107 162
107 174
107 151
107 265
108 249
108 242
108 246
108 338
108 326
108 311
109 314
109 308
110 312
110 131
110 164
110 134
110 172
110 132
110 166
111 267
111 228
111 239
111 192
111 165
111 202
111 204
111 143
111 148
111 149
111 212
111 186
112 288
112 263
112 330
112 284
112 317
112 318
112 224
112 194
112 195
112 200
112 205
112 272
112 277
112 280
113 210
113 220
113 199
114 135
114 176
114 181
115 226
115 218
115 235
116 145
116 237
116 258
116 229
117 267
117 228
117 239
117 192
117 165
117 202
117 204
117 143
117 148
117 149
117 212
117 186
118 135
118 176
118 181
119 129
119 130
119 124
119 162
119 174
119 151
119 265
120 302
120 315
120 283
120 232
120 300
120 332
120 304
120 273
120 214
120 215
120 282
120 286
121 327
121 333
121 334
121 319
122 135
122 176
122 181
123 320
123 324
123 296
123 303
123 336
123 306
123 213
123 278
123 250
124 150
124 265
124 299
124 268
125 250
125 213
125 278
125 320
125 324
125 296
125 303
125 336
125 306
126 226
126 218
126 235
127 314
127 308
128 267
128 228
128 239
128 192
128 165
128 202
128 204
128 143
128 148
128 149
128 212
128 186
129 150
129 265
129 299
129 268
130 150
130 265
130 299
130 268
131 141
131 335
131 312
131 285
131 172
131 132
131 166
132 164
132 134
132 141
132 335
132 312
132 285
133 198
133 230
133 209
134 141
134 335
134 312
134 285
134 172
134 166
136 314
137 237
137 258
137 229
138 248
138 170
138 219
138 264
138 307
138 252
138 253
139 314
139 308
140 320
140 324
140 296
140 303
140 336
140 306
140 213
140 278
140 250
141 312
141 285
141 335
141 164
141 172
141 166
142 237
142 258
142 229
143 192
143 186
143 165
143 202
143 228
143 267
143 239
144 248
144 170
144 219
144 264
144 307
144 252
145 237
145 258
145 229
145 152
145 156
145 168
146 250
146 213
146 278
146 320
146 324
146 296
146 303
146 336
146 306
147 320
147 324
147 296
147 303
147 336
147 306
147 213
147 278
147 250
148 192
148 186
148 165
148 202
148 228
148 267
148 239
149 192
149 186
149 165
149 202
149 228
149 267
149 239
150 162
150 174
150 151
150 265
151 265
151 299
151 268
152 258
152 229
152 237
153 321
153 328
153 329
153 301
155 288
155 263
155 330
155 284
155 317
155 318
155 224
155 194
155 195
155 200
155 205
155 272
155 277
155 280
156 258
156 229
156 237
157 169
157 234
157 163
158 233
158 236
158 254
158 248
158 170
158 219
158 260
158 251
159 250
159 213
159 278
159 320
159 324
159 296
159 303
159 336
159 306
160 169
160 234
160 163
162 265
162 299
162 268
163 207
164 335
164 312
164 285
164 172
164 166
165 202
165 204
165 212
165 228
165 267
165 239
166 335
166 312
166 285
168 258
168 229
168 237
169 207
170 233
170 236
170 254
170 260
170 264
170 307
170 251
170 252
170 253
171 292
171 270
171 279
172 335
172 312
172 285
173 302
173 315
173 283
173 232
173 300
173 332
173 304
173 273
173 214
173 215
173 282
173 286
174 265
174 299
174 268
182 292
182 270
182 279
183 292
183 270
183 279
185 294
185 275
185 243
186 202
186 204
186 212
186 228
186 267
186 239
187 294
187 275
187 243
188 294
188 275
188 243
189 321
189 328
189 329
189 301
190 257
190 262
190 241
191 257
191 262
191 241
192 202
192 204
192 212
192 228
192 267
192 239
193 227
193 244
193 222
194 272
194 280
194 277
194 200
194 195
194 203
194 330
194 317
194 318
195 224
195 205
195 272
195 277
195 280
195 288
195 263
195 284
195 318
196 225
196 206
196 231
199 238
199 216
199 217
199 313
199 325
199 309
200 224
200 205
200 272
200 277
200 280
200 288
200 263
200 284
201 321
201 328
201 329
201 297
201 301
202 267
203 224
203 205
203 272
203 277
203 280
203 288
203 263
203 284
204 228
204 267
204 239
205 272
205 280
205 277
205 330
205 317
205 318
206 211
206 221
207 234
208 227
208 244
208 222
210 238
210 216
210 217
210 313
210 325
210 309
211 225
211 231
212 267
213 320
213 324
213 306
214 304
214 300
214 332
214 273
214 282
214 286
214 302
214 315
214 283
215 304
215 300
215 332
215 273
215 282
215 286
215 302
215 315
215 283
216 220
217 220
219 233
219 236
219 254
219 260
219 264
219 307
219 251
219 252
219 253
220 238
220 313
220 325
220 309
221 225
221 231
222 223
222 344
222 291
222 310
223 227
223 244
224 272
224 280
224 277
224 330
224 317
224 318
227 344
227 291
227 310
232 304
232 300
232 332
232 302
232 315
232 283
233 248
233 264
233 252
236 248
236 260
236 307
236 252
236 253
240 341
240 343
240 345
242 338
242 326
243 289
243 293
243 271
244 344
244 291
244 310
245 341
245 343
245 345
246 338
247 341
247 343
247 345
248 254
248 260
248 264
248 307
248 251
248 252
248 253
249 338
250 320
250 324
250 306
251 252
251 253
252 260
252 264
252 254
253 260
253 254
254 264
254 307
256 340
256 342
259 341
259 343
259 345
260 307
261 341
261 343
261 345
263 330
263 317
263 318
263 272
263 277
263 280
270 295
270 298
270 287
271 275
271 294
272 288
272 330
272 284
272 317
272 318
273 300
273 332
273 304
273 302
273 315
273 283
275 289
275 293
276 321
276 328
276 329
277 288
277 330
277 284
277 317
277 318
278 320
278 324
278 306
279 295
279 298
279 287
280 288
280 330
280 284
280 317
280 318
281 341
281 343
281 345
282 300
282 332
282 304
282 302
282 315
282 283
283 300
283 332
283 304
283 286
284 330
284 317
284 318
286 300
286 332
286 304
286 302
286 315
287 292
288 330
288 317
288 318
289 294
292 295
292 298
293 294
296 320
296 306
296 324
297 321
297 328
297 329
300 302
300 315
301 321
301 328
301 329
302 332
302 304
303 320
303 306
303 324
304 315
306 336
315 332
316 342
319 339
319 331
319 334
320 336
324 336
327 339
327 331
327 334
331 333
333 339
333 334
