heur034_n_345_m_6830
1 86
1 11
1 85
1 194
1 278
1 111
2 313
2 110
2 314
2 261
2 116
2 7
2 330
2 206
2 242
2 277
2 281
2 28
3 306
3 263
3 126
3 151
3 172
3 307
3 120
3 55
4 247
4 268
4 249
4 82
4 220
4 37
4 331
4 20
5 44
5 158
5 324
5 30
5 47
5 131
5 283
5 300
5 230
6 331
6 20
6 37
6 268
6 82
6 247
6 249
6 220
7 206
7 242
7 281
7 277
7 28
7 288
7 261
7 116
7 313
7 314
8 17
8 211
8 156
8 65
8 98
8 165
8 280
8 326
9 89
9 296
9 217
9 63
9 73
9 160
9 132
9 113
9 153
9 250
10 84
10 293
10 257
10 226
10 90
10 328
10 77
10 26
10 94
11 85
11 316
11 86
11 265
11 194
11 285
11 278
11 232
11 111
12 175
12 208
12 227
12 241
12 202
12 319
12 31
12 192
12 66
12 74
12 50
12 179
12 115
12 181
12 216
12 345
13 254
13 135
13 327
13 240
13 183
13 152
13 155
13 29
14 228
14 41
14 106
14 79
14 178
14 335
14 180
14 118
15 289
15 258
15 99
15 23
15 96
15 321
15 143
15 146
15 221
15 253
16 228
16 41
16 79
16 178
16 180
16 118
16 106
16 335
17 211
17 156
17 65
17 98
17 165
17 280
17 326
18 204
18 33
18 97
18 291
18 264
18 270
18 272
18 245
18 92
18 191
19 331
19 20
19 37
19 268
19 82
19 247
19 249
19 187
19 220
20 331
20 342
20 37
20 82
20 247
20 249
20 187
20 220
21 40
21 162
21 243
21 130
21 338
21 117
21 320
21 234
21 260
21 154
21 237
22 147
22 238
22 287
22 177
22 36
22 295
22 298
22 107
23 289
23 258
23 99
23 96
23 321
23 143
23 146
23 221
23 253
24 168
24 167
24 128
24 103
24 42
24 302
24 309
24 119
24 185
24 58
24 57
25 121
25 133
25 109
25 231
25 329
25 235
25 308
25 325
25 137
26 94
26 257
26 226
26 328
26 77
26 90
26 112
26 84
26 293
27 88
27 246
27 127
27 203
27 149
27 157
27 301
27 310
27 215
27 292
27 38
27 271
27 255
28 330
28 206
28 242
28 277
28 281
28 288
28 261
28 110
28 116
28 313
28 314
29 138
29 155
29 135
29 240
29 341
29 72
29 327
29 81
30 324
30 218
30 44
30 158
30 131
30 283
30 323
30 300
31 202
31 319
31 303
31 208
31 175
31 192
31 66
31 74
31 50
31 115
31 213
31 181
31 216
31 345
32 337
32 311
32 67
32 248
32 186
32 343
32 315
32 174
33 264
33 272
33 291
33 245
33 97
33 92
33 270
33 204
33 276
33 150
34 284
34 189
34 69
34 87
34 188
34 95
34 224
34 101
34 46
34 239
34 145
34 159
35 210
35 266
35 148
35 290
35 142
35 233
35 114
35 229
36 298
36 294
36 107
36 295
36 238
36 177
36 147
36 93
37 82
37 220
37 268
37 247
37 249
37 331
37 342
38 292
38 271
38 80
38 312
38 255
38 203
38 301
38 149
38 246
38 310
38 88
38 215
38 157
38 127
39 124
39 297
39 223
39 201
39 170
39 334
39 176
39 54
39 219
39 61
40 162
40 130
40 338
40 117
40 320
40 234
40 260
40 225
40 154
40 237
41 79
41 144
41 178
41 180
41 118
41 228
41 106
41 335
42 185
42 128
42 103
42 302
42 309
42 119
42 58
42 168
42 167
43 166
43 299
43 339
43 193
43 317
43 259
43 282
43 83
43 182
43 199
44 218
44 158
44 324
44 47
44 131
44 283
44 323
44 300
44 230
45 184
45 274
45 262
45 163
45 68
45 53
45 78
45 164
45 102
45 51
45 60
45 222
45 286
46 224
46 101
46 69
46 75
46 209
46 188
46 87
46 284
46 189
46 95
47 324
47 218
47 158
47 131
47 283
47 323
47 300
48 322
48 134
48 139
48 171
48 173
48 207
48 105
48 91
48 279
49 211
49 156
49 65
49 165
49 280
49 326
50 179
50 192
50 216
50 66
50 345
50 74
50 115
50 213
50 181
50 227
50 202
50 303
50 208
50 175
50 241
50 319
51 164
51 60
51 102
51 198
51 195
51 163
51 262
51 274
51 53
52 190
52 136
52 122
52 344
52 100
52 244
52 196
52 252
52 256
52 71
53 163
53 68
53 78
53 184
53 274
53 262
53 195
53 102
53 198
53 60
53 222
53 286
54 269
54 62
54 176
54 236
54 201
54 170
54 334
54 219
54 61
54 297
54 223
54 124
55 318
55 120
55 197
55 263
55 306
55 307
55 212
55 151
55 126
56 333
56 104
56 140
56 161
56 200
56 123
56 251
56 304
56 273
56 340
57 185
57 128
57 103
57 302
57 309
57 119
57 58
57 168
57 167
58 302
58 119
58 309
58 103
58 185
58 168
58 167
59 304
59 273
59 123
59 251
59 161
59 200
59 340
59 104
59 140
59 333
59 141
60 164
60 102
60 286
60 222
60 198
60 195
60 163
60 68
60 262
60 78
60 274
60 184
61 201
61 334
61 219
61 170
61 236
61 269
61 176
61 62
61 297
61 223
61 124
62 269
62 176
62 236
62 201
62 170
62 334
62 219
62 297
62 223
62 124
63 296
63 217
63 89
63 108
63 73
63 169
63 205
63 113
63 153
63 250
64 256
64 71
64 100
64 196
64 136
64 244
64 344
64 122
64 252
64 190
65 98
65 165
65 211
65 305
65 156
65 280
65 326
66 216
66 192
66 179
66 115
66 213
66 181
66 227
66 202
66 303
66 208
66 241
66 319
67 337
67 311
67 248
67 186
67 343
67 315
67 267
67 125
67 174
68 163
68 274
68 262
68 195
68 164
68 102
68 198
69 188
69 95
69 87
69 209
69 75
69 284
69 189
69 224
69 101
69 239
69 145
69 159
70 231
70 109
70 133
70 121
70 329
70 235
70 308
70 325
70 137
71 256
71 100
71 196
71 136
71 244
71 344
71 122
71 252
71 190
72 152
72 327
72 135
72 240
72 341
72 183
72 155
72 254
73 217
73 296
73 108
73 169
73 205
73 160
73 132
73 113
73 153
73 250
74 115
74 213
74 192
74 179
74 216
74 181
74 227
74 202
74 303
74 208
74 241
74 319
75 189
75 284
75 209
75 95
75 224
75 101
75 239
75 145
75 159
76 200
76 161
76 340
76 123
76 251
76 304
76 273
76 104
76 140
76 333
77 226
77 328
77 257
77 90
77 94
77 112
77 84
77 293
78 163
78 274
78 262
78 195
78 164
78 102
78 198
79 144
79 178
79 180
79 118
79 228
79 106
79 335
80 292
80 271
80 255
80 203
80 301
80 149
80 246
80 310
80 88
80 215
80 157
80 127
81 254
81 135
81 327
81 240
81 183
81 152
81 155
82 220
82 268
82 247
82 249
82 187
82 331
82 342
83 282
83 199
83 129
83 193
83 259
83 166
83 339
83 317
84 112
84 293
84 257
84 226
84 90
84 328
84 94
85 316
85 265
85 194
85 285
85 278
85 232
85 111
86 316
86 265
86 194
86 285
86 278
86 232
86 111
87 188
87 95
87 209
87 284
87 189
87 224
87 101
87 239
87 145
87 159
88 246
88 127
88 149
88 157
88 301
88 310
88 215
88 292
88 271
88 312
89 108
89 296
89 217
89 169
89 205
89 160
89 132
89 113
89 153
89 250
90 257
90 328
90 226
90 94
90 112
90 293
91 105
91 322
91 134
91 139
91 171
91 173
91 336
92 97
92 270
92 291
92 264
92 272
92 245
92 191
92 204
92 276
92 150
93 147
93 238
93 287
93 177
93 295
93 298
93 107
94 226
94 328
94 112
94 293
95 188
95 209
95 284
95 189
95 224
95 101
95 239
95 145
95 159
96 321
96 143
96 146
96 253
96 221
96 289
96 258
96 99
97 270
97 291
97 264
97 272
97 245
97 191
97 204
97 150
98 165
98 211
98 305
98 156
98 280
98 326
99 289
99 258
99 321
99 143
99 146
99 221
99 253
100 344
100 244
100 136
100 122
100 190
100 196
100 252
100 256
101 224
101 145
101 239
101 159
101 209
101 188
101 284
101 189
102 286
102 164
102 222
102 198
102 195
102 163
102 262
102 274
102 184
103 309
103 302
103 119
103 128
103 185
103 167
104 140
104 141
104 161
104 200
104 123
104 251
104 304
104 273
104 340
104 214
105 279
105 322
105 134
105 173
105 207
105 336
106 335
106 228
106 144
106 118
107 294
107 238
107 177
107 147
107 287
108 296
108 217
108 160
108 132
108 113
108 153
108 250
109 231
109 133
109 121
109 329
109 235
109 308
109 325
110 313
110 288
110 314
110 261
110 116
110 206
110 242
110 277
110 281
111 232
111 194
111 265
111 278
111 316
111 285
112 293
112 257
112 226
112 328
113 132
113 153
113 160
113 250
113 217
113 296
113 169
113 205
114 229
114 290
114 233
114 266
114 332
114 142
114 210
114 275
114 148
115 213
115 345
115 192
115 179
115 216
115 181
115 227
115 202
115 303
115 208
115 175
115 241
115 319
116 288
116 261
116 313
116 314
116 330
116 277
116 281
117 130
117 338
117 162
117 243
117 234
117 260
117 225
117 154
118 144
118 178
118 180
118 228
118 335
119 302
119 309
119 128
119 168
120 318
120 197
120 263
120 172
120 306
120 307
120 212
120 151
120 126
121 133
121 231
121 329
121 235
121 325
121 137
122 136
122 190
122 344
122 244
122 196
122 252
122 256
123 251
123 304
123 161
123 200
123 340
123 214
123 333
123 141
124 297
124 223
124 201
124 170
124 236
124 269
124 334
124 176
124 219
125 174
125 315
125 337
125 311
125 248
125 186
125 343
126 197
126 212
126 151
126 306
126 263
126 172
126 307
126 318
127 149
127 157
127 301
127 310
127 215
127 292
127 271
127 312
127 255
128 185
128 302
128 309
128 168
128 167
129 193
129 339
129 317
129 299
129 166
129 259
129 282
129 182
129 199
130 338
130 162
130 243
130 320
130 234
130 260
130 225
130 154
130 237
131 324
131 218
131 158
131 283
131 323
131 300
131 230
132 153
132 250
132 217
132 296
132 169
132 205
133 231
133 329
133 235
133 308
133 325
133 137
134 322
134 336
134 139
134 171
134 173
134 207
134 279
135 138
135 155
135 183
135 240
135 341
135 152
135 327
135 254
136 190
136 344
136 196
136 252
136 256
137 231
137 325
137 329
137 235
137 308
138 155
138 183
138 240
138 341
138 152
138 327
138 254
139 336
139 322
139 173
139 207
139 279
140 333
140 141
140 161
140 200
140 251
140 304
140 340
140 214
141 333
141 161
141 200
141 251
141 304
141 273
141 340
142 275
142 266
142 210
142 332
142 229
143 321
143 253
143 146
143 221
143 258
144 178
144 180
144 228
144 335
145 224
145 209
145 188
145 284
145 189
146 321
146 221
146 289
146 258
147 287
147 238
147 177
147 294
147 295
147 298
148 266
148 210
148 275
148 332
148 229
149 157
149 246
149 301
149 310
149 215
149 292
149 312
150 204
150 291
150 264
150 270
150 272
150 245
150 191
151 212
151 197
151 306
151 172
151 307
151 318
152 327
152 240
152 341
152 155
153 160
153 250
153 217
153 296
153 169
153 205
154 225
154 237
154 320
154 162
154 234
154 338
154 243
155 183
155 240
155 341
155 327
155 254
156 211
156 305
156 165
156 280
156 326
157 203
157 246
157 301
157 310
157 215
157 292
157 271
157 312
157 255
158 218
158 324
158 283
158 323
158 300
158 230
159 224
159 209
159 188
159 284
159 189
160 250
160 217
160 296
160 169
160 205
161 304
161 273
161 333
162 243
162 338
162 320
162 234
162 260
162 225
162 237
163 184
163 274
163 262
163 195
163 198
163 222
163 286
164 286
164 222
164 198
164 195
164 262
164 274
164 184
165 211
165 305
165 280
165 326
166 299
166 339
166 193
166 317
166 259
166 282
166 182
166 199
167 168
167 302
167 309
168 302
168 309
168 185
169 217
169 296
169 250
170 201
170 334
170 236
170 269
170 176
170 297
170 223
171 207
171 173
171 336
171 322
171 279
172 197
172 263
172 306
172 212
172 307
172 318
173 207
173 336
173 322
173 279
174 267
174 315
174 337
174 311
174 248
174 186
174 343
175 208
175 227
175 303
175 241
175 202
175 319
175 192
175 179
175 213
175 181
175 216
176 236
176 269
176 201
176 334
176 219
176 297
176 223
177 238
177 287
177 294
177 295
178 228
178 335
179 192
179 216
179 345
179 213
179 181
179 227
179 202
179 303
179 208
179 319
180 228
180 335
181 192
181 213
181 345
181 227
181 202
181 303
181 241
181 319
182 282
182 193
182 259
182 339
183 240
183 341
183 327
184 274
184 262
184 195
184 198
185 302
185 309
186 343
186 248
186 337
186 311
186 315
186 267
187 268
187 247
187 249
187 220
187 331
187 342
188 209
188 284
188 189
188 224
188 239
189 284
189 209
189 224
189 239
190 344
190 244
190 196
191 291
191 264
191 272
191 245
191 270
191 204
191 276
192 216
192 345
192 213
192 227
192 202
192 303
192 208
192 241
193 339
193 317
193 299
193 282
193 199
194 265
194 285
194 316
194 232
195 222
195 286
195 262
195 274
196 252
196 244
196 344
196 256
197 306
197 263
197 307
198 222
198 286
198 262
198 274
199 282
199 259
199 299
199 339
199 317
200 214
200 304
200 273
200 333
201 334
201 219
201 236
201 269
201 297
201 223
202 319
202 241
202 227
202 303
202 208
202 213
202 216
202 345
203 301
203 310
203 215
203 292
203 312
204 291
204 264
204 270
204 272
204 245
205 217
205 296
205 250
206 281
206 330
206 277
206 288
206 261
206 313
206 314
207 336
207 322
208 227
208 303
208 241
208 319
208 213
208 345
209 284
209 224
209 239
210 275
210 332
210 233
210 229
211 305
211 326
212 306
212 263
212 307
212 318
213 345
213 216
213 227
213 241
213 319
214 340
214 251
214 304
214 273
214 333
215 310
215 292
215 271
215 312
215 255
216 345
216 227
216 303
216 241
216 319
217 296
217 250
218 324
218 283
218 300
218 230
219 334
219 236
219 269
219 297
219 223
220 268
220 247
220 342
221 253
221 289
222 262
222 274
223 297
223 236
223 269
223 334
224 239
225 237
225 320
225 260
225 234
225 338
225 243
226 328
226 257
227 303
227 319
227 345
229 290
229 233
229 266
229 332
229 275
230 323
230 283
230 300
230 324
231 329
231 235
231 308
231 325
232 278
233 266
233 332
233 275
234 260
234 320
234 338
234 243
234 237
235 329
235 308
235 325
236 334
236 297
237 260
237 338
237 243
238 287
238 294
238 295
238 298
239 284
240 341
240 327
240 254
241 319
241 303
241 345
242 281
242 330
242 277
242 288
242 261
242 313
242 314
243 338
243 320
243 260
244 344
244 252
244 256
245 264
245 276
246 310
246 292
246 271
246 312
247 268
247 249
247 331
247 342
248 343
248 337
248 311
248 315
248 267
249 268
249 342
251 273
251 304
251 333
252 344
253 321
253 289
253 258
254 327
254 341
255 312
255 292
255 301
255 310
256 344
257 328
257 293
258 289
259 299
259 339
259 317
259 282
260 320
260 338
261 288
261 314
261 313
261 330
261 277
261 281
262 274
262 286
263 306
263 307
263 318
264 291
264 272
264 270
264 276
265 278
266 290
266 275
266 332
267 315
267 337
267 311
267 343
268 331
268 342
269 334
269 297
270 276
271 312
271 292
271 301
271 310
272 276
273 304
273 340
273 333
274 286
275 290
276 291
277 281
277 330
277 288
277 314
278 316
278 285
279 322
279 336
280 326
280 305
281 330
281 288
281 313
281 314
282 299
282 317
283 323
283 300
287 294
287 295
287 298
288 314
288 313
288 330
289 321
290 332
292 312
292 301
292 310
293 328
294 298
294 295
297 334
299 339
299 317
300 323
300 324
301 310
301 312
303 319
303 345
304 340
304 333
305 326
306 307
306 318
307 318
308 329
308 325
310 312
311 337
311 343
311 315
313 314
313 330
314 330
315 337
315 343
317 339
319 345
320 338
322 336
323 324
325 329
327 341
331 342
333 340
337 343
