heur013_n_250_m_22395
1 95
1 35
1 41
1 144
1 30
2 92
2 36
2 100
3 80
3 244
3 86
3 121
4 34
5 36
5 65
5 100
5 197
5 136
5 56
5 126
7 108
7 96
7 27
7 99
7 82
7 210
8 94
8 32
9 74
9 158
9 32
10 162
10 238
10 225
10 173
10 46
10 79
10 241
10 218
11 77
11 160
12 85
12 233
13 161
13 151
13 88
14 97
14 132
14 179
15 40
15 142
15 48
15 59
15 172
15 110
15 116
15 149
15 89
16 100
16 36
17 146
17 174
17 235
17 148
17 37
18 56
18 126
18 100
18 136
18 36
20 38
20 80
20 244
20 86
20 121
20 33
20 163
21 97
21 132
21 179
22 146
22 78
22 174
22 235
22 37
23 168
23 71
23 161
23 155
23 129
23 140
24 102
24 96
24 99
24 108
24 82
24 27
25 82
25 176
25 96
25 99
25 27
25 210
26 98
27 96
27 99
27 82
27 210
29 77
29 160
30 144
30 165
30 81
30 95
30 167
31 79
31 162
32 94
33 152
35 144
36 169
36 92
36 100
37 78
37 187
38 152
38 166
39 178
39 98
40 172
40 237
40 89
41 81
41 144
41 95
41 167
42 77
43 84
44 83
45 90
45 91
48 172
48 89
49 224
49 159
50 84
51 76
52 191
52 204
52 83
52 183
52 219
53 78
54 77
55 88
56 100
56 169
56 92
57 83
58 199
58 153
58 93
59 172
59 89
60 85
61 77
62 87
63 196
63 94
63 158
64 90
64 91
65 92
65 169
65 100
66 183
66 83
67 77
68 96
68 99
68 82
69 97
70 77
71 161
71 88
71 223
72 79
73 180
73 193
73 209
73 80
73 86
73 152
74 94
74 196
75 98
77 177
77 160
78 146
78 187
78 174
78 130
78 235
78 148
79 241
79 173
79 218
79 162
79 200
80 121
80 113
80 244
80 231
80 105
80 193
80 227
80 209
80 180
80 182
81 144
81 245
82 112
82 176
82 108
82 102
83 104
83 128
83 133
83 123
84 185
84 186
84 246
84 181
84 143
84 137
84 145
85 234
85 109
85 239
85 125
85 141
85 233
85 157
85 134
86 121
86 113
86 244
86 231
86 105
86 193
86 227
86 182
87 111
87 198
87 188
88 129
88 140
88 229
88 115
88 168
88 155
89 116
89 110
89 117
89 237
89 149
89 172
89 142
90 170
90 236
90 189
90 190
90 124
90 171
90 150
90 127
91 124
91 150
91 171
91 170
91 236
91 189
91 190
91 127
92 228
92 118
92 197
92 136
92 107
92 120
92 126
93 240
93 226
93 192
93 153
93 101
93 139
93 199
94 250
94 196
95 167
95 245
95 144
96 108
96 112
96 176
96 102
97 135
97 164
97 114
97 147
97 154
97 132
97 138
97 203
97 242
97 179
97 215
97 184
98 248
98 194
98 178
98 249
98 122
98 230
98 211
98 195
99 108
99 112
99 176
99 102
100 136
100 107
100 120
100 197
100 126
100 228
100 118
102 210
107 222
110 216
112 210
113 152
114 214
114 179
114 184
116 216
121 152
122 178
123 219
127 190
128 191
128 204
128 183
128 219
129 223
129 161
129 151
132 179
132 184
132 205
132 214
132 154
133 204
133 183
135 205
135 214
135 154
135 184
137 181
137 186
138 184
138 179
138 154
139 153
141 157
142 172
142 216
144 208
144 165
144 245
144 167
145 181
145 186
146 187
146 174
147 205
147 214
147 154
147 179
147 215
147 184
148 174
148 187
151 229
152 244
152 231
152 193
152 227
152 209
152 180
152 182
153 192
153 226
154 242
154 215
156 192
157 233
157 234
157 239
158 250
160 220
160 177
162 241
163 244
166 193
166 209
166 231
166 244
167 245
169 197
170 236
173 241
174 187
174 235
175 239
175 233
178 211
181 246
186 246
197 222
202 246
207 233
209 244
218 241
