heur031_n_330_m_7270
1 329
1 298
1 294
1 330
1 318
1 311
1 303
1 305
1 210
1 211
1 212
1 308
1 219
1 220
1 223
2 122
2 120
2 119
2 176
2 178
2 215
2 288
2 321
2 324
3 250
3 213
3 247
3 98
3 169
3 54
3 55
3 126
4 329
4 298
4 294
4 330
4 318
4 311
4 303
4 305
4 210
4 211
4 212
4 308
4 219
4 220
4 223
5 225
5 227
5 231
5 192
5 224
5 228
5 229
5 263
5 217
5 218
5 189
5 190
6 250
6 213
6 247
6 98
6 169
6 54
6 55
6 126
7 225
7 227
7 231
7 192
7 224
7 228
7 229
7 263
7 217
7 218
7 189
7 190
8 329
8 298
8 294
8 330
8 318
8 311
8 303
8 305
8 210
8 211
8 212
8 308
8 219
8 220
8 223
9 225
9 227
9 231
9 192
9 224
9 228
9 229
9 263
9 217
9 218
9 189
9 190
10 180
10 245
10 181
10 182
10 284
10 287
10 304
10 306
10 148
10 183
10 185
10 316
11 250
11 213
11 247
11 98
11 169
11 54
11 55
11 123
11 126
12 299
12 293
12 327
12 226
12 244
12 184
12 249
12 186
12 251
13 34
13 42
13 36
13 291
13 285
13 295
13 72
13 41
13 44
14 299
14 293
14 327
14 226
14 244
14 184
14 249
14 186
14 251
15 197
15 199
15 201
15 297
15 301
15 307
15 97
15 102
15 136
15 104
15 138
15 105
16 180
16 245
16 181
16 182
16 284
16 287
16 304
16 306
16 148
16 183
16 185
16 316
17 299
17 293
17 327
17 226
17 244
17 184
17 249
17 186
17 251
18 180
18 245
18 181
18 182
18 284
18 287
18 304
18 306
18 148
18 183
18 185
18 316
19 88
19 85
19 78
19 60
20 88
20 85
20 78
20 60
21 60
21 78
21 85
21 88
22 60
22 78
22 85
22 88
23 60
23 78
23 85
23 88
24 88
24 85
24 60
25 261
25 221
25 222
25 166
25 168
25 83
25 87
25 153
25 156
26 261
26 221
26 222
26 166
26 168
26 83
26 87
26 153
26 156
27 261
27 221
27 222
27 166
27 168
27 83
27 87
27 153
27 156
30 236
30 238
30 240
30 296
30 290
30 292
31 236
31 238
31 240
31 296
31 290
31 292
32 325
32 326
32 328
32 309
32 312
32 315
32 274
32 276
32 277
34 59
34 141
34 291
34 285
34 295
35 236
35 238
35 240
35 296
35 290
35 292
36 59
36 141
36 291
36 285
36 295
37 325
37 326
37 328
37 309
37 312
37 315
37 274
37 276
37 277
38 325
38 326
38 328
38 309
38 312
38 315
38 274
38 276
38 277
39 60
39 61
39 62
39 64
39 85
39 88
39 63
40 60
40 61
40 62
40 64
40 85
40 88
40 63
41 291
41 295
41 141
41 59
41 285
42 59
42 141
42 291
42 285
42 295
43 60
43 61
43 85
43 88
44 291
44 295
44 141
44 59
44 285
45 161
45 203
45 140
45 246
45 58
45 128
46 161
46 203
46 140
46 246
46 58
46 128
46 164
47 66
47 106
47 103
47 129
47 130
47 132
47 289
47 275
47 310
47 278
47 280
47 279
48 66
48 106
48 103
48 129
48 130
48 132
48 289
48 275
48 310
48 278
48 280
48 279
49 161
49 203
49 140
49 246
49 58
49 128
49 163
49 164
50 66
50 106
50 103
50 129
50 130
50 289
50 275
50 310
50 278
50 280
50 279
51 144
51 147
51 143
51 266
51 202
51 267
51 268
51 241
51 242
52 144
52 147
52 143
52 266
52 202
52 267
52 268
52 241
52 242
53 144
53 147
53 143
53 266
53 202
53 267
53 268
53 241
53 242
54 169
54 123
54 126
54 213
54 247
54 250
55 169
55 123
55 126
55 213
55 247
55 250
56 160
56 124
56 165
56 131
56 133
56 272
56 273
56 271
57 197
57 199
57 201
57 297
57 301
57 307
57 102
57 104
57 105
58 161
58 203
58 246
58 128
58 163
58 164
59 291
59 285
59 295
59 72
60 68
60 78
60 85
60 88
61 78
61 85
61 88
62 78
62 85
62 88
63 78
63 85
63 88
64 78
64 85
64 88
65 216
65 177
65 214
65 187
65 142
65 154
65 118
66 129
66 130
66 132
66 289
66 275
66 310
66 278
66 280
66 279
67 216
67 177
67 214
67 187
67 142
67 154
67 118
68 78
68 85
68 88
69 216
69 177
69 214
69 187
69 142
69 154
70 264
70 265
70 262
70 207
70 89
70 82
70 86
70 320
70 281
70 283
71 264
71 265
71 262
71 207
71 89
71 82
71 86
71 320
71 281
71 283
72 291
72 295
72 141
72 285
73 233
73 235
73 230
73 256
73 257
73 255
73 167
73 200
73 234
73 204
73 252
73 253
73 254
73 191
74 264
74 265
74 262
74 207
74 89
74 86
74 320
74 281
74 283
75 240
75 236
75 238
75 296
75 290
75 292
76 233
76 235
76 230
76 256
76 257
76 255
76 193
76 167
76 200
76 234
76 204
76 252
76 253
76 254
76 191
77 155
77 195
77 239
77 146
79 240
79 236
79 238
79 296
79 290
79 292
80 155
80 195
80 110
80 239
80 146
81 176
81 178
81 215
81 288
81 321
81 324
82 264
82 265
82 262
82 207
82 320
82 281
82 283
83 153
83 156
83 166
83 261
83 221
83 222
84 240
84 236
84 238
84 296
84 290
84 292
86 264
86 265
86 262
86 207
86 320
86 281
86 283
87 153
87 156
87 166
87 261
87 221
87 222
89 264
89 265
89 262
89 207
89 320
89 281
89 283
90 135
90 152
90 188
90 151
90 322
90 243
90 116
90 121
90 317
90 94
90 319
91 160
91 124
91 165
91 96
91 272
91 273
91 271
92 322
92 317
92 319
92 121
92 243
92 116
92 170
92 173
92 151
92 152
92 188
93 152
93 188
93 151
93 322
93 243
93 116
93 121
93 317
93 319
94 322
94 317
94 319
94 121
94 243
94 116
94 170
94 173
94 151
94 152
94 188
95 160
95 124
95 165
95 131
95 272
95 273
95 271
96 160
96 165
96 124
96 272
96 273
96 271
97 104
97 105
97 102
97 197
97 199
97 201
97 297
97 301
97 307
98 169
98 123
98 126
98 213
98 247
98 250
99 300
99 269
99 270
99 282
99 323
99 286
99 194
99 232
99 248
100 300
100 269
100 270
100 282
100 323
100 286
100 194
100 232
100 137
100 179
100 248
101 300
101 269
101 270
101 282
101 323
101 286
101 194
101 232
101 137
101 139
101 179
101 248
102 136
102 138
102 197
102 199
102 201
102 297
102 301
102 307
103 129
103 130
103 132
103 289
103 275
103 310
103 278
103 280
103 279
104 136
104 138
104 197
104 199
104 201
104 297
104 301
104 307
105 136
105 138
105 197
105 199
105 201
105 297
105 301
105 307
106 129
106 130
106 132
106 289
106 275
106 310
106 278
106 280
106 279
107 206
107 302
107 208
107 209
107 313
107 314
107 162
107 205
107 127
108 196
108 237
108 198
108 258
108 259
108 260
108 171
108 172
108 175
109 206
109 302
109 208
109 209
109 313
109 314
109 162
109 205
109 127
110 239
110 195
110 159
110 157
110 158
111 158
111 195
111 239
111 146
111 159
112 206
112 302
112 208
112 209
112 313
112 314
112 162
112 205
112 127
113 237
113 258
113 259
113 260
113 171
113 172
113 175
114 233
114 230
114 256
114 257
114 255
114 167
114 200
114 204
114 252
114 253
114 254
114 191
115 239
116 322
116 134
116 317
116 319
116 135
116 170
116 173
116 174
116 151
116 188
117 176
117 178
117 215
117 288
117 321
117 324
118 142
118 177
118 149
118 214
118 216
118 187
119 176
119 178
119 215
119 288
119 321
119 324
120 176
120 178
120 215
120 288
120 321
120 324
121 322
121 134
121 317
121 319
121 135
121 170
121 173
121 174
121 151
121 152
121 188
122 125
122 176
122 178
122 215
122 288
122 321
122 324
123 213
123 247
123 250
124 131
124 133
124 272
124 273
124 271
125 176
125 178
125 215
125 288
125 321
125 324
126 213
127 302
127 313
127 314
128 161
128 203
128 140
128 246
129 289
129 275
129 310
129 278
129 280
129 279
130 289
130 275
130 310
130 278
130 280
130 279
131 160
131 165
131 272
131 273
131 271
132 289
132 275
132 310
132 278
132 280
132 279
133 160
133 165
133 272
133 273
133 271
134 322
134 317
134 319
134 243
134 170
134 151
134 152
134 188
135 170
135 152
135 188
135 151
135 322
135 243
135 317
135 319
136 197
136 199
136 201
136 297
136 301
136 307
137 232
137 248
137 194
137 323
137 300
137 269
137 270
137 282
137 286
138 197
138 199
138 201
138 297
138 301
138 307
139 232
139 248
139 194
139 323
139 300
139 269
139 270
139 282
139 286
140 161
140 203
140 246
140 163
140 164
141 291
141 285
141 295
142 177
142 214
142 216
142 154
142 150
143 202
143 268
143 241
143 242
144 202
144 241
144 242
145 196
145 237
145 198
145 258
145 259
145 260
145 171
145 172
145 175
146 239
146 195
146 159
146 155
146 157
146 158
147 266
147 202
147 267
147 241
147 242
148 304
148 306
148 316
148 180
148 245
148 181
148 182
148 284
148 287
149 177
149 214
149 216
149 154
150 177
150 214
150 216
151 170
151 173
151 174
151 322
151 243
151 317
151 319
152 170
152 173
152 174
152 322
152 243
152 317
152 319
153 168
153 261
153 221
153 222
154 177
154 214
154 216
154 187
156 168
156 261
156 221
156 222
160 272
160 273
160 271
162 302
162 208
162 209
162 313
162 314
165 272
165 273
165 271
166 168
166 221
166 222
167 193
167 234
167 253
167 254
167 191
167 256
167 257
167 230
167 233
167 235
167 255
168 261
168 221
168 222
169 213
169 247
170 173
170 174
170 188
170 322
170 243
170 317
170 319
171 258
171 259
171 260
171 196
171 198
171 237
172 258
172 259
172 260
172 196
172 198
172 237
173 188
173 322
173 243
173 317
173 319
174 188
174 322
174 243
174 317
174 319
175 258
175 259
175 260
175 196
175 198
175 237
176 288
176 321
176 324
177 187
178 288
178 321
178 324
179 232
179 248
179 194
179 323
179 300
179 269
179 270
179 282
179 286
180 284
180 245
180 287
180 304
180 306
180 183
180 185
180 316
181 284
181 245
181 287
181 304
181 306
181 185
181 316
182 284
182 245
182 287
182 304
182 306
182 185
182 316
183 304
183 306
183 316
183 245
183 284
183 287
184 249
184 251
184 244
184 293
184 327
184 299
185 304
185 306
185 316
185 245
185 284
185 287
186 249
186 251
186 244
186 293
186 327
186 299
187 214
187 216
188 322
188 243
188 317
188 319
189 217
189 218
189 263
189 224
190 217
190 218
190 263
190 224
190 225
191 252
191 253
191 254
191 200
191 204
191 256
191 257
191 255
192 217
192 218
192 263
192 224
192 225
192 227
193 252
193 253
193 254
193 200
193 204
193 256
193 257
193 255
194 323
194 300
194 269
194 270
194 282
194 286
196 258
196 259
196 260
197 297
197 307
197 301
198 258
198 259
198 260
199 297
199 307
199 301
200 234
200 252
200 253
200 254
200 256
200 257
200 230
200 233
200 235
200 255
201 297
201 307
201 301
202 266
202 267
202 268
204 234
204 252
204 253
204 254
204 256
204 257
204 230
204 233
204 235
204 255
205 302
205 313
205 314
206 313
206 314
206 302
207 264
207 265
207 320
207 281
207 283
208 313
208 314
208 302
209 313
209 314
209 302
210 219
210 220
210 223
210 305
210 308
210 303
210 294
210 329
210 298
210 330
210 311
210 318
211 219
211 220
211 223
211 305
211 308
211 303
211 294
211 329
211 298
211 330
211 311
211 318
212 219
212 220
212 223
212 305
212 308
212 303
212 294
212 329
212 298
212 330
212 311
212 318
215 288
215 321
215 324
217 224
217 228
217 229
217 225
217 227
217 231
218 224
218 228
218 229
218 225
218 227
218 231
219 305
219 308
219 303
219 294
219 329
219 298
219 330
219 311
219 318
220 305
220 308
220 303
220 294
220 329
220 298
220 330
220 311
220 318
223 305
223 308
223 303
223 294
223 329
223 298
223 330
223 311
223 318
224 231
226 249
226 251
226 244
226 293
226 327
226 299
227 263
228 263
229 263
230 256
230 257
230 255
230 252
230 253
230 254
231 263
232 323
232 300
232 282
232 286
233 256
233 257
233 255
233 252
233 253
233 254
234 252
234 253
234 254
234 256
234 257
234 255
235 256
235 257
235 255
235 252
235 253
235 254
236 296
236 290
236 292
237 258
237 259
237 260
238 296
238 290
238 292
240 296
240 290
240 292
241 266
241 267
241 268
242 266
242 267
242 268
243 317
243 319
244 293
244 299
245 304
245 306
245 316
248 323
248 282
248 286
249 299
251 327
251 299
252 257
262 320
262 281
262 283
264 320
264 281
264 283
265 320
265 281
265 283
269 282
269 323
269 286
270 282
270 323
270 286
274 325
274 326
274 328
275 280
275 279
276 325
276 326
276 328
276 309
277 325
277 326
277 328
277 309
277 312
278 289
278 310
279 289
279 310
280 289
280 310
282 300
284 304
284 306
284 316
286 300
287 304
287 306
287 316
294 318
294 311
294 308
298 318
300 323
303 329
303 318
305 329
305 318
308 329
308 318
309 328
309 325
309 326
311 329
312 328
312 325
312 326
315 328
315 326
318 329
329 330
