heur005_n_160_m_4015
1 96
1 98
1 109
1 84
1 86
1 90
2 23
2 79
2 80
2 143
2 91
3 29
3 54
3 6
3 75
3 71
4 98
4 101
4 142
4 141
4 84
4 86
5 68
5 38
5 95
5 97
5 67
5 120
5 60
5 125
6 8
6 54
6 25
6 72
6 75
6 71
7 54
7 25
7 29
7 75
7 71
8 25
8 29
8 54
8 72
9 23
9 79
9 80
9 143
9 154
9 91
10 24
10 23
10 79
10 143
10 151
10 154
11 105
11 102
11 103
11 27
11 78
11 147
11 148
11 150
12 96
12 101
12 109
12 142
12 141
12 84
12 86
12 90
13 105
13 102
13 103
13 27
13 19
13 78
13 147
13 148
13 150
13 159
14 131
14 133
14 48
14 52
14 127
14 104
14 122
14 132
15 105
15 102
15 103
15 27
15 19
15 78
15 147
15 148
15 150
16 131
16 132
17 79
17 80
17 143
17 151
17 154
17 91
18 131
18 133
18 52
18 127
18 104
18 122
18 132
19 102
19 103
19 105
19 69
19 78
19 147
19 148
19 150
19 155
19 156
19 61
19 159
20 102
20 103
20 105
20 78
20 147
20 148
20 150
20 155
20 159
21 106
21 99
21 100
21 137
21 107
21 139
21 140
21 112
21 144
21 115
21 116
21 119
22 106
22 99
22 100
22 137
22 107
22 139
22 140
22 112
22 144
22 115
22 116
22 119
23 79
23 80
23 143
23 151
23 154
23 91
24 79
24 80
24 143
24 151
24 154
25 55
25 72
25 71
26 73
26 66
26 158
26 43
26 46
27 102
27 103
27 69
27 78
27 147
27 148
27 150
27 155
27 156
27 61
27 159
28 106
28 99
28 100
28 137
28 107
28 139
28 140
28 112
28 144
28 115
28 116
28 119
29 55
29 72
29 75
29 71
30 74
30 108
30 77
30 110
30 111
30 114
30 117
30 118
31 82
31 135
31 113
31 145
31 88
32 128
32 129
32 57
32 126
32 59
32 62
33 68
33 63
33 95
33 67
33 120
33 153
33 60
33 125
34 74
34 108
34 77
34 110
34 111
34 114
34 117
34 118
35 128
35 129
35 57
35 126
35 59
35 62
36 82
36 85
36 135
36 136
36 113
36 145
36 87
36 88
37 68
37 63
37 95
37 97
37 67
37 120
37 153
37 60
37 125
38 68
38 95
38 63
38 67
38 120
38 153
38 60
38 125
39 95
39 97
39 120
39 153
39 60
39 125
40 82
40 83
40 135
40 136
40 113
40 145
40 88
41 68
41 95
41 63
41 67
41 120
41 153
41 60
41 125
42 66
42 58
42 73
42 76
42 56
42 157
42 158
43 160
43 66
43 58
43 73
43 76
43 56
43 157
43 158
44 74
44 108
44 77
44 110
44 111
44 114
44 117
44 118
45 136
45 113
45 145
45 88
45 82
45 83
46 66
46 58
46 73
46 76
46 56
46 157
46 158
47 129
47 128
47 62
47 57
47 59
47 126
48 133
48 127
48 104
48 122
48 132
49 131
49 133
49 127
49 104
49 122
49 132
50 62
50 57
50 59
50 126
51 135
51 136
51 113
51 145
51 87
51 88
51 82
51 83
51 85
52 133
52 127
52 122
52 132
53 113
53 145
56 157
56 158
57 128
57 129
57 126
57 89
58 157
58 158
59 128
59 126
59 89
60 95
61 147
61 148
61 150
62 128
62 129
62 126
63 97
63 120
63 125
64 130
64 134
64 121
64 123
64 124
64 93
64 94
65 130
65 134
65 121
65 123
65 124
65 92
65 93
65 94
66 160
66 157
66 158
68 97
68 120
68 125
69 147
69 148
69 150
69 155
69 159
69 102
69 103
69 105
70 152
70 130
70 134
70 121
70 124
70 93
70 94
74 114
74 108
74 110
74 117
74 118
74 111
76 160
76 157
76 158
77 114
77 110
77 117
78 155
78 156
78 159
78 102
78 103
78 105
79 151
80 151
80 154
81 110
82 135
82 136
82 145
83 136
83 145
84 142
84 141
84 96
84 101
85 136
85 145
86 142
86 96
86 98
86 101
87 136
87 145
88 136
89 129
90 109
90 96
90 98
90 101
91 143
92 134
92 152
92 121
92 123
92 124
93 121
93 123
94 152
94 121
94 124
95 125
96 109
96 142
96 141
98 142
98 141
99 137
99 139
99 140
99 144
99 115
99 116
99 119
100 137
100 107
100 139
100 140
100 112
100 144
100 115
100 116
100 119
101 142
101 141
102 147
102 148
102 150
103 147
103 148
103 150
103 156
104 127
105 147
105 148
105 150
105 155
106 137
106 107
106 139
106 140
106 144
106 115
106 116
106 119
107 137
107 139
107 140
110 111
113 136
113 145
121 152
147 155
147 156
147 159
148 156
148 159
150 155
150 156
150 159
