heur032_n_330_m_9770
1 120
1 14
1 89
1 124
1 220
1 169
1 218
1 318
1 301
1 190
2 176
2 282
2 195
2 288
2 147
2 175
2 224
2 290
2 197
2 328
2 170
2 266
2 237
2 283
2 127
3 154
3 222
3 326
3 298
3 13
3 305
3 313
3 252
3 159
4 248
4 285
4 246
4 289
4 51
4 254
4 191
4 133
4 134
4 239
4 253
5 138
5 121
5 180
5 245
5 105
5 203
5 113
5 243
5 158
6 326
6 298
6 154
6 222
6 13
6 305
6 313
6 252
6 159
7 294
7 128
7 251
7 215
7 219
7 302
7 96
7 225
7 194
7 329
7 94
8 155
8 292
8 256
8 223
8 260
8 166
8 270
8 146
8 53
8 279
8 287
9 110
9 212
9 167
9 209
9 142
9 95
9 297
9 205
9 263
10 239
10 134
10 253
10 133
10 289
10 51
10 246
10 248
10 285
10 254
10 191
11 80
11 284
11 52
11 63
11 57
12 231
12 272
12 79
12 208
12 244
12 261
12 99
12 204
12 163
12 160
13 82
13 305
13 313
13 252
13 159
13 326
13 298
13 154
13 222
14 120
14 30
14 89
14 124
14 74
14 220
14 169
14 218
14 318
14 301
14 190
14 23
15 308
15 322
15 323
15 150
15 281
15 330
15 109
15 207
15 259
15 295
15 268
15 280
16 85
16 221
16 132
16 69
16 44
16 276
16 247
16 153
16 157
17 192
17 304
17 291
17 131
17 199
17 265
17 173
17 177
17 90
18 235
18 50
18 307
18 309
18 129
18 98
18 144
18 214
18 255
19 312
19 314
19 206
19 188
19 264
19 116
19 300
19 269
19 112
19 275
19 148
19 149
19 55
19 315
20 172
20 164
20 229
20 226
20 262
20 135
20 137
21 52
21 284
21 57
22 93
22 234
22 178
22 274
22 320
22 161
22 162
22 152
22 185
22 186
23 190
23 301
23 318
23 169
23 220
23 120
23 89
23 218
23 124
24 325
24 257
24 101
24 141
24 216
24 58
24 271
24 210
24 92
25 284
25 52
25 57
26 269
26 275
26 148
26 47
26 315
26 55
26 300
26 264
26 206
26 312
26 314
26 188
27 52
27 284
27 57
28 233
28 122
28 311
28 88
28 267
28 310
28 193
28 198
28 273
29 248
29 285
29 246
29 289
29 51
29 254
29 191
29 133
29 134
29 239
29 253
30 89
30 124
30 220
30 169
30 218
30 318
30 301
30 190
31 91
31 327
31 136
31 236
31 174
31 241
31 140
31 249
32 267
32 233
32 311
32 88
32 122
32 310
32 193
32 198
32 273
33 196
33 201
33 202
33 238
33 143
33 145
33 181
33 54
34 227
34 228
34 242
34 211
34 97
34 130
34 165
34 293
34 171
34 240
34 183
34 187
35 178
35 234
35 274
35 93
35 320
35 161
35 162
35 102
35 104
35 152
35 185
35 186
36 239
36 134
36 253
36 133
36 289
36 51
36 246
36 248
36 285
36 254
36 191
37 60
37 135
37 137
37 226
37 262
37 164
37 229
37 172
38 242
38 211
38 228
38 227
38 97
38 130
38 165
38 293
38 171
38 240
38 183
38 187
39 128
39 294
39 215
39 251
39 219
39 302
39 96
39 225
39 194
39 329
39 94
40 132
40 103
40 276
40 247
40 153
40 157
40 221
41 240
41 187
41 165
41 130
41 183
41 97
41 171
41 293
41 227
41 228
41 242
41 211
42 242
42 211
42 228
42 227
42 97
42 130
42 165
42 293
42 171
42 240
42 183
42 187
43 197
43 328
43 283
43 224
43 290
43 170
43 266
43 237
43 127
43 288
43 195
43 175
43 176
43 147
43 282
44 276
44 103
44 153
44 69
44 157
44 247
44 132
44 221
45 284
45 52
45 63
45 57
46 297
46 205
46 167
46 110
46 142
46 209
46 212
46 95
46 263
47 148
47 275
47 269
47 112
47 315
47 149
47 55
47 300
47 264
47 206
47 116
47 312
47 314
47 188
48 73
48 96
48 329
48 225
48 194
48 94
48 294
48 219
48 302
48 215
48 251
49 295
49 268
49 280
49 259
49 322
49 323
49 330
49 109
49 207
49 308
49 150
49 281
50 307
50 71
50 309
50 235
50 129
50 98
50 144
50 214
50 255
51 191
51 289
51 81
51 254
51 246
51 248
51 285
51 239
51 253
52 63
52 80
52 284
52 57
52 84
53 270
53 146
53 117
53 279
53 256
53 260
53 287
53 166
53 223
53 155
53 292
54 145
54 201
54 118
54 156
54 181
54 143
54 202
54 196
54 238
55 269
55 112
55 275
55 148
55 149
55 315
55 300
55 264
55 75
55 206
55 116
55 312
55 314
55 188
56 230
56 299
56 189
56 68
56 232
56 115
56 119
56 87
56 151
56 316
56 286
56 319
57 80
57 284
57 63
57 84
58 216
58 108
58 257
58 325
58 271
58 210
58 92
58 77
59 173
59 265
59 291
59 177
59 90
59 107
59 199
59 131
59 192
59 304
60 76
60 135
60 137
60 226
60 262
60 164
60 229
60 72
60 172
61 277
61 296
61 306
61 317
61 303
61 168
61 83
61 179
61 213
61 86
61 250
62 174
62 327
62 136
62 236
62 91
62 241
62 140
62 249
63 80
63 284
64 178
64 234
64 274
64 93
64 320
64 161
64 162
65 242
65 211
65 228
65 227
65 97
65 130
65 165
65 293
65 171
65 240
65 183
65 187
66 327
66 136
66 236
66 91
66 174
66 241
66 140
66 249
67 130
67 183
67 240
67 187
67 165
67 97
67 171
67 293
67 227
67 228
67 242
67 211
68 319
68 87
68 232
68 316
68 286
68 119
68 299
68 230
69 247
69 276
69 132
69 221
69 85
70 288
70 175
70 176
70 282
70 195
70 224
70 290
70 197
70 328
70 170
70 266
70 237
70 283
70 127
71 307
71 309
71 235
71 129
71 98
71 144
71 214
71 255
72 172
72 164
72 229
72 226
72 262
72 135
72 137
73 96
73 329
73 225
73 94
73 128
73 294
73 219
73 302
73 215
73 251
74 220
74 89
74 169
74 218
74 318
74 301
74 190
75 312
75 314
75 206
75 188
75 264
75 300
75 269
75 275
75 148
75 149
75 315
76 135
76 137
76 226
76 262
76 164
76 229
76 172
77 210
77 92
77 257
77 101
77 325
77 141
77 271
77 216
78 267
78 233
78 311
78 88
78 310
78 193
78 273
79 272
79 231
79 208
79 244
79 261
79 99
79 204
80 284
81 254
81 289
81 191
81 246
81 248
81 285
81 133
81 134
81 239
81 253
82 305
82 313
82 252
82 326
82 298
82 154
82 222
83 250
83 168
83 179
83 213
83 296
83 303
83 306
83 277
83 317
84 284
85 221
85 132
85 103
85 276
85 247
85 153
85 157
86 250
86 179
86 296
86 303
86 306
86 277
86 317
87 151
87 319
87 115
87 232
87 316
87 286
87 119
87 299
87 189
87 230
88 125
88 233
88 122
88 311
88 267
88 310
88 193
88 198
88 273
89 120
89 220
89 218
89 318
89 301
89 190
90 107
90 177
90 199
90 291
90 265
90 106
90 192
90 304
91 327
91 236
91 241
91 140
91 249
92 210
92 257
92 101
92 325
92 108
92 141
92 271
92 216
93 234
93 274
93 320
93 161
93 162
93 102
93 104
93 111
93 152
93 185
93 186
94 225
94 329
94 194
94 128
94 294
94 219
94 302
94 215
94 251
95 209
95 142
95 212
95 110
95 167
95 297
95 205
95 263
96 329
96 225
96 194
96 128
96 294
96 219
96 302
96 215
96 251
97 130
97 165
97 240
97 183
97 187
97 171
97 293
97 227
97 228
97 242
97 114
97 211
98 144
98 129
98 214
98 255
98 235
98 307
98 309
99 163
99 204
99 261
99 231
99 272
99 208
99 244
99 160
100 200
100 217
100 278
100 321
100 258
100 324
100 126
101 216
101 108
101 257
101 325
101 271
101 210
102 111
102 162
102 320
102 152
102 161
102 234
102 178
102 274
103 276
103 153
103 157
103 247
103 132
103 221
104 320
104 162
104 152
104 161
104 234
104 178
104 274
105 158
105 113
105 203
105 243
105 138
105 180
105 245
105 121
105 123
106 265
106 291
106 173
106 177
106 199
106 131
106 304
107 177
107 199
107 291
107 265
107 173
107 131
107 304
108 216
108 141
108 257
108 325
108 271
108 210
109 330
109 207
109 281
109 322
109 323
109 308
109 259
109 295
109 268
109 280
110 212
110 167
110 209
110 142
110 297
110 205
110 263
111 162
111 185
111 320
111 161
111 186
111 178
111 274
112 315
112 269
112 275
112 300
112 264
112 206
112 312
112 314
112 188
113 203
113 243
113 138
113 180
113 245
113 121
113 123
114 242
114 211
114 228
114 227
114 130
114 165
114 293
114 171
114 240
114 183
114 187
115 319
115 232
115 316
115 286
115 299
115 189
115 230
116 264
116 206
116 312
116 314
116 188
116 300
116 269
116 275
116 148
116 149
116 315
117 146
117 279
117 270
117 256
117 260
117 287
117 223
117 292
118 145
118 181
118 143
118 238
119 286
119 232
119 316
119 151
119 319
119 299
119 189
119 230
120 220
120 169
120 218
120 318
120 301
120 190
121 180
121 138
122 311
122 233
122 125
122 267
122 310
122 193
122 198
122 273
123 180
123 138
123 243
124 220
124 169
124 218
124 318
124 301
124 190
125 233
125 311
125 267
125 310
125 198
125 273
126 321
126 139
126 184
126 324
126 258
126 200
126 182
126 278
126 217
127 290
127 224
127 170
127 266
127 237
127 328
127 283
127 197
127 195
127 175
127 176
127 147
127 282
128 215
128 294
128 219
128 302
128 225
128 194
128 329
129 144
129 255
129 235
129 307
129 309
130 183
130 240
130 187
130 165
130 293
130 227
130 228
130 242
131 291
131 199
131 265
131 192
131 304
132 276
132 247
132 153
132 157
132 221
133 239
133 253
133 289
133 246
133 248
133 285
133 254
133 191
134 239
134 253
134 289
134 246
134 248
134 285
134 254
134 191
135 226
135 262
135 164
135 229
136 327
136 236
136 241
136 249
137 262
137 226
137 164
137 229
137 172
138 245
138 203
138 243
138 158
139 321
139 184
139 324
139 258
139 200
139 278
139 217
140 241
140 249
140 327
140 236
140 174
141 216
141 257
141 325
141 271
141 210
142 209
142 212
142 167
142 297
142 205
142 263
143 156
143 201
143 202
143 196
143 238
144 214
144 255
144 235
144 307
144 309
145 201
145 156
145 181
145 202
145 196
145 238
146 279
146 256
146 260
146 287
146 166
146 155
146 292
147 175
147 288
147 176
147 282
147 195
147 290
147 197
147 328
147 170
147 237
147 283
148 275
148 315
148 300
148 264
148 206
148 312
148 314
149 315
149 300
149 264
149 206
149 312
149 314
150 323
150 322
150 308
150 281
150 330
150 207
150 259
150 295
150 280
151 319
151 316
151 286
151 299
152 161
152 186
152 320
152 162
152 185
152 178
153 247
153 221
154 222
154 326
154 298
154 305
154 313
154 252
155 292
155 256
155 223
155 260
155 166
155 270
155 287
156 181
157 247
157 221
158 180
158 245
159 313
159 252
159 305
159 326
159 298
159 222
160 261
160 231
160 272
160 208
161 186
161 320
161 185
161 234
161 178
161 274
162 185
162 320
162 186
162 234
162 178
162 274
163 261
163 231
163 272
164 172
164 229
164 226
164 262
165 240
165 187
165 183
165 171
165 293
165 227
165 228
165 242
165 211
166 256
166 287
166 223
166 279
166 292
167 297
167 263
168 179
168 296
168 303
168 306
168 277
168 317
169 218
169 220
169 318
169 301
169 190
170 224
170 290
170 266
170 237
170 328
170 283
170 197
170 288
170 195
170 175
170 176
170 282
171 293
171 240
171 183
171 187
171 227
171 228
171 242
172 229
172 226
172 262
173 265
173 291
173 199
173 192
173 304
174 327
174 236
174 241
174 249
175 288
175 282
175 195
175 224
175 290
175 197
175 328
175 266
175 237
175 283
176 282
176 195
176 288
176 224
176 290
176 197
176 328
176 266
176 237
176 283
177 199
177 291
177 265
177 192
177 304
178 234
178 274
178 320
178 185
178 186
179 213
179 250
179 296
179 303
179 306
179 277
179 317
180 245
180 203
180 243
181 201
181 202
181 196
181 238
182 200
182 217
182 278
182 321
182 258
182 324
183 240
183 293
183 242
183 211
184 324
184 321
184 258
184 200
184 278
184 217
185 320
185 234
185 274
186 320
186 234
186 274
187 240
187 293
187 242
187 211
188 206
188 314
188 300
188 315
189 299
189 316
189 286
189 319
190 301
190 318
190 220
190 218
191 289
191 254
191 246
191 248
191 285
191 239
191 253
192 304
192 291
192 199
192 265
193 310
193 267
194 329
194 225
194 294
194 219
194 302
194 215
194 251
195 282
195 288
195 224
195 290
195 328
195 266
195 283
196 202
197 328
197 224
197 290
197 266
197 288
198 310
198 273
198 233
198 267
198 311
199 291
199 265
199 304
200 217
200 258
204 261
204 231
204 272
205 297
205 212
205 263
206 312
206 314
206 264
206 300
206 269
206 275
206 315
207 281
207 322
207 323
207 268
207 280
208 261
208 272
208 231
209 297
209 263
210 257
210 325
210 271
210 216
211 228
211 242
211 227
211 293
211 240
212 297
212 263
213 303
213 306
213 277
213 317
214 235
214 307
214 309
215 251
215 225
215 329
216 325
216 271
217 278
217 321
217 324
218 318
219 294
219 251
219 225
219 329
220 318
221 276
221 247
222 326
222 298
222 313
222 252
223 287
223 256
223 270
223 279
223 292
224 290
224 237
224 328
224 283
224 288
224 282
225 329
225 294
225 302
225 251
226 262
227 242
227 293
227 240
228 242
228 293
228 240
229 262
230 299
230 286
230 319
231 244
231 261
232 286
232 299
233 267
234 320
235 307
235 309
235 255
236 327
236 249
237 266
237 290
237 328
237 283
237 288
239 253
239 289
239 246
239 248
239 254
240 293
241 249
242 293
244 261
244 272
246 248
246 289
246 254
246 253
247 276
248 285
248 253
250 303
250 306
250 277
250 317
251 294
251 302
251 329
252 313
252 305
252 326
252 298
253 289
253 285
254 285
255 307
255 309
256 287
256 270
256 279
257 325
257 271
258 321
258 324
258 278
259 280
259 268
259 322
259 323
259 281
260 287
260 279
260 292
261 272
264 275
264 315
265 291
266 290
266 328
266 283
266 288
266 282
268 295
268 280
268 322
268 323
268 330
268 281
270 279
270 287
270 292
271 325
274 320
277 296
277 306
277 303
279 287
279 292
280 295
280 330
280 308
281 330
281 308
281 295
285 289
286 316
286 319
286 299
291 304
295 322
295 323
295 308
296 317
298 326
299 319
302 329
305 326
308 322
308 323
313 326
