heur017_n_300_m_15641
1 200
1 201
1 138
1 202
1 171
1 110
1 176
1 180
1 120
2 200
2 201
2 138
2 202
2 171
2 110
2 176
2 180
2 120
3 258
3 261
3 262
3 23
3 232
4 256
5 210
5 204
5 215
5 175
5 183
5 189
6 256
6 257
6 251
7 258
7 261
7 262
7 232
7 222
8 273
8 275
8 268
8 164
8 157
8 253
8 155
8 125
8 127
9 256
9 257
9 251
10 258
10 261
10 262
10 232
10 229
10 222
11 210
11 204
12 231
12 230
12 246
12 273
12 275
12 268
12 164
12 157
12 253
12 155
12 125
12 127
13 231
13 246
13 273
13 275
13 268
13 164
13 157
13 253
13 155
13 125
13 127
14 201
14 138
14 202
14 110
14 180
14 120
15 136
15 123
15 140
15 82
15 70
15 71
15 66
15 69
15 242
15 244
15 249
15 61
16 136
16 123
16 140
16 82
16 71
16 66
16 69
16 61
17 136
17 123
17 140
17 82
17 71
17 66
17 69
17 61
18 112
18 113
18 111
18 224
18 226
18 172
18 173
19 112
19 111
19 224
19 226
19 227
19 172
19 173
19 174
20 88
20 89
20 94
20 62
21 89
21 94
22 88
22 89
22 94
23 258
23 261
23 262
23 232
23 229
23 222
24 258
24 261
24 262
24 232
24 222
25 112
25 111
25 224
25 226
25 172
25 173
25 174
26 89
26 29
26 94
27 64
27 65
27 160
27 67
27 141
27 145
27 146
27 147
27 151
28 88
28 89
28 94
28 62
29 88
29 89
29 94
29 62
30 223
30 265
30 266
30 267
30 211
30 216
31 90
31 84
31 87
31 63
32 50
32 264
32 260
32 263
32 166
32 270
32 272
32 278
32 159
33 258
33 261
33 262
33 232
34 88
34 89
34 94
35 263
35 166
35 169
35 270
35 272
35 159
36 177
36 160
36 141
36 145
36 146
36 147
37 90
37 84
37 87
37 63
38 264
38 260
38 263
38 166
38 169
38 270
38 272
38 278
38 159
39 233
39 228
39 223
39 265
39 266
39 203
39 267
39 211
40 228
40 223
40 265
40 266
40 267
40 211
40 216
41 73
41 74
41 79
41 240
41 241
41 248
41 236
41 245
42 90
42 87
42 63
43 73
43 74
43 79
43 240
43 248
43 245
44 73
44 74
44 79
44 241
44 248
44 236
44 245
45 192
45 193
45 198
45 105
45 106
45 108
45 128
45 161
45 133
45 167
45 122
45 156
46 192
46 198
46 105
46 106
46 108
46 128
46 133
46 122
46 156
47 89
47 94
48 192
48 193
48 105
48 106
48 108
48 128
48 133
48 167
48 122
48 156
49 84
49 87
49 90
49 63
50 264
50 260
50 263
50 169
50 272
50 278
50 159
51 87
51 90
51 63
52 260
52 263
52 166
52 169
52 270
52 272
52 278
52 159
53 84
53 87
53 90
53 63
54 263
54 166
54 169
54 270
54 272
54 278
54 159
55 183
55 189
55 175
55 204
55 210
55 215
56 189
56 175
56 204
56 210
57 204
57 210
57 215
58 84
58 87
58 90
58 63
59 87
59 90
59 63
60 84
60 87
60 90
60 63
61 249
61 242
61 244
61 136
61 140
62 94
64 146
64 145
64 177
64 185
65 146
65 141
65 151
65 160
65 145
65 147
65 177
65 185
66 249
66 242
66 71
66 140
67 146
67 141
67 151
67 160
67 145
67 147
67 177
67 185
68 177
68 160
68 141
68 145
68 146
68 147
68 151
69 249
69 242
69 244
69 140
70 140
71 136
71 140
71 242
71 244
71 249
72 288
72 289
72 296
72 297
72 282
72 280
72 220
73 248
73 236
74 240
74 237
74 245
75 288
75 289
75 296
75 297
75 282
75 213
75 280
75 220
76 288
76 289
76 296
76 297
76 282
76 213
76 280
76 218
76 220
77 188
77 186
77 187
78 194
78 195
78 196
78 252
78 247
78 294
78 295
78 135
78 299
79 240
79 241
79 248
79 237
79 236
79 245
80 194
80 196
80 250
80 252
80 294
80 295
80 135
80 299
81 186
82 136
82 140
82 242
82 244
82 249
83 186
83 187
85 194
85 195
85 196
85 250
85 252
85 294
85 295
85 299
86 152
86 170
86 163
86 290
86 291
86 298
91 152
91 170
91 163
91 291
91 298
92 152
92 163
92 290
92 291
92 298
93 283
93 284
93 286
93 197
93 206
93 199
93 165
93 158
95 186
95 187
95 188
96 225
96 243
96 239
96 234
96 235
96 238
96 277
96 276
96 269
97 187
98 225
98 243
98 234
98 235
98 238
98 277
98 276
98 269
99 283
99 284
99 286
99 162
99 165
99 158
100 137
100 139
100 153
100 148
100 259
100 254
100 255
101 225
101 239
101 234
101 235
101 238
101 269
102 137
102 139
102 153
102 154
102 148
102 259
102 254
102 255
103 139
103 153
103 154
103 259
103 107
103 254
103 255
104 283
104 284
104 286
104 197
104 206
104 199
104 165
105 198
105 167
105 156
106 192
106 193
106 198
106 161
106 167
106 122
106 156
107 259
107 254
107 255
107 137
108 192
108 193
108 198
108 161
108 167
108 156
109 186
111 224
111 226
111 227
111 173
111 174
112 226
112 227
112 172
112 173
112 174
113 224
113 226
113 227
113 173
113 174
114 152
114 170
114 163
114 291
114 298
115 259
115 254
115 255
115 137
115 148
115 153
116 152
116 170
116 163
116 290
116 291
116 298
117 259
117 254
117 255
117 153
118 152
118 163
118 290
118 291
118 298
119 186
119 188
120 201
120 180
121 186
121 188
122 161
122 156
122 167
122 192
122 193
122 198
123 242
123 244
124 186
124 187
124 188
125 155
125 164
125 157
125 230
125 231
125 275
126 188
126 186
126 187
127 155
127 157
127 230
127 268
127 273
127 275
127 246
128 161
128 156
128 167
128 192
128 193
128 198
129 153
129 154
129 148
129 259
129 254
129 255
130 188
130 186
130 187
131 299
131 294
131 295
131 194
131 195
131 196
131 247
132 188
132 186
132 187
133 161
133 156
133 167
133 198
134 294
134 295
134 194
134 195
134 196
134 247
134 250
134 252
135 195
135 196
135 247
135 250
135 252
137 259
137 254
137 255
138 201
138 176
139 259
139 254
139 255
140 242
140 244
140 249
141 177
141 178
141 185
142 209
142 179
142 212
142 182
142 219
142 191
142 293
142 300
142 205
142 207
142 271
142 274
142 217
142 287
143 179
143 219
143 191
143 292
143 293
143 300
143 205
143 207
143 271
143 274
143 217
143 287
144 208
144 221
144 181
144 214
144 279
144 184
144 281
144 190
145 177
145 178
146 177
146 178
146 185
147 177
147 178
147 185
148 254
149 208
149 221
149 181
149 214
149 279
149 184
149 281
150 208
150 221
150 181
150 214
150 279
150 184
151 178
151 185
152 290
152 291
152 298
153 254
153 255
155 253
155 230
155 231
155 268
155 273
155 246
156 192
156 193
157 253
157 231
157 273
157 246
158 197
158 199
158 206
158 283
158 284
158 286
160 178
160 185
161 192
161 193
162 197
162 199
162 206
163 291
163 298
164 253
164 230
164 231
164 268
164 273
164 275
164 246
165 197
165 199
165 206
165 286
166 272
166 278
168 292
168 293
168 300
168 271
168 274
168 287
169 272
169 270
169 278
169 260
169 263
169 264
170 291
170 298
179 292
179 293
179 300
179 271
179 274
181 281
181 285
181 279
182 292
182 293
182 300
182 271
182 274
184 281
184 285
184 279
190 281
190 285
190 279
191 292
191 293
191 300
191 271
191 274
194 250
194 252
194 294
194 295
194 299
195 250
195 295
195 299
196 250
196 294
196 295
196 299
197 283
197 284
197 286
199 283
199 284
199 286
203 265
203 266
203 267
205 292
205 293
205 300
205 274
205 271
206 283
206 284
206 286
207 292
207 293
207 300
207 274
207 271
208 279
208 281
208 285
209 292
209 293
209 300
209 271
209 274
211 265
211 266
212 292
212 293
212 300
212 271
212 274
213 296
213 289
213 297
213 280
213 288
213 282
214 279
214 281
214 285
216 265
216 266
216 267
217 292
217 293
217 300
217 274
217 271
218 296
218 289
218 297
218 280
218 288
218 282
219 292
219 293
219 300
219 271
219 274
220 296
220 289
220 297
220 280
220 288
220 282
221 279
221 281
221 285
222 258
222 261
222 262
223 265
225 277
225 269
229 258
229 261
229 262
230 273
230 275
230 268
230 253
231 275
231 268
231 253
232 258
232 261
232 262
233 265
233 266
233 267
234 276
234 269
235 277
235 276
235 269
238 277
238 276
238 269
239 277
239 276
239 269
243 277
243 276
243 269
246 275
246 268
246 253
247 295
247 299
250 295
282 296
288 296
