heur007_n_200_m_6731
1 107
1 73
1 148
1 149
1 59
2 182
2 155
2 189
2 161
2 133
2 135
2 137
2 77
2 55
2 158
2 159
3 195
3 182
3 155
3 189
3 161
3 67
3 133
3 135
3 137
3 158
3 159
4 43
4 140
4 47
4 51
4 37
4 31
5 34
5 39
5 112
5 116
5 183
5 101
5 110
5 92
5 126
6 43
6 140
6 47
6 37
7 172
7 123
7 42
8 34
8 39
8 112
8 116
8 183
8 63
8 101
8 110
8 91
8 92
8 126
9 182
9 155
9 161
9 67
9 133
9 135
9 137
9 158
9 159
13 172
13 123
13 42
14 96
14 97
14 98
14 102
14 167
14 84
14 186
15 32
15 43
15 140
15 47
15 37
15 31
16 172
16 123
16 127
16 48
16 42
17 52
17 87
17 89
17 61
17 56
18 99
18 52
18 87
18 61
18 56
19 39
19 112
19 116
19 183
19 63
19 110
19 92
19 126
20 43
20 140
20 47
20 37
21 40
21 118
21 184
21 36
21 45
22 87
23 43
23 140
23 47
23 37
23 31
24 35
24 40
24 41
24 118
24 119
24 184
24 36
24 45
24 46
25 35
25 40
25 41
25 118
25 119
25 36
25 45
25 46
26 192
26 193
26 187
26 179
26 188
26 190
27 96
27 97
27 102
27 84
27 186
28 192
28 193
28 177
28 185
28 188
28 190
29 128
29 100
29 106
29 139
29 111
29 143
29 93
29 94
29 90
29 83
29 85
30 192
30 187
30 177
30 179
30 175
30 188
30 190
31 43
31 140
31 47
32 140
32 51
32 37
33 162
33 163
33 194
33 153
33 154
33 157
34 116
34 91
34 92
34 126
35 118
35 119
36 119
37 140
38 163
38 194
38 153
39 116
39 91
39 92
39 126
40 118
41 184
41 119
42 132
42 172
42 174
42 180
42 123
42 127
43 51
44 162
44 163
44 194
44 153
44 154
44 157
45 119
46 118
46 119
46 184
47 51
48 172
48 174
48 123
48 127
49 96
49 97
49 98
49 102
49 167
49 84
49 88
49 186
50 99
50 87
50 89
51 140
52 99
53 132
53 172
53 174
53 123
54 66
54 69
54 74
54 75
54 78
54 79
55 161
55 133
55 135
55 137
55 158
55 159
55 195
55 166
55 182
55 155
55 189
55 191
56 99
56 87
56 89
57 69
57 74
57 75
57 78
57 79
58 89
58 99
58 87
59 152
59 148
59 149
59 73
59 82
59 70
59 107
59 117
60 152
60 148
60 149
60 73
60 82
60 70
60 107
60 117
60 121
61 89
61 99
61 87
62 152
62 148
62 149
62 73
62 82
62 70
62 107
62 117
62 121
63 112
63 116
63 183
63 126
64 142
64 151
64 124
65 142
65 145
65 151
65 124
65 125
67 161
67 133
67 135
67 137
67 158
67 159
67 195
67 166
67 182
67 155
67 189
67 191
70 148
70 149
70 117
70 121
71 147
71 141
71 113
71 114
72 147
72 164
72 165
72 168
72 141
72 113
73 148
73 149
73 152
73 117
73 121
77 161
77 133
77 135
77 137
77 158
77 159
77 195
77 166
77 182
77 155
77 189
77 191
80 144
80 150
81 144
81 150
81 176
81 200
82 148
82 149
82 152
82 117
82 121
83 128
83 139
83 143
84 186
84 167
84 96
85 128
85 106
85 139
85 108
85 111
85 143
86 144
86 156
86 150
86 200
88 167
88 186
90 128
90 100
90 106
90 139
90 108
90 111
90 143
91 112
91 116
91 183
92 109
92 110
92 112
92 116
93 128
93 139
93 111
93 143
94 128
94 139
94 111
94 143
95 130
95 142
95 145
95 124
95 125
96 167
96 186
97 186
97 173
97 167
98 167
98 173
98 186
100 128
100 139
100 143
101 126
101 116
102 167
103 136
103 138
103 129
103 131
103 134
103 171
103 115
103 120
104 146
104 138
104 131
104 134
104 171
104 115
104 120
105 146
105 138
105 171
105 115
105 120
106 128
106 139
106 143
107 148
107 149
108 128
108 139
108 143
109 126
109 116
110 126
110 116
110 183
111 128
111 143
112 126
113 168
113 169
113 170
113 164
113 165
113 147
113 122
114 168
114 169
114 164
114 165
115 129
115 131
115 134
115 136
115 138
115 146
116 126
117 148
120 129
120 131
120 134
120 136
120 138
120 146
121 148
121 149
121 152
122 147
122 164
122 165
122 168
122 169
122 170
122 141
123 172
123 174
123 180
124 145
124 151
125 142
126 183
127 172
127 174
127 180
129 171
129 146
130 145
130 142
130 151
131 171
132 172
132 174
133 161
133 158
133 159
133 195
133 166
133 182
133 155
133 189
133 191
134 171
134 146
135 161
135 158
135 159
135 195
135 166
135 182
135 155
135 189
135 191
136 171
137 161
137 158
137 159
137 195
137 166
137 182
137 155
137 189
137 191
138 171
141 169
141 170
141 164
141 165
144 176
144 178
144 181
144 200
144 197
146 171
147 169
147 170
150 176
150 178
150 181
150 200
150 197
150 199
153 194
153 196
153 198
153 160
154 194
154 196
154 198
155 195
155 189
155 191
156 176
156 178
156 181
156 200
156 197
156 199
157 194
157 196
157 198
158 195
158 166
158 182
158 191
159 195
159 166
159 182
159 189
159 191
160 194
160 196
160 198
161 195
161 166
161 182
161 189
161 191
162 194
162 196
162 198
163 194
163 196
163 198
166 195
166 189
166 191
175 192
175 193
175 187
175 185
175 188
175 190
177 192
177 193
177 185
177 188
177 190
179 192
179 193
179 185
179 188
179 190
181 200
181 197
181 199
190 192
