heur039_n_361_m_13593
1 176
1 337
1 306
1 275
1 315
2 105
2 99
2 111
2 3
2 134
2 19
2 121
2 122
2 31
2 194
2 263
2 202
2 267
2 300
2 301
2 282
2 220
2 255
3 121
3 122
3 134
3 105
3 99
3 111
3 194
3 263
3 202
3 267
3 300
3 301
3 282
3 220
3 255
4 258
4 125
4 154
4 93
4 103
4 204
4 141
4 219
4 208
4 114
4 91
5 218
5 109
5 241
5 245
5 117
5 182
5 56
5 25
5 118
5 252
6 132
6 110
6 119
6 196
6 294
6 169
6 304
6 338
6 244
6 348
6 345
6 347
6 188
7 81
7 45
7 54
7 51
7 192
7 261
7 168
7 174
7 238
7 279
8 313
8 316
8 334
8 59
8 160
8 33
8 162
8 161
8 130
8 200
8 107
8 268
8 153
8 346
9 69
9 39
9 74
9 106
9 82
9 58
9 14
9 49
9 86
9 88
9 90
9 27
10 243
10 352
10 341
11 34
11 129
11 225
11 163
11 197
11 207
11 177
11 149
11 185
11 319
12 213
12 215
12 222
12 73
12 23
13 227
13 357
13 233
13 335
13 340
13 342
13 358
13 264
13 333
13 344
14 39
14 74
14 139
14 106
14 50
15 42
15 146
15 55
15 40
15 331
15 71
15 144
15 38
15 175
16 176
16 65
16 337
16 306
16 275
16 249
16 315
17 269
17 213
17 278
17 215
17 349
17 222
17 73
17 23
18 223
18 229
18 137
18 237
18 271
18 240
18 273
18 148
18 150
18 95
19 121
19 122
19 134
19 105
19 99
19 111
19 194
19 263
19 202
19 267
19 300
19 301
19 282
19 220
19 255
20 24
20 100
20 47
20 209
20 203
20 214
20 72
20 44
20 46
20 21
20 53
20 28
21 72
21 44
21 53
21 100
21 47
21 24
22 213
22 278
22 215
22 349
22 222
22 73
22 23
23 269
23 213
23 278
23 215
23 349
23 222
24 209
24 203
24 214
24 72
24 44
24 46
24 53
24 28
25 182
25 109
25 330
26 171
26 181
26 195
26 332
26 356
26 295
26 283
26 92
27 39
27 74
27 139
27 106
27 50
28 72
28 44
28 53
28 100
28 47
28 214
29 332
29 356
29 295
29 283
30 234
30 124
30 317
30 199
30 256
30 322
30 292
30 266
30 299
30 303
30 115
30 276
30 318
30 287
31 121
31 122
31 134
31 105
31 99
31 111
31 194
31 263
31 202
31 267
31 300
31 301
31 282
31 220
31 255
32 42
32 146
32 55
32 40
32 331
32 71
32 144
32 38
32 175
33 160
33 162
33 200
33 346
33 268
33 153
33 130
33 107
33 35
33 334
33 183
33 313
33 59
33 316
34 37
34 129
34 225
34 163
34 197
34 207
34 177
34 149
34 185
34 319
35 313
35 316
35 334
35 59
35 160
35 162
35 161
35 130
35 200
35 107
35 268
35 153
35 346
36 42
36 146
36 55
36 40
36 331
36 71
36 144
36 38
36 175
37 129
37 225
37 163
37 197
37 207
37 177
37 149
37 185
37 319
38 71
38 40
38 42
38 331
38 146
38 55
39 58
39 82
39 69
39 50
39 139
39 49
39 86
39 88
39 90
40 71
40 42
40 146
40 55
40 144
40 175
41 199
41 234
41 116
41 124
41 317
41 256
41 322
41 292
41 266
41 299
41 303
41 115
41 276
41 318
41 287
42 331
42 71
42 144
42 175
43 243
43 128
43 352
43 351
43 359
43 341
43 123
44 46
44 100
44 203
44 47
44 209
44 214
45 284
45 286
45 51
45 192
45 261
45 168
45 174
45 238
45 279
46 72
46 53
46 100
46 47
46 214
47 209
47 203
47 214
47 72
47 53
48 199
48 234
48 124
48 317
48 256
48 322
48 292
48 266
48 299
48 303
48 115
48 276
48 318
48 287
49 86
49 69
49 74
49 139
49 106
49 50
49 82
50 69
50 74
50 106
50 82
50 58
50 86
50 88
50 90
51 81
51 54
51 284
51 286
51 192
51 261
51 168
51 174
51 238
51 279
52 332
52 356
52 295
52 283
53 100
53 203
53 209
53 214
54 284
54 286
54 192
54 261
54 168
54 174
54 238
54 279
55 331
55 71
55 144
55 175
56 182
56 330
57 133
57 328
57 329
57 138
57 205
57 343
57 296
57 113
57 179
58 74
58 106
58 139
59 334
59 183
59 313
59 316
59 160
59 162
59 161
59 130
59 200
59 107
59 268
59 153
59 346
60 354
60 164
60 260
60 166
60 230
60 159
60 257
60 68
60 326
60 262
60 186
60 285
61 210
61 211
61 228
62 239
62 242
62 277
62 191
62 361
62 298
62 355
63 321
63 290
63 310
63 259
63 135
63 172
63 184
63 155
63 221
64 272
64 265
64 131
64 353
64 289
64 101
64 297
64 305
64 307
64 248
64 314
64 94
65 337
65 306
67 227
67 357
67 233
67 335
67 340
67 342
67 358
67 264
67 333
67 344
68 257
68 285
68 262
68 164
68 166
68 84
68 159
69 74
69 106
69 139
69 86
70 283
70 356
70 295
71 331
71 146
71 144
71 175
72 100
72 203
72 209
72 214
73 269
73 213
73 278
73 215
73 349
73 222
74 82
74 139
74 86
74 88
74 90
75 323
75 311
75 152
76 321
76 290
76 310
76 259
76 135
76 172
76 184
76 155
76 221
77 210
77 211
77 228
77 247
78 283
78 356
78 295
79 337
80 234
80 124
80 317
80 199
80 256
80 322
80 292
80 266
80 299
80 303
80 115
80 276
80 318
80 287
81 284
81 286
81 192
81 261
81 168
81 174
81 238
81 279
82 106
82 139
83 239
83 242
83 277
83 191
83 361
83 298
83 355
84 354
84 164
84 260
84 166
84 230
84 159
84 257
84 326
84 262
84 186
84 285
85 321
85 290
85 310
85 259
85 135
85 172
85 184
85 155
85 221
86 139
86 106
88 139
88 106
89 223
89 229
89 137
89 237
89 271
89 240
89 273
89 148
89 150
89 95
90 139
90 106
91 141
91 224
91 320
91 258
91 125
92 283
92 356
92 295
92 332
92 336
93 224
93 258
93 320
93 141
93 114
94 307
94 314
94 131
94 265
94 272
94 312
94 216
95 240
95 237
95 223
95 137
95 148
95 229
95 150
96 227
96 357
96 233
96 335
96 340
96 342
96 358
96 264
96 333
96 344
96 189
97 232
97 239
97 277
97 246
97 191
97 361
97 298
97 355
98 199
98 234
98 116
98 124
98 317
98 256
98 322
98 292
98 266
98 299
98 303
98 115
98 276
98 318
98 287
99 194
99 202
99 300
100 209
100 203
100 214
101 307
101 131
101 265
101 272
101 312
101 216
102 193
102 190
102 167
102 327
102 136
102 140
102 142
102 112
102 178
102 274
102 251
102 253
103 208
103 141
103 224
103 320
103 258
103 154
103 125
104 157
104 173
104 323
104 147
104 308
104 311
104 152
104 156
105 122
105 263
105 202
106 139
107 160
107 162
107 161
107 200
107 268
107 346
107 334
107 183
107 313
107 316
108 341
109 182
109 241
109 218
109 330
110 196
110 244
110 345
110 347
110 188
111 202
111 300
111 301
111 282
112 327
112 274
112 251
112 253
112 193
112 325
112 167
112 145
112 190
113 226
113 217
113 133
113 328
113 329
113 138
113 205
113 343
114 204
114 141
114 224
114 320
114 258
114 154
114 125
115 256
115 292
115 266
115 299
115 303
115 276
115 322
115 318
115 287
115 199
115 234
115 116
115 124
115 317
116 234
116 124
116 317
116 199
116 256
116 322
116 292
116 266
116 299
116 303
116 276
116 318
116 287
117 182
117 218
117 330
118 182
118 241
118 218
118 330
119 196
119 169
119 304
119 338
119 244
119 345
119 347
119 188
121 194
121 263
121 202
121 300
121 301
121 282
122 194
122 202
122 300
122 282
122 255
123 352
123 359
123 351
123 128
123 127
123 243
123 254
124 199
124 256
124 322
124 292
124 266
124 299
124 303
124 276
124 318
124 287
125 224
125 258
125 320
125 204
125 141
125 219
125 208
126 129
126 225
126 163
126 197
126 207
126 177
126 149
126 185
126 319
127 341
128 352
128 341
129 225
129 197
129 207
129 177
129 185
129 319
129 350
129 143
130 160
130 162
130 161
130 200
130 268
130 346
130 334
130 183
130 313
130 316
131 312
131 216
131 353
131 289
131 297
131 305
131 307
131 248
131 314
132 294
132 169
132 244
132 345
132 347
132 188
133 328
133 329
133 343
133 226
133 217
133 296
133 179
134 194
134 202
134 300
134 301
135 290
136 327
136 274
136 251
136 253
136 193
136 325
136 167
136 145
136 190
137 229
137 223
137 271
137 273
138 328
138 329
138 343
138 226
138 217
138 296
138 179
140 274
140 251
140 253
140 193
140 325
140 167
140 145
140 190
141 208
141 219
141 204
141 224
141 320
141 258
141 154
142 327
142 274
142 251
142 253
142 193
142 325
142 167
142 145
142 190
143 225
143 163
143 197
143 207
143 177
143 149
143 185
143 319
144 331
144 146
145 193
145 190
145 167
145 327
145 178
145 274
145 251
145 253
146 331
146 175
147 311
148 229
148 223
148 237
148 271
148 240
148 273
149 225
149 197
149 207
149 177
149 185
149 319
149 350
150 229
150 237
150 271
150 240
150 273
152 323
152 308
153 160
153 162
153 161
153 200
153 268
153 346
153 334
153 183
153 313
153 316
154 224
154 258
154 320
154 204
154 219
154 208
155 172
156 311
158 211
159 354
159 260
159 230
159 326
159 186
160 161
160 200
160 346
160 268
160 334
160 183
160 313
160 316
161 162
161 200
161 346
161 268
161 334
161 183
161 313
161 316
162 200
162 346
162 268
162 334
162 183
162 313
162 316
163 225
163 197
163 207
163 177
163 185
163 319
163 350
164 354
164 260
164 230
164 326
164 186
166 354
166 260
166 230
166 326
166 186
167 325
167 327
167 178
168 261
168 174
168 238
168 284
168 286
169 244
170 211
170 228
171 332
171 356
171 295
171 283
172 259
172 184
172 321
172 290
172 310
174 192
174 279
174 284
174 286
175 331
176 337
176 306
176 249
176 315
177 185
177 225
177 319
177 350
178 274
178 251
178 253
178 193
178 325
178 190
179 226
179 217
179 328
179 329
179 205
179 343
180 280
180 360
180 302
181 336
181 332
181 356
181 295
181 283
182 241
182 245
182 218
182 252
182 330
183 313
183 316
183 334
183 200
183 268
183 346
184 221
185 197
185 207
185 350
186 257
186 285
186 262
186 354
186 260
186 230
187 358
187 333
187 344
187 227
187 357
187 233
187 335
187 340
187 342
188 338
188 294
188 347
188 244
189 358
189 264
189 333
189 344
189 227
189 357
189 233
189 335
189 340
189 342
190 325
190 327
191 232
191 242
191 246
191 361
191 298
191 355
192 261
192 238
192 284
192 286
193 325
193 327
193 274
193 251
194 282
194 300
194 263
195 336
195 332
195 356
195 295
195 283
196 338
196 347
196 244
197 225
197 319
197 350
198 280
198 360
198 302
199 234
199 317
199 256
199 322
199 292
199 266
199 299
199 303
199 276
199 318
199 287
201 324
201 293
201 281
201 280
201 360
201 302
202 282
202 300
202 255
202 267
202 301
202 263
204 224
204 320
204 258
205 328
205 329
205 343
205 226
205 217
205 296
206 344
206 333
206 358
206 227
206 357
206 233
206 335
206 340
206 342
207 225
207 319
207 350
208 224
208 320
208 258
210 228
211 228
213 349
213 269
213 278
215 349
215 269
215 278
216 272
216 265
216 353
216 289
216 297
216 305
216 307
216 248
216 314
217 328
217 329
217 343
217 296
218 252
218 245
218 330
219 224
219 320
219 258
221 290
222 349
222 269
222 278
223 273
223 271
223 229
225 350
226 328
226 329
226 343
226 296
227 357
227 358
227 264
227 270
227 309
229 237
229 271
229 240
229 273
230 257
230 262
230 285
231 280
231 360
231 302
232 239
232 277
232 361
232 298
232 355
233 358
233 264
233 270
233 309
234 256
234 322
234 292
234 266
234 299
234 303
234 276
234 318
234 287
235 280
235 360
235 302
237 273
237 271
238 279
238 284
238 286
239 242
239 246
239 361
239 298
239 355
240 273
240 271
241 330
242 277
242 361
242 298
242 355
243 359
243 341
244 294
244 304
244 338
244 348
244 345
244 347
245 330
246 277
246 361
246 298
246 355
248 314
248 353
248 297
248 265
248 272
248 312
249 337
251 327
251 325
252 330
253 327
253 325
254 341
255 301
255 263
256 292
256 322
256 318
256 317
257 326
257 354
257 260
260 326
260 262
260 285
261 279
261 284
261 286
262 326
262 354
263 300
263 282
264 344
264 333
264 358
264 270
264 357
264 335
264 340
264 342
265 312
265 353
265 289
265 297
265 305
265 307
265 314
266 303
266 317
267 300
270 358
270 333
270 344
270 357
270 335
270 340
270 342
272 312
272 353
272 289
272 297
272 305
272 307
272 314
274 327
274 325
275 337
276 317
277 361
277 298
277 355
279 284
279 286
280 288
280 324
280 293
280 281
281 288
281 324
281 360
281 302
282 301
283 332
283 336
283 339
285 326
285 354
287 292
287 303
287 317
288 360
288 302
289 307
289 297
289 312
292 303
292 322
292 318
292 317
293 360
293 302
294 347
295 332
295 336
295 339
296 328
296 329
296 343
297 353
297 305
297 307
297 314
297 312
299 303
299 322
299 318
299 317
300 301
302 324
303 317
304 347
305 314
305 353
305 312
306 337
306 315
307 314
307 353
307 312
309 344
309 333
309 358
309 357
309 335
309 340
309 342
312 353
312 314
313 346
317 322
317 318
319 350
324 360
325 327
326 354
332 356
333 340
334 346
335 340
336 356
338 345
338 347
339 356
340 357
340 342
340 358
340 344
341 352
341 359
341 351
342 358
344 357
357 358
