heur010_n_250_m_4507
1 96
1 97
1 98
1 99
1 100
1 95
2 96
2 97
2 98
2 99
2 100
2 95
3 238
3 239
3 240
3 247
3 248
3 250
4 96
4 97
4 98
4 99
4 100
4 95
5 96
5 97
5 98
5 99
5 100
5 95
6 238
6 239
6 240
6 247
6 248
6 250
7 238
7 239
7 240
7 247
7 248
7 250
8 238
8 239
8 240
8 247
8 248
8 250
9 96
9 97
9 98
9 99
9 100
9 95
10 224
10 210
10 214
10 215
10 216
10 218
10 77
10 36
10 39
10 40
10 50
10 51
10 61
11 96
11 97
11 98
11 99
11 100
11 95
12 238
12 239
12 240
12 247
12 248
12 250
13 238
13 239
13 240
13 247
13 248
13 250
15 22
17 25
21 25
22 25
23 25
26 131
26 118
26 125
27 131
27 118
27 119
27 120
27 123
27 125
28 120
28 125
29 128
29 132
29 136
29 126
29 127
30 128
30 132
30 136
30 126
30 127
31 131
31 118
31 119
31 120
31 123
31 125
32 128
32 132
32 136
32 127
33 128
33 130
33 132
33 136
33 126
33 127
34 128
34 132
34 136
34 126
34 127
35 128
35 132
35 136
35 126
35 127
36 224
36 77
36 210
36 214
36 215
36 216
36 218
37 131
37 118
37 119
37 120
37 125
39 224
39 77
39 210
39 214
39 215
39 216
39 218
40 224
40 77
40 210
40 214
40 215
40 216
40 218
41 123
41 118
41 119
41 120
41 125
42 131
42 123
42 118
42 119
42 120
42 125
43 119
43 125
44 131
44 123
44 118
44 119
44 120
44 125
45 194
45 195
45 196
45 199
45 200
45 202
46 194
46 195
46 196
46 199
46 200
46 202
47 194
47 195
47 196
47 199
47 200
47 202
48 194
48 195
48 196
48 199
48 200
48 202
49 194
49 195
49 196
49 199
49 200
49 202
50 224
50 77
50 210
50 214
50 215
50 216
50 218
51 224
51 77
51 210
51 214
51 215
51 216
51 218
52 167
52 168
52 169
52 171
52 173
52 175
52 226
53 194
53 195
53 196
53 199
53 200
53 202
55 129
56 144
56 146
56 147
56 149
57 129
58 144
59 144
59 146
60 231
60 235
60 241
61 224
61 77
61 210
61 214
61 215
61 216
61 218
62 144
62 147
63 144
63 146
63 147
65 144
66 112
67 101
67 112
68 101
68 112
70 101
70 112
71 145
72 133
72 135
72 138
72 141
72 145
73 135
73 145
75 112
76 201
76 203
76 204
76 207
76 208
76 212
77 224
77 210
77 214
77 215
77 216
77 218
78 201
78 203
78 204
78 207
78 208
78 212
79 201
79 203
79 204
79 207
79 208
79 212
80 201
80 203
80 204
80 207
80 208
80 212
81 201
81 203
81 204
81 207
81 208
81 212
82 201
82 203
82 204
82 207
82 208
82 212
83 205
83 206
83 209
83 211
83 213
83 217
84 205
84 206
84 209
84 211
84 213
84 217
85 205
85 206
85 209
85 211
85 213
85 217
86 205
86 206
86 209
86 211
86 213
86 217
87 205
87 206
87 209
87 211
87 213
87 217
88 205
88 206
88 209
88 211
88 213
88 217
89 114
89 117
89 182
89 121
89 122
89 124
90 114
90 117
90 182
90 121
90 122
90 124
91 114
91 117
91 182
91 121
91 122
91 124
92 114
92 117
92 182
92 121
92 122
92 124
93 114
93 117
93 182
93 121
93 122
93 124
94 114
94 117
94 182
94 121
94 122
94 124
101 129
102 176
102 177
102 228
102 229
102 232
102 233
102 236
102 245
103 176
103 177
103 228
103 229
103 233
103 236
103 245
104 176
104 177
104 228
104 229
104 232
104 233
104 236
104 245
105 176
105 177
105 228
105 229
105 233
105 236
105 245
106 176
106 177
106 228
106 229
106 233
106 236
106 245
107 176
107 177
107 228
107 229
107 232
107 233
107 236
107 245
108 237
108 242
108 243
108 244
108 246
108 249
110 237
110 242
110 243
110 244
110 246
110 249
111 237
111 243
111 244
111 246
112 129
113 237
113 242
113 243
113 244
113 246
113 249
115 237
115 242
115 243
115 244
115 246
115 249
116 237
116 242
116 243
116 244
116 246
116 249
137 167
137 168
137 169
137 171
137 173
137 175
139 167
139 168
139 169
139 171
139 173
139 175
140 167
140 168
140 169
140 171
140 173
140 175
142 167
142 168
142 169
142 171
142 173
142 175
143 167
143 168
143 169
143 171
143 173
143 175
151 192
151 197
151 188
151 189
151 190
151 191
152 192
152 197
152 188
152 189
152 190
152 191
153 192
153 197
153 188
153 189
153 190
153 191
154 225
154 219
154 220
154 221
154 222
154 223
154 193
154 198
154 179
154 180
154 181
154 187
155 192
155 197
155 188
155 189
155 190
155 191
160 192
160 197
160 188
160 189
160 190
160 191
161 192
161 197
161 188
161 189
161 190
161 191
167 226
168 226
169 226
171 226
173 226
175 226
176 228
176 229
176 233
176 236
176 245
177 228
177 229
177 232
177 233
177 236
177 245
178 227
178 230
178 231
178 234
178 235
178 241
179 225
179 219
179 220
179 221
179 222
179 223
180 219
180 220
180 221
180 223
181 225
181 219
181 220
181 221
181 222
181 223
183 227
183 230
183 231
183 234
183 235
183 241
184 227
184 230
184 231
184 234
184 235
184 241
185 227
185 230
185 234
185 235
185 241
186 227
186 230
186 231
186 234
186 235
186 241
187 225
187 219
187 220
187 221
187 222
187 223
193 225
193 219
193 220
193 221
193 222
193 223
198 225
198 219
198 220
198 221
198 222
198 223
