heur011_n_250_m_6574
1 79
1 37
1 94
1 61
1 193
1 99
1 52
1 155
2 122
2 125
2 199
2 66
2 111
2 115
2 88
2 89
2 92
2 95
3 250
3 93
3 121
3 50
3 229
3 29
3 33
3 185
3 159
4 107
4 101
4 41
4 69
4 28
4 86
4 35
5 89
5 92
5 115
5 111
5 88
5 95
5 66
5 122
5 125
6 180
6 173
6 194
6 161
6 116
6 191
6 166
7 109
7 42
7 40
7 76
7 83
7 57
7 58
7 67
7 197
7 59
7 106
7 114
7 91
7 158
8 30
8 105
8 206
8 218
8 175
8 22
8 217
8 26
9 80
9 169
9 32
9 68
9 118
9 186
10 65
10 44
10 152
11 91
11 158
11 226
11 67
11 197
11 106
11 114
11 247
11 59
11 40
11 42
11 76
11 109
11 83
11 57
11 58
12 103
12 48
12 100
12 39
12 157
13 49
13 64
13 97
13 195
13 90
13 189
13 236
13 77
13 46
14 68
14 32
14 118
14 186
14 80
14 169
15 32
15 68
15 118
15 186
15 80
15 169
16 187
16 175
16 26
16 218
16 105
16 30
17 43
17 113
17 85
17 120
17 153
17 31
17 102
17 72
17 104
17 170
17 204
17 151
17 188
18 113
18 85
18 120
18 153
18 31
18 43
18 102
18 72
18 104
18 170
18 151
18 188
19 165
19 164
19 60
19 181
19 167
19 171
19 172
19 47
19 54
20 65
20 44
20 238
20 242
20 152
20 202
20 239
21 74
21 38
21 177
21 98
21 108
21 176
21 51
22 218
22 26
22 211
22 187
22 175
22 105
22 206
22 30
23 123
23 182
23 160
23 198
23 168
23 75
23 178
23 183
23 156
24 98
24 176
24 51
24 108
24 38
24 74
24 177
25 171
25 172
25 47
25 54
25 167
25 164
25 165
25 181
25 60
26 211
26 218
26 217
26 187
26 175
26 105
26 206
26 30
27 71
27 174
27 192
27 208
27 62
27 230
27 112
27 225
27 124
27 119
28 146
28 86
28 69
28 101
28 41
28 107
28 220
28 81
28 133
29 229
29 145
29 215
29 121
29 250
29 93
29 129
29 185
29 159
30 105
30 206
30 218
30 175
30 211
30 217
30 187
31 233
31 113
31 85
31 120
31 153
31 102
31 72
31 104
31 170
31 203
31 204
31 243
31 151
31 188
31 127
32 186
32 245
32 234
32 118
32 68
32 80
32 169
33 185
33 159
33 129
33 229
33 145
33 215
33 121
33 250
34 184
34 163
34 84
34 150
34 117
34 249
34 132
34 96
34 246
34 110
34 214
34 143
35 133
35 69
35 101
35 107
35 81
35 146
35 86
35 220
36 179
36 148
36 82
36 205
36 63
36 154
36 78
36 73
36 134
36 55
37 79
37 209
37 94
37 61
37 193
37 99
37 235
37 141
37 147
37 52
37 155
37 222
37 223
38 137
38 142
38 207
38 74
38 240
38 177
38 232
38 98
38 228
38 108
38 144
38 176
38 51
39 100
39 227
39 103
39 213
39 221
39 130
39 136
39 140
39 87
39 157
40 76
40 57
40 58
40 83
40 42
40 109
40 226
40 67
40 197
40 59
40 106
40 114
40 247
40 91
40 158
41 69
41 107
41 101
41 220
41 146
41 86
41 81
41 133
42 109
42 76
42 83
42 57
42 58
42 226
42 67
42 197
42 59
42 106
42 114
42 247
42 91
42 158
43 233
43 113
43 85
43 120
43 153
43 102
43 72
43 104
43 170
43 203
43 204
43 243
43 151
43 188
43 127
44 152
44 242
44 238
44 65
44 219
44 202
44 139
44 239
45 214
45 110
45 143
45 96
45 163
45 132
45 117
45 150
45 246
45 184
45 249
46 236
46 131
46 77
46 64
46 97
46 195
46 231
46 149
46 90
46 189
46 126
47 172
47 171
47 54
47 167
47 164
47 165
47 181
47 60
48 213
48 221
48 103
48 227
48 100
48 130
48 136
48 140
48 87
48 157
49 149
49 64
49 97
49 195
49 231
49 90
49 189
49 126
49 131
49 236
49 77
50 229
50 145
50 215
50 121
50 250
50 93
50 129
50 185
50 159
51 176
51 108
51 98
51 228
51 144
51 232
51 137
51 142
51 207
51 240
51 177
52 235
52 99
52 141
52 193
52 155
52 222
52 223
52 147
52 79
52 209
52 94
53 244
53 216
53 196
53 248
53 162
53 200
53 237
53 212
53 190
54 171
54 172
54 167
54 164
54 165
54 181
55 134
55 205
55 78
55 82
55 179
55 148
55 154
56 244
56 216
56 196
56 248
56 162
56 200
56 237
56 212
56 190
57 83
57 76
57 226
57 197
57 247
57 91
57 158
58 83
58 76
58 226
58 197
58 106
58 247
58 91
59 247
59 226
59 106
59 197
59 91
59 76
59 83
60 164
60 165
60 181
60 167
60 171
60 172
61 79
61 209
61 94
61 193
61 99
61 235
61 141
61 147
61 155
61 222
61 223
62 230
62 208
62 174
62 112
62 225
62 124
62 119
63 205
63 82
63 148
63 179
63 154
63 78
63 134
64 231
64 90
64 97
64 195
64 189
64 126
64 149
64 131
64 236
64 77
65 152
65 242
65 238
65 219
65 202
65 139
65 239
66 125
66 122
66 199
66 111
66 210
66 115
66 88
66 89
66 92
66 95
67 106
67 197
67 226
67 247
67 91
67 76
67 83
68 234
68 245
68 118
68 186
68 80
68 169
69 107
69 101
69 220
69 146
69 86
69 81
69 133
70 244
70 216
70 196
70 248
70 162
70 200
70 237
70 212
70 190
71 174
71 192
71 208
71 230
71 225
72 127
72 243
72 151
72 203
72 188
72 104
72 170
72 102
72 204
72 233
72 113
72 85
72 120
72 153
73 134
73 205
73 78
73 82
73 179
73 148
73 154
74 137
74 142
74 207
74 240
74 177
74 232
74 98
74 228
74 144
74 176
75 160
75 198
75 168
75 201
75 183
75 241
75 178
75 156
75 224
75 182
76 83
76 109
76 226
76 197
76 106
76 114
76 247
76 158
77 131
77 236
77 195
77 231
77 149
77 90
77 189
78 205
78 179
78 148
78 154
78 134
79 209
79 193
79 235
79 155
79 222
79 223
80 169
80 234
80 245
80 118
80 186
81 101
81 107
81 146
81 220
81 133
82 205
82 148
82 179
82 154
82 134
83 109
83 226
83 197
83 106
83 114
83 247
83 91
83 158
84 163
84 150
84 184
84 117
84 249
84 132
84 246
84 110
84 143
85 120
85 113
85 153
85 233
85 102
85 104
85 170
85 203
85 204
85 243
85 151
85 188
85 127
86 146
86 101
86 107
86 220
86 133
87 157
87 136
87 130
87 227
87 103
87 221
88 111
88 115
88 210
88 199
88 122
88 125
89 115
89 111
89 210
89 199
89 122
89 125
90 231
90 195
90 189
90 126
90 149
90 131
90 236
91 158
91 226
91 197
91 106
91 114
91 247
91 109
92 115
92 111
92 210
92 199
92 122
92 125
93 250
93 215
93 121
93 145
93 229
93 129
93 185
93 159
94 209
94 193
94 99
94 235
94 141
94 147
94 155
94 222
94 223
95 111
95 115
95 210
95 199
95 122
95 125
96 163
96 132
96 117
96 150
96 184
96 249
96 246
96 110
96 143
97 189
97 231
97 149
97 131
97 236
98 228
98 144
98 176
98 108
98 232
98 137
98 142
98 207
98 240
98 177
99 235
99 141
99 193
99 155
99 222
99 223
99 147
99 209
100 227
100 103
100 213
100 221
100 130
100 136
100 140
100 157
101 220
101 146
101 133
102 203
102 243
102 151
102 188
102 127
102 204
102 233
103 221
103 213
103 227
103 130
103 136
103 140
103 157
104 170
104 203
104 243
104 151
104 188
104 127
104 204
104 233
104 153
105 206
105 218
105 175
105 211
105 217
105 187
106 197
106 226
106 247
106 158
107 220
107 146
107 133
108 176
108 228
108 144
108 232
108 137
108 142
108 207
108 240
108 177
109 226
109 197
109 247
110 214
110 143
110 163
110 132
110 150
110 246
110 184
110 249
111 210
111 199
111 122
112 225
112 192
112 230
112 174
112 208
113 233
113 170
113 203
113 204
113 243
113 151
113 188
113 127
114 197
114 226
114 247
115 210
115 199
115 122
116 161
116 128
116 194
116 138
116 173
116 180
116 191
116 135
117 150
117 184
117 249
117 132
117 246
117 214
117 143
118 234
118 186
118 245
119 225
119 192
119 230
119 174
119 208
120 233
120 153
120 170
120 203
120 204
120 243
120 151
120 188
120 127
121 250
121 215
121 145
121 229
121 129
121 185
122 199
122 210
123 182
123 224
123 198
123 168
123 201
123 241
123 178
123 183
123 156
124 225
124 192
124 230
124 174
124 208
125 199
125 210
126 195
126 189
127 151
127 188
127 170
127 204
127 153
128 194
128 173
128 180
128 161
128 191
128 166
129 185
129 159
130 157
130 227
131 195
131 189
132 163
132 184
133 220
134 205
134 179
134 154
135 166
135 191
135 161
135 194
135 173
135 180
136 157
136 221
138 180
138 173
138 161
138 191
138 166
139 152
140 157
141 193
141 155
141 222
142 177
143 163
143 184
144 176
144 177
145 185
145 159
146 220
147 193
147 155
147 222
148 179
148 205
148 154
149 195
149 189
150 163
150 184
151 243
151 203
151 188
151 204
151 233
152 242
152 238
152 219
152 202
152 239
153 233
153 203
153 204
153 243
153 188
154 205
154 179
155 222
155 223
155 193
155 235
155 209
156 241
156 178
156 198
156 201
156 183
156 224
156 182
157 227
157 213
157 221
158 226
158 197
158 247
159 185
159 229
159 215
159 250
160 198
160 201
160 183
160 241
160 178
160 224
160 182
161 194
161 180
161 191
162 200
162 212
162 237
162 190
162 248
162 196
162 244
162 216
163 184
163 249
163 246
163 214
164 181
165 181
166 191
166 194
166 180
167 181
168 201
168 183
168 198
168 241
168 178
168 224
168 182
169 234
169 245
169 186
170 203
170 243
170 188
170 204
170 233
171 181
172 181
173 180
173 194
173 191
174 192
174 208
174 230
174 225
175 187
175 211
175 217
175 218
175 206
176 228
176 232
176 207
176 240
177 240
177 232
177 207
177 228
178 241
178 201
178 224
179 205
182 224
182 201
182 241
183 201
183 241
183 224
184 249
184 246
184 214
185 229
185 215
185 250
186 245
186 234
187 211
187 217
187 218
187 206
188 203
188 243
188 204
188 233
189 231
189 236
190 212
190 237
190 248
190 244
190 216
192 230
192 208
192 225
193 222
193 223
193 235
193 209
195 231
195 236
196 216
196 244
196 248
196 237
196 212
197 226
197 247
198 201
198 241
198 224
199 210
200 212
200 237
200 248
200 244
200 216
201 241
202 242
203 243
203 233
204 243
204 233
207 240
207 228
212 237
212 248
212 244
213 227
215 229
216 244
216 248
219 238
219 242
219 239
221 227
222 235
223 235
224 241
