heur022_n_322_m_14226
1 205
1 222
1 23
1 160
1 196
1 29
1 86
2 252
2 237
2 58
2 265
2 146
2 162
2 197
2 269
2 206
2 81
2 82
2 215
2 313
3 139
3 219
3 102
3 257
3 192
3 153
3 88
3 217
3 104
3 228
4 151
4 105
4 10
4 245
4 53
4 107
4 138
4 208
4 115
4 157
5 39
5 106
6 45
6 117
6 310
6 184
6 260
6 288
6 55
6 248
6 137
7 21
7 247
7 150
7 286
7 280
7 92
7 276
7 190
7 98
7 67
7 134
7 295
7 8
7 47
7 83
7 22
7 155
8 83
8 295
8 67
8 134
8 47
8 22
8 155
8 98
8 190
8 276
8 21
8 150
8 247
8 280
8 92
8 286
9 19
9 306
9 212
9 172
9 249
9 290
9 299
9 322
9 133
9 175
9 319
10 108
10 171
10 245
10 105
10 53
10 138
10 208
10 115
10 157
11 93
11 258
11 34
11 68
11 209
11 274
11 210
12 300
12 315
12 220
12 97
12 79
12 207
12 214
12 311
12 314
12 159
13 85
13 320
13 75
13 268
13 111
13 213
13 317
14 289
14 259
14 36
14 113
14 52
14 48
14 297
14 62
15 54
15 66
15 91
15 140
15 164
15 16
15 250
15 129
15 143
16 250
16 66
16 164
16 140
16 54
16 91
16 129
16 143
17 27
17 242
17 227
17 236
17 231
17 41
17 302
17 308
17 182
17 186
18 56
18 124
18 277
18 230
18 154
18 61
18 291
18 40
18 200
18 301
18 78
18 239
18 178
18 211
19 212
19 172
19 249
19 290
19 299
19 322
19 133
19 238
19 175
20 272
20 264
20 161
20 203
20 275
20 89
20 122
20 191
21 150
21 286
21 280
21 92
21 98
21 67
21 134
21 47
21 83
21 22
21 155
22 67
22 155
22 134
22 47
22 83
22 295
22 98
22 190
22 276
22 247
22 280
22 92
23 229
23 33
23 222
23 160
24 109
24 65
24 194
24 199
24 251
24 123
24 188
25 216
25 296
25 307
25 103
25 294
25 204
25 183
26 76
26 74
26 221
26 80
26 305
26 243
26 119
26 87
27 242
27 236
27 231
27 41
27 302
27 182
27 186
27 316
28 94
28 267
28 152
28 262
28 32
28 166
28 201
28 179
28 187
29 205
29 222
30 57
30 281
30 235
30 232
30 169
30 193
30 312
31 284
31 142
31 37
31 218
31 38
31 64
31 130
31 135
31 156
31 254
31 60
31 318
32 263
32 201
32 187
32 179
32 166
32 262
32 267
32 149
32 152
32 59
32 94
33 229
33 205
33 222
33 160
33 196
33 86
34 210
34 258
34 233
34 93
34 126
34 63
35 193
35 312
35 273
35 281
35 232
35 235
35 57
36 113
36 52
36 181
36 118
36 289
36 259
36 48
36 297
36 62
37 218
37 38
37 64
37 130
37 156
37 254
38 279
38 218
38 142
38 64
38 130
38 135
38 254
38 60
38 318
39 185
39 283
39 189
39 49
39 106
40 78
40 291
40 239
40 178
40 211
40 148
40 301
40 230
40 303
40 277
40 56
40 154
40 124
40 61
41 231
41 302
41 308
41 182
41 186
41 316
41 227
41 236
41 242
42 138
42 208
42 107
42 105
42 171
42 245
42 53
42 151
43 165
43 71
44 73
44 202
44 120
45 184
45 240
45 117
45 310
45 260
45 55
45 248
46 287
46 165
46 234
46 309
46 128
46 71
47 155
47 134
47 67
47 83
47 295
47 98
47 190
47 150
47 247
47 280
47 92
47 286
48 62
48 297
48 289
48 259
48 113
48 52
48 118
49 114
49 278
49 101
49 125
49 185
49 283
49 189
50 120
50 298
51 65
51 194
51 123
51 251
51 109
52 113
52 118
52 289
52 259
52 297
53 171
53 245
53 115
53 157
54 163
54 91
54 140
54 164
54 250
54 129
54 143
55 288
55 260
55 240
55 117
55 310
55 184
55 248
55 137
56 124
56 277
56 230
56 154
56 61
56 291
56 200
56 301
56 178
56 211
57 235
57 232
57 132
57 273
57 312
58 252
58 265
58 146
58 162
58 269
58 206
58 81
58 82
58 313
59 267
59 94
59 262
59 166
59 201
59 187
60 64
60 156
60 130
60 279
60 218
61 154
61 277
61 291
61 200
61 78
61 239
61 211
62 297
62 289
62 259
62 113
62 181
62 118
63 126
63 258
63 68
63 209
63 274
63 210
64 156
64 318
64 254
64 142
64 279
64 218
64 284
65 194
65 123
65 188
65 199
65 251
65 109
66 91
66 140
66 163
66 164
66 250
66 129
66 143
67 155
67 134
67 83
67 295
67 98
67 190
67 276
67 150
67 247
67 280
67 92
67 286
68 210
68 258
68 274
68 233
68 93
68 126
69 120
69 73
69 202
69 77
70 152
70 262
70 267
70 149
70 94
70 201
70 187
71 128
71 165
71 234
71 309
71 287
72 136
72 285
72 225
72 177
72 282
72 158
72 95
72 112
72 321
72 144
73 176
73 141
73 202
73 298
73 270
73 120
74 87
75 320
75 223
75 271
75 100
75 198
75 268
75 111
75 213
75 317
76 145
76 96
76 221
76 167
76 80
76 305
76 84
76 119
76 87
77 176
77 141
77 298
77 270
77 120
78 239
78 211
78 301
78 230
78 154
78 124
79 314
79 311
79 159
79 97
79 214
79 207
79 300
79 220
80 305
80 87
80 96
81 197
81 313
81 82
81 269
81 206
81 265
81 237
81 146
82 269
82 162
82 265
82 237
82 252
83 295
83 134
83 155
83 98
83 190
83 276
83 150
83 247
83 280
83 92
83 286
84 167
84 305
84 87
85 271
85 320
85 223
85 100
86 196
86 160
87 167
87 305
87 243
87 119
87 96
87 145
88 104
88 217
88 192
88 257
88 139
88 153
88 219
88 127
89 122
89 121
89 275
89 191
89 161
89 203
89 244
89 241
89 272
89 264
89 168
90 141
91 250
91 129
91 143
92 276
92 190
92 150
92 247
92 286
92 98
92 134
92 295
92 155
93 126
93 258
93 209
93 274
93 210
94 267
94 149
94 152
94 262
94 166
94 263
94 201
94 179
94 187
95 282
95 158
95 225
95 285
95 136
95 112
95 321
95 144
96 145
96 305
96 243
97 214
97 207
97 159
97 314
97 311
97 300
97 220
98 190
98 276
98 150
98 247
98 280
98 286
98 295
98 155
99 204
99 294
99 183
99 103
99 296
99 170
100 111
100 317
100 268
100 213
100 198
100 320
100 271
100 223
101 185
101 189
101 114
101 106
101 278
102 219
102 257
102 153
102 104
102 228
103 296
103 170
103 307
103 216
103 294
103 204
103 173
103 183
104 228
104 217
104 192
104 257
104 139
104 153
104 219
104 127
105 171
105 245
105 151
105 208
105 115
105 157
106 114
106 278
106 125
106 185
106 283
106 189
107 171
107 245
108 171
108 208
108 115
109 256
109 194
109 292
109 123
109 188
110 287
110 165
110 128
110 195
111 317
111 198
111 320
111 271
111 223
112 321
112 144
112 225
112 136
112 177
112 282
112 158
113 181
113 118
113 289
113 259
113 297
114 278
114 125
114 185
114 283
114 189
115 138
115 208
115 171
115 245
115 151
116 131
116 255
116 261
116 224
116 304
116 180
116 147
117 184
117 310
117 288
117 248
118 289
118 259
119 167
119 305
119 221
120 298
120 270
120 202
120 141
120 176
121 122
121 161
121 203
121 244
121 241
121 272
121 264
122 275
122 191
122 161
122 203
122 244
122 241
122 168
123 194
123 188
123 199
123 292
123 251
123 256
124 230
124 154
124 303
124 291
124 200
124 301
124 239
124 211
124 148
125 185
125 283
126 209
126 274
126 210
127 219
127 139
127 192
127 153
127 217
127 228
128 165
128 234
128 266
128 309
128 287
128 195
129 143
129 164
129 140
129 250
130 156
130 254
130 142
130 279
130 218
130 284
131 255
131 224
131 304
131 180
131 147
132 232
132 235
132 281
132 312
133 322
133 319
133 299
133 172
133 212
133 249
134 155
134 190
134 276
134 280
134 286
135 156
135 142
135 279
135 284
136 285
136 225
136 282
136 158
136 321
136 144
137 248
137 260
137 310
137 184
138 157
138 171
138 151
139 219
139 257
139 153
139 217
139 228
140 164
140 250
140 143
141 202
141 298
141 270
142 218
142 279
142 156
142 318
144 321
144 225
144 177
144 282
144 285
144 158
145 221
145 305
146 265
146 252
146 237
146 162
146 197
146 269
146 215
146 313
147 224
148 211
148 239
148 291
148 301
148 230
149 267
149 262
149 166
149 201
149 179
149 187
150 247
150 280
150 155
151 245
151 208
151 157
152 267
152 166
152 201
152 187
153 192
153 257
153 219
153 228
154 230
154 291
154 200
154 301
154 239
154 211
155 295
155 190
155 247
155 280
155 286
156 318
156 279
156 218
156 284
157 171
158 177
158 282
158 225
158 285
158 321
159 314
159 311
159 214
159 207
159 300
159 315
159 220
160 196
160 205
160 222
161 244
161 241
161 203
161 275
161 191
161 272
161 264
161 168
162 197
162 313
162 269
162 206
162 265
162 237
162 252
163 164
164 250
165 287
165 234
165 266
165 309
165 195
166 187
166 263
166 262
167 305
168 272
168 264
168 203
168 241
168 275
168 244
168 191
169 232
169 273
169 312
169 253
170 216
170 307
170 294
170 173
170 183
171 245
171 208
172 212
172 306
172 249
172 290
172 299
172 322
172 238
172 175
172 319
173 204
173 294
173 183
173 216
174 229
174 205
174 222
175 322
175 238
175 319
175 290
175 212
175 249
176 202
177 282
177 225
177 285
177 321
178 239
178 211
178 291
178 301
179 201
179 263
179 262
180 224
181 289
181 297
182 308
182 186
182 316
182 302
182 231
182 227
182 242
182 246
183 204
183 294
183 296
183 307
183 216
184 240
184 310
184 260
184 288
184 248
185 189
185 278
186 316
186 302
186 308
186 231
186 227
186 242
187 201
187 263
187 262
187 267
188 194
188 292
189 283
189 278
190 280
190 276
190 247
190 286
190 295
191 203
191 244
191 241
191 272
191 264
192 257
192 219
192 217
192 228
193 312
193 273
193 232
193 235
194 199
194 292
194 251
194 256
195 234
195 309
195 287
196 205
196 222
197 265
197 237
198 223
199 292
200 211
200 239
200 291
200 301
200 230
200 303
200 277
201 263
201 262
201 267
202 270
203 244
203 275
203 272
203 264
204 294
204 296
204 307
204 216
205 222
205 229
206 313
206 265
206 237
206 252
207 314
207 311
207 226
207 315
208 245
209 210
209 258
209 274
209 233
210 258
210 233
211 239
211 291
211 301
211 230
211 277
212 290
212 322
212 319
213 317
213 268
213 293
213 320
213 271
213 223
214 314
214 300
214 315
215 313
215 265
215 237
215 252
216 296
216 307
217 228
217 257
217 219
218 279
218 284
218 254
218 318
219 228
220 311
221 305
221 243
222 229
223 320
223 271
223 293
223 317
224 304
224 261
224 255
225 285
225 282
225 321
226 315
226 311
226 314
227 242
227 246
227 236
227 231
227 302
227 316
228 257
230 303
230 291
230 301
230 239
231 302
231 308
231 236
231 242
232 235
232 281
232 312
232 253
233 274
234 287
235 281
235 273
235 312
235 253
236 242
236 246
236 302
236 316
237 252
237 265
237 269
237 313
238 322
238 319
238 290
238 249
239 291
239 301
239 277
240 248
241 264
242 246
242 302
242 308
242 316
244 275
244 272
244 264
246 302
246 308
246 316
247 286
247 280
247 295
248 288
248 260
249 290
249 306
249 319
251 292
251 256
252 265
252 269
252 313
253 312
253 273
254 284
258 274
259 289
259 297
260 310
260 288
262 267
262 263
264 275
265 269
265 313
266 287
266 309
268 293
268 320
268 271
270 298
271 320
272 275
273 312
273 281
276 280
276 286
276 295
277 303
277 301
278 283
280 286
280 295
281 312
282 321
284 318
286 295
287 309
288 310
289 297
290 306
290 299
290 322
290 319
291 301
291 303
293 317
293 320
294 296
294 307
299 322
299 319
300 315
300 311
300 314
301 303
302 316
302 308
306 319
308 316
311 314
311 315
317 320
319 322
