heur015_n_300_m_15035
1 290
1 231
1 186
1 260
1 222
2 258
2 55
2 205
2 188
2 294
2 68
2 274
2 276
2 159
3 160
3 118
3 70
3 248
3 271
3 139
3 227
3 213
3 262
4 249
4 216
4 83
4 226
4 74
4 275
4 54
4 62
5 129
5 167
5 296
5 214
5 91
6 204
6 113
6 117
6 191
6 97
7 211
7 298
7 250
8 262
8 213
8 160
8 227
8 70
8 139
8 271
8 118
8 248
9 292
9 80
9 140
9 192
9 193
9 104
9 232
9 206
9 208
9 254
10 82
10 250
10 211
10 298
11 261
11 166
11 285
11 255
11 279
11 215
11 171
11 77
11 179
11 246
12 228
12 284
12 280
12 155
12 237
12 229
13 273
13 242
13 103
13 281
13 144
14 162
14 195
14 199
14 239
14 202
14 121
15 209
15 154
15 256
15 225
15 142
15 85
16 202
16 162
16 199
16 239
16 115
17 194
17 143
17 290
17 231
17 223
17 186
17 260
17 222
18 274
18 276
18 258
18 294
18 205
18 55
19 146
19 253
19 63
19 165
19 247
19 240
20 189
20 135
20 76
20 278
20 87
21 173
21 148
21 182
21 98
21 233
21 272
21 212
21 283
22 191
22 113
22 156
22 204
22 117
22 177
23 64
23 274
23 66
23 276
23 159
23 258
23 294
23 169
23 205
23 188
23 55
23 60
24 292
24 80
24 140
24 192
24 193
24 232
24 254
25 200
25 288
25 295
25 257
25 235
25 220
25 95
26 239
26 199
26 115
26 202
26 121
27 144
27 273
27 210
27 242
27 281
28 69
28 284
28 280
28 114
28 155
28 237
29 296
29 116
29 167
29 129
29 219
30 62
30 275
30 54
30 226
30 249
30 83
30 216
31 80
31 140
31 292
31 193
31 232
31 206
31 208
31 254
32 186
32 260
32 222
32 290
32 231
32 223
33 203
33 185
33 164
33 293
33 168
33 259
33 297
34 292
34 80
34 140
34 192
34 193
34 232
34 206
34 208
34 254
35 245
35 201
35 289
35 282
35 134
35 145
35 243
35 277
36 191
36 156
36 204
37 258
37 55
37 205
37 120
37 188
37 294
37 274
37 276
37 159
38 185
38 203
38 164
38 224
38 293
38 168
38 264
38 259
38 297
39 131
39 196
39 138
39 236
39 152
39 126
39 180
40 131
40 196
40 138
40 236
40 152
40 125
40 126
41 275
41 54
41 62
41 226
41 249
41 83
41 216
41 153
42 200
42 288
42 295
42 257
42 235
42 220
42 95
43 127
43 256
43 225
43 107
43 209
43 154
43 124
44 141
44 57
44 268
44 269
44 52
44 149
44 181
44 89
44 94
45 293
45 168
45 164
45 203
45 185
45 259
45 297
46 265
46 110
46 244
46 221
46 286
46 234
46 84
47 273
47 210
47 242
47 281
47 144
48 154
48 124
48 209
48 256
48 142
48 197
48 85
48 127
49 172
49 144
49 273
49 242
49 281
50 193
50 208
50 232
50 206
50 254
50 192
50 292
50 140
50 80
51 98
51 272
51 283
51 233
51 148
52 93
52 94
52 123
52 241
52 268
52 149
52 269
52 181
52 141
53 237
53 228
53 114
53 280
53 155
53 284
54 275
54 249
54 216
54 153
55 169
55 258
55 205
55 120
55 188
55 294
55 274
55 276
55 159
56 247
56 128
56 146
56 253
56 240
57 141
57 268
57 269
57 241
57 149
57 123
57 93
57 94
58 298
58 122
58 92
59 255
59 261
59 285
59 279
59 215
59 246
60 169
60 258
60 205
60 294
60 274
60 276
61 92
61 250
61 211
61 298
62 275
62 226
62 249
62 217
63 128
63 146
63 253
63 165
63 247
63 240
64 274
64 276
64 159
64 294
64 205
64 120
65 135
65 101
65 278
66 276
66 274
66 258
66 294
66 205
67 113
67 191
67 204
67 117
67 97
68 274
68 276
68 159
68 258
68 294
68 205
68 120
69 228
69 284
69 280
69 114
69 237
70 160
70 118
70 248
70 271
70 139
70 262
71 109
71 101
71 135
71 278
72 178
72 158
72 102
72 287
72 106
72 300
72 238
72 175
72 270
73 151
73 287
73 106
73 267
73 300
73 238
73 270
73 252
74 275
74 226
74 249
74 153
75 299
75 251
75 291
75 112
75 263
76 278
76 101
76 109
77 108
77 171
77 179
77 246
77 130
77 261
77 166
77 279
77 215
77 285
78 110
78 244
78 221
78 111
78 265
78 286
78 234
79 236
79 126
79 152
79 138
79 131
79 125
79 180
80 192
80 140
80 292
80 96
80 193
80 104
80 232
80 206
80 208
80 254
81 155
81 228
81 280
81 284
81 237
82 250
82 122
82 211
82 298
83 216
83 249
83 136
83 275
84 234
84 265
84 110
84 244
84 221
84 286
85 127
85 256
85 107
85 142
85 209
85 154
85 124
86 263
86 291
86 299
86 251
87 278
87 135
87 109
87 189
88 287
88 267
88 300
88 238
88 270
88 252
89 123
89 93
89 94
89 241
89 268
89 149
89 269
89 141
90 109
90 101
90 135
90 278
91 116
91 167
91 296
91 150
91 214
91 219
92 218
92 211
92 298
93 241
93 268
93 149
93 181
93 141
94 241
94 268
94 149
94 269
94 181
94 141
95 220
95 288
95 257
95 295
95 200
95 235
96 208
96 193
96 232
96 206
96 254
96 192
96 292
96 140
97 177
97 204
97 156
97 191
98 272
98 212
98 266
98 233
98 148
98 182
98 173
99 220
99 288
99 257
99 295
99 200
99 235
100 220
100 288
100 257
100 295
100 200
100 235
101 189
101 278
102 287
102 178
102 300
102 238
102 175
102 270
102 252
103 242
103 273
103 281
103 144
103 172
104 206
104 254
104 208
104 192
104 292
104 140
105 162
105 195
105 199
105 239
106 267
106 238
106 175
106 252
106 270
106 300
106 178
106 287
107 154
107 256
107 225
107 142
107 197
108 171
108 179
108 246
108 261
108 166
108 279
108 285
108 255
109 189
109 278
110 244
110 221
110 234
111 244
111 265
111 174
111 286
111 234
112 230
112 263
112 291
112 299
112 251
112 176
112 187
112 157
113 191
113 156
113 204
113 177
114 280
114 163
114 284
114 155
114 237
114 229
115 162
115 195
115 199
115 239
115 202
116 167
116 184
116 296
116 150
117 204
117 156
117 191
117 177
118 160
118 248
118 271
118 139
118 227
118 213
119 239
119 199
119 162
119 195
119 202
120 188
120 294
120 258
120 205
120 274
120 276
120 159
121 162
121 195
121 199
121 202
121 239
122 250
122 218
122 211
122 298
123 241
123 268
123 269
123 181
123 141
124 209
124 256
124 142
124 197
125 196
125 138
125 236
126 236
126 138
126 180
127 197
127 256
127 225
127 142
127 209
127 154
128 146
128 253
128 247
128 240
128 198
129 167
129 296
129 150
129 184
130 285
130 261
130 255
130 166
130 279
130 171
130 179
130 246
131 138
131 236
131 152
131 180
132 161
132 277
132 145
132 170
132 289
132 201
132 245
132 282
133 170
133 145
133 161
133 243
133 277
133 190
133 289
133 245
133 282
134 161
134 190
134 277
134 170
134 289
134 201
134 245
134 282
135 189
135 278
136 249
137 264
137 297
137 259
137 224
137 164
137 293
137 168
138 196
138 236
138 180
139 160
139 271
139 227
139 213
139 262
140 192
140 292
140 193
140 232
140 206
140 208
141 268
141 269
141 181
142 256
142 225
142 209
142 197
143 194
143 231
143 223
143 186
143 260
143 222
144 172
144 273
144 210
144 242
144 281
145 170
145 161
145 243
145 277
145 190
145 289
145 201
145 282
146 165
146 183
146 198
147 272
147 283
147 212
147 266
147 182
147 173
148 182
148 173
148 233
148 266
148 272
148 212
148 283
149 268
149 269
149 181
150 214
150 184
150 167
150 219
151 287
151 178
151 158
151 267
151 300
151 238
151 175
151 270
151 252
152 196
152 236
152 180
153 249
153 216
153 217
153 226
153 275
154 209
154 256
154 225
154 197
155 228
155 280
155 284
155 229
157 291
157 299
157 251
157 263
158 287
158 267
158 300
158 238
158 270
158 252
159 274
159 276
159 258
159 294
159 205
160 248
160 271
160 227
160 262
161 277
161 289
161 245
161 282
162 199
162 239
162 202
163 284
163 280
163 229
164 203
164 293
164 264
164 297
165 247
165 253
165 240
166 285
166 255
166 279
166 215
166 246
167 296
167 214
167 219
168 224
168 293
168 203
168 264
168 297
169 258
169 205
169 294
169 274
169 276
170 277
170 289
170 245
170 282
171 246
171 279
171 215
171 285
172 273
172 210
172 242
172 281
173 233
173 266
173 272
173 212
173 283
174 265
174 286
174 244
174 221
175 238
175 267
175 252
175 270
175 300
175 287
176 299
176 251
176 291
176 207
176 263
176 230
178 300
179 246
179 261
179 279
179 215
179 285
179 255
180 236
181 269
181 268
181 241
182 266
182 272
182 212
182 283
183 240
183 247
183 253
184 296
184 214
184 219
185 224
185 293
185 264
185 259
185 297
186 222
186 260
186 290
186 223
187 299
187 291
187 263
187 230
188 294
188 258
188 205
188 274
188 276
189 278
190 277
190 289
190 282
192 292
192 208
192 254
193 208
193 232
193 206
193 254
194 290
194 223
194 260
194 222
195 199
195 202
196 236
197 225
197 209
198 240
198 247
198 253
199 239
200 288
200 295
200 257
200 235
200 220
201 245
201 289
201 282
201 243
201 277
202 239
203 293
203 264
203 259
203 297
205 258
205 294
205 276
206 254
206 292
207 291
207 299
207 251
207 263
208 292
209 256
210 273
210 242
210 281
212 283
212 272
212 266
212 233
213 271
213 248
214 296
215 279
215 261
215 285
215 255
215 246
216 249
216 275
217 249
218 250
218 298
219 296
220 257
220 235
221 244
221 265
221 286
221 234
222 260
222 290
223 290
223 260
224 293
224 259
224 297
225 256
226 249
227 271
227 248
227 262
228 284
228 280
228 237
229 237
229 280
229 284
230 291
230 251
231 290
231 260
232 254
232 292
233 266
233 272
233 283
234 265
234 286
235 288
235 295
237 280
237 284
238 267
238 270
238 300
238 287
241 268
241 269
242 273
242 281
243 277
243 282
244 265
244 286
245 289
245 282
245 277
246 279
246 285
248 271
248 262
249 275
250 298
251 299
251 291
251 263
252 270
252 300
252 267
252 287
254 292
255 285
255 279
257 288
257 295
258 294
258 274
258 276
259 297
259 264
259 293
260 290
261 285
261 279
262 271
