heur018_n_300_m_25919
1 186
2 270
2 203
2 244
2 198
2 260
2 262
2 237
2 144
3 283
3 209
3 263
3 173
4 140
4 250
4 131
4 281
4 282
4 126
5 121
5 251
5 231
5 132
5 206
5 192
5 194
5 142
6 248
6 256
6 186
7 277
7 119
7 265
7 208
7 197
7 216
7 156
7 127
8 208
8 265
8 119
8 277
8 197
8 216
8 156
8 127
9 287
9 294
9 148
9 149
9 124
9 255
10 283
10 209
10 263
10 153
10 173
11 184
11 129
11 228
11 204
11 191
12 125
12 266
12 238
12 175
12 278
12 170
12 223
13 225
13 276
13 120
13 274
13 214
13 217
14 145
14 185
14 293
14 261
14 133
14 167
14 213
15 156
15 216
15 197
15 208
15 277
15 119
16 195
16 298
16 163
16 232
16 187
16 215
16 160
16 134
16 189
17 184
17 129
17 228
17 191
18 196
18 188
18 275
18 224
18 169
19 224
19 275
19 188
19 169
19 230
20 290
20 118
20 291
20 284
20 166
20 288
20 202
20 268
20 177
20 157
21 120
21 225
21 276
21 146
21 274
21 214
21 217
22 258
22 155
22 272
22 182
23 264
23 222
23 207
23 154
24 250
24 161
24 253
24 140
24 131
24 281
24 282
24 126
25 149
25 148
25 122
25 294
25 124
25 255
25 162
25 287
26 225
26 276
26 120
26 146
26 274
26 214
26 217
27 261
27 213
27 271
27 133
27 167
27 293
27 145
27 181
27 185
28 234
28 292
28 172
28 210
28 246
28 151
29 135
29 242
29 257
29 130
29 201
29 233
29 300
29 239
29 245
29 218
30 172
30 210
30 246
30 151
31 209
31 283
31 263
31 173
32 178
32 273
32 226
32 289
32 159
32 240
32 190
33 124
33 255
33 294
33 148
33 149
33 122
33 162
33 287
34 272
34 182
34 258
35 145
35 181
35 293
35 133
35 167
35 213
36 293
36 145
36 181
36 185
36 261
36 133
36 167
36 271
36 213
37 160
37 134
37 189
37 195
37 163
37 298
37 215
37 187
38 256
38 186
38 248
39 186
39 248
40 186
40 256
40 248
41 188
41 196
41 275
41 224
41 169
41 230
42 184
42 129
42 228
42 204
42 191
43 240
43 141
43 289
43 226
43 178
43 159
44 204
44 129
44 228
44 77
44 191
44 184
45 272
45 182
45 258
45 155
46 199
46 136
46 211
46 180
46 254
46 158
46 295
46 269
46 117
47 190
47 240
47 141
47 289
47 226
47 273
47 178
47 159
48 137
48 171
48 176
48 243
48 247
48 128
48 280
49 197
49 265
49 208
49 119
49 216
49 156
50 174
50 279
50 200
50 168
50 296
50 235
50 179
50 183
51 163
51 298
51 195
51 187
51 215
51 160
51 134
51 189
52 210
52 151
53 118
53 290
53 291
53 284
53 166
53 288
53 202
53 268
53 177
53 157
55 129
55 191
56 137
56 164
56 176
56 171
56 243
56 128
56 280
56 219
57 142
57 100
57 231
57 251
58 184
58 129
58 228
58 191
59 152
59 117
59 295
59 269
59 199
59 136
59 211
59 180
59 158
59 252
59 254
60 217
60 274
60 214
60 225
60 146
60 276
60 120
61 246
61 210
61 172
61 151
61 234
62 224
62 196
62 275
62 188
62 169
62 230
63 236
63 227
63 241
63 249
63 220
63 285
63 143
64 189
64 160
64 134
64 195
64 163
64 232
64 298
64 215
64 187
65 256
65 186
65 248
66 236
66 227
66 165
66 241
66 249
66 285
67 117
67 295
67 152
67 269
67 199
67 136
67 211
67 180
67 158
67 252
67 254
68 274
68 217
68 214
68 225
68 146
68 276
68 120
69 182
69 272
69 258
69 155
70 129
70 228
70 191
70 184
71 269
71 295
71 117
71 152
71 199
71 136
71 211
71 180
71 158
71 252
71 254
72 258
72 155
72 272
72 182
73 290
73 118
73 291
73 284
73 166
73 288
73 202
73 268
73 177
73 157
74 272
74 182
74 258
74 155
75 268
75 202
75 177
75 288
75 290
75 291
75 166
75 118
76 213
76 261
76 271
76 167
76 185
77 228
77 191
77 129
77 204
77 184
78 281
78 126
78 161
78 140
78 250
79 286
79 154
79 207
79 229
79 264
79 147
79 222
80 242
80 257
80 130
80 201
80 233
80 300
80 239
80 245
80 218
81 197
81 208
81 277
81 119
81 216
81 156
82 270
82 203
82 244
82 198
82 260
82 262
82 267
82 237
82 144
82 212
82 150
83 249
83 165
83 241
83 227
83 236
83 220
83 285
83 143
84 261
84 213
84 271
84 133
84 167
84 293
84 145
84 181
84 185
85 206
85 138
85 132
85 259
85 231
85 121
85 251
85 192
85 194
85 142
86 279
86 174
86 200
86 168
86 296
86 235
86 179
86 183
86 123
87 199
87 136
87 211
87 180
87 158
87 254
87 252
87 295
87 269
87 117
87 152
88 154
88 207
88 286
88 229
88 264
88 147
88 222
89 272
89 182
89 258
90 221
90 170
90 223
90 193
90 266
90 139
90 238
90 175
90 278
91 263
91 205
91 173
91 209
91 153
91 283
92 258
92 155
92 272
92 182
93 186
93 248
94 248
95 193
95 266
95 139
95 238
95 175
95 278
95 125
95 170
95 221
95 223
96 161
96 297
96 250
96 140
96 131
96 281
96 282
96 126
97 256
97 186
98 286
98 154
98 229
98 264
98 147
98 222
99 181
99 185
99 261
99 133
99 167
99 271
99 213
100 192
100 194
100 142
100 259
100 132
100 231
100 138
100 206
100 121
100 251
101 125
101 193
101 266
101 139
101 238
101 175
101 278
101 170
101 221
101 223
102 136
102 254
102 199
102 180
102 158
102 211
102 252
102 295
102 269
102 117
102 152
103 219
103 128
103 280
103 164
103 137
103 171
103 176
103 243
103 247
104 196
104 188
104 275
104 224
104 169
104 230
105 249
105 165
105 241
105 227
105 236
105 220
105 285
105 143
106 279
106 174
106 168
106 296
106 235
106 179
106 183
106 123
107 132
107 138
107 206
107 259
107 231
107 121
107 251
107 192
107 194
107 142
108 201
108 300
108 218
108 233
108 257
108 245
108 239
108 130
108 242
108 135
109 194
109 138
109 206
109 251
110 272
110 258
111 225
111 276
111 120
111 146
111 274
111 214
111 217
112 167
112 261
112 133
112 213
112 293
112 145
112 181
112 185
113 173
113 263
113 205
113 209
113 283
114 210
114 172
114 246
114 151
115 204
115 129
115 228
115 191
115 184
116 221
116 170
116 223
116 193
116 266
116 139
116 175
116 278
116 125
117 269
123 279
153 173
168 279
200 279
214 274
221 278
223 278
