heur050_n_300_m_19207
1 82
1 64
1 285
1 79
1 284
1 286
2 159
2 229
2 154
3 56
3 268
3 162
3 278
4 54
4 165
4 265
4 109
4 42
4 95
5 210
5 189
6 51
6 294
6 117
6 295
7 58
7 44
7 121
7 129
7 67
7 101
7 280
8 261
8 198
8 161
8 83
8 92
9 292
9 202
9 283
9 71
9 148
9 126
10 71
10 148
10 97
10 164
10 292
10 202
10 283
11 137
11 80
11 220
11 70
11 300
11 173
12 82
12 231
12 218
12 285
12 79
12 258
12 284
12 286
13 131
13 296
13 144
13 281
13 156
14 49
14 136
14 226
14 205
14 85
14 61
14 253
14 191
15 48
15 249
15 85
15 204
15 253
15 191
15 205
15 49
15 84
15 118
15 125
17 259
17 74
17 47
17 272
17 50
17 250
18 75
18 182
18 110
18 236
18 288
18 289
18 293
18 170
18 298
18 181
18 255
19 167
20 188
20 80
20 70
20 300
20 173
21 52
21 86
21 122
21 87
22 148
22 71
22 126
22 292
22 283
23 271
23 77
23 297
23 155
23 94
23 119
23 72
23 177
23 45
24 77
24 297
24 94
24 119
24 72
24 177
24 45
25 131
25 144
25 281
25 156
26 164
26 292
26 202
26 283
26 195
26 71
26 148
27 197
27 56
27 254
27 277
27 278
28 193
28 87
28 52
28 86
28 122
29 185
29 59
29 106
29 149
30 162
30 254
30 56
30 158
31 107
31 99
31 46
31 81
31 147
31 55
32 300
32 70
32 173
32 199
32 80
32 188
33 192
33 96
33 291
33 175
33 282
33 123
34 52
34 86
34 122
34 43
34 87
35 92
35 115
35 83
35 274
35 143
35 128
35 261
35 198
35 57
36 110
36 182
36 75
36 246
36 227
36 236
36 170
36 181
36 221
37 180
37 159
37 68
37 200
39 49
39 226
39 166
39 48
39 85
39 191
40 92
40 115
40 83
40 274
40 261
40 57
41 117
41 294
41 73
41 176
41 51
41 295
42 90
42 114
42 165
42 230
42 265
42 89
43 178
43 257
43 248
43 122
44 121
44 132
44 219
44 280
45 177
45 297
45 271
45 155
45 94
46 237
46 147
46 139
46 99
46 107
46 214
47 272
47 250
47 228
47 134
47 135
47 138
47 267
47 153
47 124
48 204
48 191
48 226
48 166
48 136
48 205
49 136
49 226
49 205
49 118
49 166
49 125
49 204
49 249
49 191
50 228
50 134
50 135
50 138
50 267
50 153
50 124
51 176
51 294
51 295
52 248
52 257
52 122
52 178
53 192
53 290
53 194
53 157
53 96
53 291
53 175
53 273
53 212
53 282
54 165
54 265
55 252
55 147
55 139
55 237
55 107
55 214
56 158
56 254
56 268
56 197
56 162
56 104
56 277
56 278
57 128
57 261
57 140
57 198
57 161
57 143
57 115
57 183
57 92
58 121
58 129
58 132
58 219
58 101
58 238
58 142
59 185
59 206
59 106
59 172
59 149
60 297
60 155
60 94
60 119
60 177
61 249
61 204
61 191
61 226
61 166
61 136
61 205
61 118
61 125
62 103
62 108
62 213
62 260
62 168
62 299
62 152
63 142
63 101
63 280
63 121
63 219
64 231
64 218
64 285
64 98
64 258
64 130
64 284
64 286
65 108
65 213
65 262
65 116
65 103
65 260
65 93
65 168
65 299
65 152
65 215
66 152
66 168
66 247
66 127
66 100
66 215
66 262
66 103
66 108
66 116
66 213
66 93
67 219
67 129
67 121
67 101
67 238
67 142
67 280
68 154
68 229
68 242
68 180
68 276
68 159
68 200
68 186
69 168
69 152
69 299
69 127
69 215
69 262
69 108
69 116
69 213
69 93
70 146
70 190
70 300
70 163
70 173
70 102
70 199
70 137
70 188
70 187
70 220
71 195
71 133
71 179
71 148
71 217
71 105
71 126
71 224
71 97
71 164
71 292
71 202
71 245
71 283
72 177
72 297
72 271
72 119
72 155
72 94
73 176
73 294
73 203
73 241
73 117
73 279
73 295
74 250
74 228
74 134
74 135
74 138
74 267
74 153
74 124
75 227
75 182
75 110
75 236
75 288
75 289
75 293
75 170
75 298
75 181
75 221
75 255
76 99
76 252
76 147
76 139
76 237
76 107
76 214
77 271
77 297
77 155
77 94
77 119
77 177
78 91
78 160
78 141
78 235
78 171
78 111
78 240
78 209
78 113
78 239
78 151
78 120
79 98
79 130
79 264
79 284
79 286
80 137
80 102
80 187
80 220
80 188
80 199
80 300
80 173
80 112
80 146
80 190
81 252
81 147
81 139
81 237
81 214
82 231
82 218
82 285
82 98
82 130
82 284
82 286
83 115
83 183
83 274
83 128
83 261
83 198
83 140
84 166
84 226
84 136
84 205
84 125
84 204
84 191
85 249
85 204
85 253
85 191
85 226
85 166
85 136
85 205
85 125
86 257
86 122
86 193
86 178
87 178
87 193
87 122
88 160
88 141
88 235
88 171
88 240
88 239
88 151
88 251
89 265
89 165
89 230
90 230
90 109
91 160
91 141
91 235
91 171
91 240
91 239
91 151
92 183
92 161
92 274
92 143
92 261
92 198
92 140
93 260
93 262
93 168
93 299
93 152
93 215
94 155
94 297
94 271
94 177
95 165
95 230
96 291
96 175
96 282
96 212
96 192
96 290
96 194
96 157
97 164
97 292
97 202
97 245
97 283
97 195
97 179
97 148
97 217
98 284
98 286
98 231
98 218
98 285
99 252
99 147
99 139
99 237
99 214
100 215
100 168
100 299
100 247
100 152
100 260
100 262
100 213
101 142
101 280
101 132
101 219
102 137
102 187
102 220
102 188
102 199
102 163
102 300
102 173
102 146
102 190
103 108
103 262
103 260
103 168
103 299
103 247
103 152
104 162
104 254
104 158
105 195
105 179
105 217
105 164
105 292
105 283
106 172
106 149
106 185
106 206
107 214
107 139
107 237
107 147
107 252
108 262
108 213
108 168
108 299
108 152
108 215
109 230
109 165
109 265
110 182
110 246
110 227
110 236
110 288
110 289
110 293
110 170
110 298
110 181
110 221
110 255
111 251
111 240
111 235
111 151
111 171
111 239
111 160
111 141
112 300
112 146
112 190
112 163
112 173
112 199
112 137
112 188
112 187
112 220
113 240
113 235
113 251
113 151
113 171
113 239
113 160
114 165
114 265
115 183
115 161
115 274
115 143
115 261
115 198
115 140
116 213
116 262
116 168
116 299
116 247
116 152
116 215
117 241
117 294
117 176
117 295
118 166
118 226
118 253
118 191
119 155
119 297
119 271
119 177
120 151
120 240
120 251
120 160
121 132
121 219
121 238
121 142
121 280
122 178
123 282
123 212
123 273
123 291
123 175
123 192
123 290
123 194
123 157
124 138
124 153
124 259
125 226
125 166
125 136
125 205
125 204
125 191
126 195
126 133
126 148
126 217
126 164
126 292
126 202
126 245
126 283
127 168
127 299
127 247
127 152
127 215
127 262
127 213
128 261
128 140
128 161
128 143
129 132
129 219
129 238
129 142
129 280
130 284
130 286
130 264
130 258
130 218
130 285
131 144
131 281
131 232
131 296
131 156
131 216
131 263
131 211
131 184
132 219
132 238
132 280
133 283
134 267
135 259
135 272
135 250
136 249
136 253
137 220
138 267
138 272
138 250
139 252
140 261
140 274
141 240
141 251
142 280
142 238
143 274
143 261
144 208
144 266
144 211
145 256
145 210
145 207
145 244
146 220
147 237
147 252
147 214
148 202
148 245
148 283
149 206
150 287
150 269
150 270
151 239
151 235
151 240
151 209
151 251
152 247
152 215
152 260
152 262
152 213
153 267
153 259
153 272
153 250
154 276
155 297
155 271
156 266
156 208
156 263
156 211
157 291
158 275
158 268
158 277
158 278
159 276
159 229
160 235
160 240
160 209
160 239
160 251
161 274
161 261
162 277
162 278
162 268
162 275
162 254
163 220
164 283
164 245
165 230
166 226
166 205
166 204
166 249
166 253
167 207
167 256
167 201
168 247
168 215
168 260
168 262
169 270
169 233
169 222
169 223
170 221
170 255
170 288
170 236
170 246
171 251
173 220
174 244
175 291
175 273
175 212
176 279
178 257
178 248
179 283
180 276
180 229
181 288
181 289
181 227
181 236
181 246
182 246
182 288
182 255
183 274
183 261
184 266
185 206
186 229
187 220
188 220
189 207
189 256
190 220
191 204
191 253
191 249
191 226
191 205
192 273
192 212
193 257
193 248
194 273
194 212
195 245
196 256
196 244
197 275
197 268
197 254
197 277
197 278
198 261
198 274
199 220
200 229
201 256
202 283
202 292
203 279
203 294
204 253
205 253
208 266
208 281
208 296
209 251
210 256
211 263
211 266
211 281
212 282
212 273
212 291
212 290
213 262
213 260
213 299
213 247
214 252
215 299
215 247
215 260
216 266
216 281
216 263
217 292
217 283
218 258
218 264
218 284
218 286
219 280
220 300
221 298
221 289
221 288
221 293
221 246
222 269
222 287
222 270
223 287
223 269
223 270
224 283
224 292
225 287
225 270
226 249
227 246
227 288
227 289
227 293
227 255
228 267
228 259
228 272
230 265
231 285
231 258
231 264
231 284
231 286
232 296
232 266
232 281
233 287
233 269
233 270
234 270
234 287
234 269
235 251
236 246
236 288
236 289
236 293
236 298
236 255
237 252
238 280
239 251
240 251
241 279
241 294
241 295
243 287
243 269
243 270
244 256
245 283
245 292
246 288
246 289
246 293
246 298
247 299
255 298
255 289
255 288
255 293
258 284
258 286
258 285
260 299
262 299
263 296
263 281
264 284
264 286
264 285
266 281
266 296
269 287
270 287
271 297
273 282
273 291
273 290
279 294
279 295
284 285
