heur002_n_100_m_3274
1 49
1 58
1 79
1 68
1 71
1 52
1 53
2 86
2 87
2 85
2 88
3 87
3 86
3 85
3 88
5 49
5 58
5 79
5 68
5 71
5 52
5 53
6 65
6 56
6 62
6 72
6 70
7 94
7 45
7 48
7 51
8 65
8 56
8 62
8 72
8 70
9 91
10 94
10 37
10 45
10 48
10 51
10 19
11 88
11 85
11 86
12 87
12 86
12 88
13 73
13 91
13 47
14 88
14 85
14 86
14 87
15 86
15 87
15 85
15 88
16 56
16 62
16 65
16 72
17 88
17 85
17 87
18 48
18 29
18 98
18 94
19 51
19 45
19 48
19 98
19 94
20 88
20 85
20 86
20 87
21 87
21 86
21 85
21 88
22 72
22 70
22 65
22 56
22 62
23 56
23 62
23 65
23 59
23 72
23 70
24 96
24 93
24 76
24 64
24 66
24 99
24 44
24 82
24 84
24 57
24 92
24 63
25 72
25 70
25 65
25 56
25 59
25 62
26 96
26 57
27 45
27 51
27 94
28 49
29 45
29 98
30 86
30 88
31 69
31 60
31 61
31 90
32 49
32 58
32 77
32 79
32 68
32 71
32 52
32 53
33 94
33 98
33 45
34 89
34 100
34 97
34 90
34 67
34 69
34 43
34 60
34 61
35 85
35 88
35 86
35 87
36 56
36 62
36 65
36 59
37 94
37 98
37 45
37 48
37 51
38 89
38 100
38 97
38 90
38 67
38 69
38 43
38 60
38 61
39 85
39 88
39 86
39 87
40 62
40 65
40 72
41 98
41 94
