heur049_n_300_m_17695
1 195
1 199
1 187
1 228
1 229
1 240
2 72
2 73
2 75
2 81
2 112
2 145
2 115
2 116
2 149
2 150
2 121
2 124
3 195
3 199
3 187
3 228
3 229
3 232
3 233
3 240
4 72
4 73
4 74
4 75
4 81
4 146
4 115
4 116
4 149
4 150
4 124
4 158
5 195
5 199
5 201
5 187
5 228
5 229
5 232
5 233
5 240
6 195
6 199
6 187
6 228
6 229
6 232
6 233
6 240
7 72
7 73
7 75
7 112
7 145
7 146
7 116
7 149
7 150
7 121
7 124
7 158
8 72
8 73
8 75
8 112
8 145
8 146
8 149
8 150
8 121
8 124
8 158
9 73
9 74
9 75
9 81
9 112
9 145
9 146
9 116
9 149
9 150
9 121
9 158
10 297
10 251
11 291
11 297
12 134
12 125
12 126
13 129
13 134
13 135
13 125
13 126
14 84
14 291
14 297
14 244
14 248
14 251
15 248
17 129
17 135
17 210
17 213
17 215
17 219
17 125
19 84
19 297
19 248
19 251
20 297
20 251
21 297
21 251
22 129
22 135
22 211
22 215
22 219
22 125
22 126
23 106
23 107
23 110
23 113
23 114
23 225
23 227
23 231
24 110
24 113
24 114
24 225
24 227
24 230
25 106
25 107
25 110
25 113
25 114
25 225
25 227
25 230
25 231
26 225
26 227
26 230
26 238
27 106
27 107
27 110
27 113
27 114
27 225
27 227
27 230
27 231
28 226
28 220
28 221
28 222
28 223
29 131
29 133
29 268
29 270
29 271
29 272
29 273
30 130
30 131
30 133
30 268
30 270
30 271
30 272
30 273
31 129
31 210
31 211
31 213
31 215
31 219
31 125
32 292
32 296
32 300
32 279
32 281
32 205
32 206
32 208
32 209
32 212
33 131
33 133
33 268
33 270
33 271
33 272
33 273
34 292
34 296
34 300
34 279
34 281
34 205
34 206
34 208
34 209
34 212
35 130
35 131
35 133
35 268
35 270
35 271
35 273
36 258
36 259
36 261
36 266
36 269
36 77
36 78
36 83
36 86
36 88
36 90
37 258
37 259
37 261
37 266
37 269
37 77
37 78
37 83
37 86
37 88
37 89
38 292
38 296
38 300
38 279
38 281
38 205
38 206
38 208
38 212
39 292
39 296
39 300
39 279
39 281
39 205
39 206
39 208
39 209
39 212
40 258
40 259
40 261
40 266
40 269
40 77
40 78
40 85
40 86
40 88
40 89
40 90
41 258
41 259
41 261
41 266
41 269
41 77
41 78
41 83
41 86
41 88
41 90
42 130
42 131
42 133
42 136
42 268
42 270
42 271
42 273
43 292
43 296
43 300
43 279
43 281
43 205
43 206
43 208
43 209
43 212
44 258
44 259
44 261
44 266
44 269
44 77
44 78
44 85
44 86
44 88
44 89
44 90
45 50
45 139
47 137
47 138
47 139
47 140
47 143
48 53
48 140
49 139
51 161
51 167
51 168
51 169
51 170
51 171
51 153
51 154
51 156
52 137
52 138
52 139
52 140
52 143
53 137
53 138
53 139
53 140
53 143
54 161
54 167
54 168
54 169
54 170
54 171
54 152
54 153
54 156
56 161
56 167
56 169
56 170
56 171
56 152
56 153
56 154
56 156
57 137
57 138
57 139
57 140
57 143
58 161
58 167
58 168
58 169
58 170
58 171
58 152
58 153
58 154
58 156
59 85
59 86
59 88
59 89
59 90
59 258
59 259
59 266
60 85
60 86
60 88
60 89
60 90
60 258
60 259
60 261
60 266
61 161
61 167
61 168
61 169
61 170
61 171
61 152
61 153
61 154
61 156
62 234
62 236
62 237
62 239
62 242
62 166
62 175
62 176
62 177
62 178
63 234
63 236
63 237
63 239
63 242
63 166
63 175
63 176
63 177
63 178
64 226
64 220
64 221
64 223
65 226
65 220
65 221
65 222
65 223
66 226
66 220
66 221
66 222
66 223
67 234
67 236
67 237
67 239
67 242
67 166
67 175
67 176
67 177
67 178
68 234
68 236
68 237
68 239
68 242
68 166
68 175
68 176
68 177
68 178
69 226
69 220
69 221
69 222
69 223
70 226
70 220
70 221
70 222
70 223
71 234
71 236
71 237
71 239
71 242
71 166
71 175
71 176
71 177
71 178
72 112
72 145
72 115
72 121
73 145
73 146
73 149
73 121
74 112
74 145
74 116
74 149
74 150
74 158
75 112
75 145
75 146
75 149
75 150
75 124
75 158
76 246
77 258
77 259
77 261
77 266
77 269
78 258
78 259
78 261
78 266
78 269
79 256
79 235
79 241
79 243
79 246
80 256
80 235
80 241
80 243
80 246
81 145
81 146
81 149
81 150
81 121
81 124
82 256
82 235
82 243
82 246
83 259
83 261
83 266
83 269
84 297
84 244
84 251
85 258
85 259
85 261
85 266
85 269
86 258
86 259
86 266
86 269
87 241
87 243
88 261
88 266
88 269
89 258
89 259
89 261
89 266
89 269
90 258
90 259
90 261
90 266
90 269
91 172
91 174
91 181
91 277
91 280
91 282
92 172
92 173
92 181
92 183
92 289
92 277
92 280
92 282
92 283
93 172
93 173
93 183
93 289
93 277
93 280
93 282
93 283
94 172
94 173
94 181
94 183
94 289
94 277
94 280
94 282
94 283
95 235
95 241
95 243
95 246
96 256
96 235
96 241
96 243
96 246
97 256
97 235
97 241
97 243
97 246
98 172
98 173
98 181
98 183
98 277
98 280
98 282
98 283
99 256
99 235
99 241
99 246
100 257
100 252
100 253
100 254
100 255
100 260
100 245
100 247
100 249
100 250
101 257
101 252
101 253
101 254
101 255
101 260
101 245
101 247
101 249
101 250
102 257
102 252
102 253
102 254
102 260
102 245
102 247
102 249
102 250
103 252
103 253
103 254
103 255
103 260
103 245
103 247
103 250
104 256
104 235
104 241
104 243
104 246
105 257
105 252
105 253
105 254
105 255
105 260
105 245
105 249
106 225
106 227
106 230
106 238
107 225
107 227
107 230
107 238
108 128
108 123
108 127
108 224
108 163
108 164
108 165
108 214
108 218
109 128
109 123
109 127
109 224
109 163
109 164
109 165
109 214
109 218
110 225
110 227
110 230
110 231
110 238
111 123
111 127
111 224
111 163
111 164
111 165
111 214
111 216
111 217
111 218
112 145
112 146
112 149
112 150
112 158
113 227
113 230
113 231
113 238
114 225
114 227
114 230
114 231
114 238
115 145
115 146
115 149
115 150
115 158
117 224
117 214
117 218
117 127
118 122
118 123
118 127
118 224
118 163
118 164
118 165
118 214
118 218
119 217
119 128
119 123
119 127
120 128
120 123
120 127
120 224
120 163
120 164
120 165
120 214
120 218
122 224
122 163
122 164
122 165
122 216
122 217
122 218
123 224
123 163
123 164
123 165
123 214
123 216
123 218
125 210
125 213
125 215
125 219
126 210
126 211
126 213
126 215
126 219
127 224
127 163
127 164
127 165
127 214
127 216
127 217
127 218
128 224
128 163
128 164
128 165
128 216
128 218
129 210
129 211
129 213
129 219
130 268
130 270
130 271
130 272
130 273
131 268
131 270
131 271
131 273
132 224
132 163
132 164
132 165
132 214
132 218
133 268
133 270
133 271
133 272
133 273
134 210
134 213
134 219
135 210
135 213
135 215
135 219
136 268
136 270
136 271
136 272
136 273
141 194
141 200
141 204
141 189
141 179
141 180
141 182
141 184
141 185
142 194
142 200
142 204
142 189
142 179
142 180
142 182
142 185
144 194
144 200
144 204
144 189
144 179
144 180
144 182
144 184
144 185
147 194
147 200
147 204
147 189
147 190
147 180
147 182
147 185
148 270
148 271
148 272
148 273
151 200
151 204
151 190
151 179
151 180
151 182
151 184
151 185
152 169
152 171
153 168
153 169
153 170
153 171
154 167
154 168
154 169
154 170
154 171
155 179
155 182
155 194
155 200
155 204
155 189
155 190
156 167
156 168
156 169
156 170
156 171
157 179
157 180
157 182
157 184
157 200
157 204
157 190
159 179
159 180
159 182
159 184
159 185
159 194
159 200
159 204
159 189
159 190
160 179
160 180
160 182
160 184
160 194
160 204
161 169
161 171
162 179
162 180
162 182
162 184
162 185
162 194
162 200
162 204
162 189
165 224
174 277
174 282
180 194
180 204
180 189
184 194
191 278
192 293
192 294
192 295
192 298
192 299
196 293
196 294
196 295
197 293
197 294
197 295
197 299
198 293
198 264
202 293
202 263
202 294
202 298
203 284
205 292
205 296
205 300
206 292
206 296
206 300
207 276
208 292
208 296
208 300
209 292
209 296
209 300
212 292
212 296
212 300
262 293
262 294
262 295
262 298
262 299
263 298
264 293
264 294
264 295
265 293
265 294
265 295
265 298
265 299
267 298
278 288
278 284
278 287
285 288
