heur028_n_330_m_3253
1 160
1 161
1 163
1 164
1 165
1 199
1 200
1 241
1 158
1 159
2 289
2 259
2 260
2 295
2 298
3 160
3 161
3 163
3 164
3 165
3 199
3 200
3 241
3 158
3 159
4 100
4 101
4 142
4 212
4 213
4 214
4 215
4 216
4 58
4 59
5 289
5 259
5 260
5 295
5 298
6 289
6 259
6 260
6 295
6 298
7 321
7 322
7 281
7 282
7 319
7 248
7 166
7 207
8 289
8 259
8 260
8 295
8 298
9 160
9 161
9 163
9 164
9 165
9 199
9 200
9 241
9 158
9 159
10 289
10 259
10 260
10 295
10 298
11 321
11 322
11 281
11 282
11 319
11 248
11 166
11 207
12 169
12 171
12 210
12 211
12 127
12 108
12 145
12 146
12 148
12 188
13 169
13 171
13 210
13 211
13 127
13 108
13 145
13 146
13 148
13 188
14 169
14 171
14 210
14 211
14 127
14 108
14 145
14 146
14 148
14 188
15 169
15 171
15 210
15 211
15 127
15 108
15 145
15 146
15 148
15 188
16 71
16 73
16 112
16 113
16 155
16 299
16 300
16 301
16 302
16 304
16 242
16 243
16 244
16 245
16 284
17 71
17 73
17 112
17 113
17 155
17 299
17 300
17 301
17 302
17 304
17 242
17 243
17 244
17 245
17 284
18 321
18 322
18 281
18 282
18 319
18 248
18 166
18 207
19 45
19 47
19 160
19 161
19 163
19 164
19 165
19 199
19 200
19 241
19 158
19 159
20 71
20 73
20 112
20 113
20 155
20 299
20 300
20 301
20 302
20 304
20 242
20 243
20 244
20 245
20 284
21 73
21 112
21 113
21 155
21 299
21 300
21 301
21 302
21 304
21 242
21 243
21 244
21 245
21 284
22 45
22 47
22 160
22 161
22 163
22 164
22 165
22 199
22 200
22 241
22 158
22 159
23 73
23 112
23 113
23 155
23 299
23 300
23 301
23 302
23 304
23 242
23 243
23 244
23 245
23 284
24 45
24 47
24 160
24 161
24 163
24 164
24 165
24 199
24 200
24 241
24 158
24 159
25 45
25 47
25 160
25 161
25 163
25 164
25 165
25 199
25 200
25 241
25 158
25 159
26 45
26 47
26 160
26 161
26 163
26 164
26 165
26 199
26 200
26 241
26 158
26 159
27 224
27 183
27 184
27 185
27 187
27 288
27 290
27 228
27 229
27 230
27 267
27 270
27 285
27 286
27 287
28 224
28 183
28 184
28 185
28 187
28 288
28 290
28 228
28 229
28 230
28 267
28 270
28 285
28 286
28 287
29 224
29 183
29 184
29 185
29 187
29 288
29 290
29 228
29 229
29 230
29 267
29 270
29 285
29 286
29 287
30 224
30 183
30 184
30 185
30 187
30 288
30 290
30 228
30 229
30 230
30 267
30 270
30 285
30 286
30 287
31 96
31 136
31 137
31 138
31 178
31 194
31 195
31 196
31 197
31 198
32 224
32 183
32 184
32 185
32 187
32 288
32 290
32 228
32 229
32 230
32 267
32 270
32 285
32 286
32 287
33 289
33 259
33 260
33 295
33 298
34 289
34 259
34 260
34 295
34 298
35 96
35 136
35 137
35 138
35 178
35 194
35 195
35 196
35 197
35 198
36 289
36 259
36 260
36 295
36 298
37 96
37 136
37 137
37 138
37 178
37 194
37 195
37 196
37 197
37 198
38 96
38 136
38 137
38 138
38 178
38 194
38 195
38 196
38 197
38 198
39 96
39 136
39 137
39 138
39 178
39 194
39 195
39 196
39 197
39 198
40 289
40 259
40 260
40 295
40 298
41 102
41 104
41 105
41 106
41 143
41 323
41 324
41 325
41 326
41 327
41 85
41 86
41 124
41 126
42 102
42 104
42 105
42 106
42 143
42 323
42 324
42 325
42 326
42 327
42 85
42 86
42 124
42 126
43 289
43 259
43 260
43 295
43 298
44 102
44 104
44 105
44 106
44 143
44 323
44 324
44 325
44 326
44 327
44 126
45 160
45 161
45 163
45 164
45 165
45 199
45 200
45 241
45 158
45 159
46 321
46 322
46 281
46 282
46 319
46 248
46 166
46 207
47 160
47 161
47 163
47 164
47 165
47 199
47 200
47 241
47 158
47 159
48 257
48 262
48 263
48 264
48 222
48 65
48 66
48 68
48 110
48 61
49 321
49 322
49 281
49 282
49 319
49 248
49 166
49 207
50 169
50 171
50 210
50 211
50 127
50 108
50 145
50 146
50 148
50 188
51 80
51 81
51 83
51 116
51 118
51 330
51 303
51 306
51 311
51 314
52 80
52 81
52 83
52 116
52 118
52 330
52 303
52 306
52 311
52 314
53 80
53 81
53 83
53 116
53 118
53 330
53 303
53 306
53 311
53 314
54 140
54 141
54 182
54 134
54 193
54 274
54 191
55 140
55 141
55 182
55 134
55 193
55 274
55 191
56 140
56 141
56 182
56 134
56 193
56 274
56 191
57 140
57 141
57 182
57 134
57 193
57 274
57 191
58 212
58 213
58 214
58 215
58 216
59 212
59 213
59 214
59 215
59 216
60 107
60 109
60 111
60 147
60 149
60 235
60 114
60 152
60 153
60 154
61 257
61 131
61 262
61 263
61 264
61 87
61 88
61 89
61 222
62 308
62 309
62 310
62 313
62 316
62 217
62 218
62 219
62 220
62 221
63 109
63 111
63 147
63 149
63 235
63 114
63 152
63 153
63 154
64 111
64 149
64 235
64 114
64 152
64 153
64 154
65 257
65 131
65 262
65 263
65 264
65 87
65 88
65 89
65 222
66 257
66 131
66 262
66 263
66 264
66 87
66 88
66 89
66 222
67 291
67 292
67 293
67 328
67 329
67 225
67 226
67 265
67 268
67 186
68 257
68 131
68 262
68 263
68 264
68 87
68 88
68 89
68 222
69 291
69 292
69 293
69 328
69 329
69 225
69 226
69 265
69 268
69 186
70 291
70 292
70 293
70 328
70 329
70 225
70 226
70 265
70 268
70 186
71 299
71 300
71 301
71 302
71 304
71 242
71 243
71 244
71 245
71 284
72 291
72 292
72 293
72 328
72 329
72 225
72 226
72 265
72 268
72 186
73 299
73 300
73 301
73 302
73 304
73 242
73 243
73 244
73 245
73 284
74 291
74 292
74 293
74 328
74 329
74 225
74 226
74 265
74 268
74 186
75 167
75 168
75 201
75 202
75 203
75 204
75 205
75 206
75 208
75 209
76 167
76 168
76 201
76 202
76 203
76 204
76 205
76 206
76 208
76 209
77 102
77 104
77 105
77 106
77 143
77 323
77 324
77 325
77 326
77 327
77 85
77 86
77 124
77 126
78 167
78 168
78 201
78 202
78 203
78 204
78 205
78 206
78 208
78 209
79 102
79 104
79 105
79 106
79 143
79 323
79 324
79 325
79 326
79 327
79 85
79 86
79 124
79 126
80 91
80 92
80 330
80 303
80 306
80 311
80 314
81 91
81 92
81 330
81 303
81 306
81 311
81 314
82 323
82 324
82 325
82 326
82 327
82 102
82 104
82 105
82 106
82 143
83 91
83 92
83 330
83 303
83 306
83 311
83 314
84 167
84 168
84 201
84 202
84 203
84 204
84 205
84 206
84 208
84 209
85 323
85 324
85 325
85 326
85 327
85 102
85 104
85 105
85 106
85 143
86 323
86 324
86 325
86 326
86 327
86 102
86 104
86 105
86 106
86 143
87 257
87 262
87 263
87 264
87 222
87 110
88 257
88 262
88 263
88 264
88 222
88 110
89 257
89 262
89 263
89 264
89 222
89 110
90 231
90 236
90 237
90 307
90 275
90 276
90 312
90 315
90 317
90 318
91 116
91 118
91 330
91 303
91 306
91 311
91 314
92 116
92 118
92 330
92 303
92 306
92 311
92 314
93 115
93 117
93 119
93 156
93 157
93 162
93 120
93 121
93 122
93 123
93 223
94 115
94 117
94 119
94 156
94 157
94 162
94 120
94 121
94 122
94 123
94 223
95 115
95 117
95 119
95 156
95 157
95 162
95 120
95 121
95 122
95 123
95 223
96 194
96 195
96 196
96 197
96 198
97 115
97 117
97 119
97 156
97 157
97 162
97 120
97 121
97 122
97 123
97 223
98 280
98 283
98 239
98 192
98 150
98 151
98 189
98 190
99 280
99 283
99 239
99 192
99 150
99 151
99 189
99 190
100 212
100 213
100 214
100 215
100 216
101 212
101 213
101 214
101 215
101 216
102 323
102 324
102 325
102 326
102 327
102 124
102 126
103 109
103 111
103 149
103 235
103 114
103 152
103 153
103 154
104 323
104 324
104 325
104 326
104 327
104 124
104 126
105 323
105 324
105 325
105 326
105 327
105 124
105 126
106 323
106 324
106 325
106 326
106 327
106 124
106 126
107 144
107 235
107 114
107 152
107 153
107 154
108 169
108 171
108 210
108 211
108 127
109 144
109 235
109 114
109 153
109 154
110 257
110 131
110 262
110 263
110 264
110 222
111 144
111 235
111 154
112 299
112 300
112 301
112 302
112 304
112 242
112 243
112 244
112 245
112 284
113 299
113 300
113 301
113 302
113 304
113 242
113 243
113 244
113 245
113 284
114 144
114 147
114 149
115 135
115 162
115 120
115 121
115 122
115 123
115 223
116 330
116 303
116 306
116 311
116 314
117 135
117 162
117 121
117 122
117 123
117 223
118 330
118 303
118 306
118 311
118 314
119 135
119 223
120 223
120 135
120 157
120 156
121 223
121 135
121 157
121 156
122 223
122 135
122 157
122 156
123 223
123 135
123 157
123 156
124 323
124 324
124 325
124 326
124 327
124 143
125 167
125 168
125 201
125 202
125 203
125 204
125 205
125 206
125 208
125 209
126 323
126 324
126 325
126 326
126 327
126 143
127 145
127 146
127 148
127 188
128 261
128 294
128 296
128 297
128 305
128 246
128 247
128 250
128 251
128 252
129 261
129 294
129 296
129 297
129 305
129 246
129 247
129 250
129 251
129 252
130 261
130 294
130 296
130 297
130 305
130 246
130 247
130 250
130 251
130 252
131 257
131 262
131 263
131 264
131 222
132 231
132 236
132 237
132 307
132 275
132 276
132 312
132 315
132 317
132 318
133 231
133 236
133 237
133 307
133 275
133 276
133 312
133 315
133 317
133 318
134 140
134 141
134 182
134 193
134 274
134 191
135 156
135 157
135 162
135 223
136 194
136 195
136 196
136 197
136 198
137 194
137 195
137 196
137 197
137 198
138 194
138 195
138 196
138 197
138 198
139 280
139 283
139 239
139 192
139 150
139 151
139 189
139 190
140 193
140 274
140 191
141 193
141 274
141 191
142 212
142 213
142 214
142 215
142 216
143 323
143 324
143 325
143 326
143 327
144 149
144 235
144 152
144 153
144 154
145 169
145 171
145 210
145 211
146 169
146 171
146 210
146 211
147 235
147 152
147 153
147 154
148 169
148 171
148 210
148 211
149 235
149 153
149 154
150 239
150 180
150 181
150 280
150 283
151 239
151 180
151 181
151 280
151 283
155 299
155 300
155 301
155 302
155 304
155 242
155 243
155 244
155 245
155 284
156 162
156 223
157 162
157 223
158 241
159 163
159 164
159 165
161 164
161 165
162 223
163 199
163 200
163 241
164 199
164 200
164 241
165 199
165 200
165 241
166 321
166 322
166 281
166 282
166 319
167 201
167 202
167 203
167 204
168 201
168 202
168 203
168 204
168 205
169 188
170 261
170 294
170 296
170 297
170 305
170 246
170 247
170 250
170 251
170 252
171 188
172 231
172 236
172 237
172 307
172 275
172 276
172 312
172 315
172 317
172 318
173 231
173 236
173 237
173 307
173 275
173 276
173 312
173 315
173 317
173 318
174 256
174 258
174 249
174 253
174 254
174 255
175 256
175 258
175 249
175 253
175 254
175 255
176 256
176 258
176 249
176 253
176 254
176 255
177 256
177 258
177 249
177 253
177 254
177 255
178 194
178 195
178 196
178 197
178 198
179 256
179 258
179 249
179 253
179 254
179 255
180 280
180 283
180 239
180 192
180 189
180 190
181 280
181 283
181 239
181 192
181 189
181 190
182 193
182 274
182 191
183 288
183 290
183 228
183 229
183 230
183 267
183 270
183 285
183 286
183 287
184 288
184 290
184 228
184 229
184 230
184 267
184 270
184 285
184 286
184 287
185 288
185 290
185 229
185 230
185 270
185 285
185 286
185 287
186 291
186 292
186 293
186 328
186 329
187 288
187 290
187 270
187 285
187 286
187 287
188 210
188 211
189 239
189 280
189 283
190 239
190 280
190 283
192 239
192 280
192 283
201 206
201 208
201 209
202 206
202 208
202 209
203 206
203 208
203 209
204 208
204 209
205 209
207 321
207 322
207 281
207 282
207 319
217 308
217 309
217 310
217 313
217 316
218 308
218 309
218 310
218 313
218 316
219 308
219 309
219 310
219 313
219 316
220 308
220 309
220 310
220 313
220 316
221 308
221 309
221 310
221 313
221 316
224 288
224 290
224 228
224 229
224 230
224 270
224 285
224 286
224 287
225 291
225 292
225 293
225 328
225 329
226 291
226 292
226 293
226 328
226 329
227 320
227 238
227 240
227 278
227 279
227 232
227 233
227 234
227 273
227 277
228 288
228 290
228 285
228 286
228 287
229 288
229 290
229 285
229 286
229 287
230 288
230 290
230 285
230 286
230 287
231 307
231 312
231 315
231 317
231 318
232 320
232 266
232 238
232 240
232 278
232 279
233 320
233 266
233 269
233 238
233 240
233 278
233 279
234 320
234 266
234 269
234 238
234 271
234 240
234 278
234 279
236 307
236 312
236 315
236 317
236 318
237 307
237 312
237 315
237 317
237 318
238 266
238 269
238 271
238 272
238 273
238 277
240 266
240 269
240 271
240 272
240 273
240 277
242 299
242 300
242 301
242 302
242 304
243 299
243 300
243 301
243 302
243 304
244 299
244 300
244 301
244 302
244 304
245 299
245 300
245 301
245 302
245 304
246 261
246 294
246 296
246 297
246 305
247 261
247 294
247 296
247 297
247 305
248 321
248 322
248 281
248 282
248 319
249 256
249 258
249 253
249 254
249 255
250 261
250 294
250 296
250 297
250 305
251 261
251 294
251 296
251 297
251 305
252 261
252 294
252 296
252 297
252 305
265 291
265 292
265 293
265 328
265 329
266 320
266 278
266 279
266 273
266 277
267 288
267 290
267 285
267 286
267 287
268 291
268 292
268 293
268 328
268 329
269 320
269 278
269 279
269 277
270 288
270 290
270 285
270 286
270 287
271 320
271 278
271 279
271 277
272 320
272 278
272 279
272 277
273 320
273 278
273 279
275 307
276 307
276 312
277 320
277 279
284 299
284 300
284 301
284 302
284 304
