heur024_n_329_m_27115
1 74
1 173
1 144
1 125
1 87
1 93
1 192
1 201
1 76
1 181
1 186
2 232
2 124
2 30
2 23
2 32
2 257
2 299
2 270
2 29
2 254
3 195
3 261
3 138
3 187
4 74
4 173
4 144
4 125
4 93
4 192
4 201
4 76
4 186
5 282
5 327
5 326
5 287
5 177
5 174
5 56
5 49
5 42
5 54
6 296
6 7
6 222
7 161
7 194
7 211
7 222
7 103
7 296
7 13
7 114
8 10
8 122
8 132
8 275
8 115
8 312
9 35
9 307
9 286
10 226
10 221
10 256
10 280
10 132
10 264
10 275
10 115
10 312
11 291
11 294
11 116
11 119
11 152
11 141
11 60
11 63
11 39
11 245
11 237
12 28
12 38
12 185
12 204
12 313
12 310
12 213
12 205
12 34
12 130
12 140
12 44
12 46
12 24
13 296
13 193
13 103
13 161
13 16
14 195
14 261
14 138
14 187
15 293
15 321
15 68
15 329
15 43
16 211
16 222
16 296
16 114
17 200
17 209
17 283
17 182
17 223
17 322
17 316
17 172
17 108
17 112
17 21
17 183
17 27
18 35
18 307
18 286
19 148
19 33
19 252
19 318
20 148
20 33
20 252
20 318
21 172
21 183
21 283
22 298
22 293
22 68
22 43
22 190
23 232
23 171
23 89
23 253
23 254
24 130
24 140
24 204
24 185
25 206
25 26
26 297
26 279
26 328
26 324
26 36
26 101
26 102
26 165
26 105
26 206
26 142
27 172
27 183
27 322
27 182
27 283
28 185
28 204
28 130
28 140
29 299
29 254
29 232
29 171
29 89
29 124
29 253
30 232
30 171
30 89
30 124
30 253
30 299
31 258
31 303
31 80
31 50
31 247
31 314
31 166
31 136
31 137
31 139
31 178
31 117
32 232
32 171
32 89
32 124
32 253
33 252
33 318
33 73
33 75
33 77
33 148
33 85
34 130
34 140
34 204
34 185
35 307
35 235
35 229
35 286
35 61
35 71
35 250
35 251
36 101
36 102
36 165
36 105
36 206
36 297
36 279
37 252
37 318
37 148
38 185
38 204
38 130
38 140
39 60
39 63
39 291
39 294
39 141
39 116
39 119
39 152
39 245
39 237
40 188
40 274
41 133
41 167
41 126
41 66
41 305
42 79
43 242
44 140
44 130
44 204
44 213
44 310
44 185
45 188
45 281
45 267
45 97
45 274
45 91
45 215
45 320
45 65
45 227
45 325
45 168
45 169
45 233
45 59
46 140
46 130
46 204
46 185
47 157
47 311
47 163
47 150
48 157
48 311
48 163
48 150
49 327
49 79
50 258
51 305
51 133
51 167
51 126
52 150
52 163
52 311
53 295
53 167
53 276
53 126
53 66
53 304
53 305
53 82
54 79
55 150
55 163
55 311
56 79
57 160
57 184
57 231
57 145
57 156
57 159
59 274
59 188
60 237
61 307
61 286
61 251
62 274
62 227
63 294
63 141
63 116
63 119
63 237
64 242
65 274
65 215
65 188
66 69
66 304
66 305
66 133
66 295
66 167
66 88
66 126
67 160
67 145
67 156
67 159
68 242
68 190
69 305
69 133
69 167
69 126
71 307
71 286
71 251
72 224
72 220
72 199
72 248
72 266
72 175
72 176
72 315
72 317
73 252
73 318
73 77
73 148
74 125
74 173
74 93
74 87
74 192
74 201
74 76
74 181
74 186
75 252
75 318
75 77
75 84
76 192
76 201
76 186
76 181
76 173
76 144
76 93
76 87
76 125
77 148
77 252
77 318
78 145
78 156
78 159
78 184
79 282
79 327
79 326
79 287
79 177
79 174
80 314
80 303
80 258
80 247
80 166
80 136
80 137
80 139
80 178
80 117
81 195
81 261
81 265
81 138
81 120
81 187
82 305
82 133
82 167
82 88
82 126
83 199
83 175
83 176
84 148
84 252
84 318
85 252
85 318
86 157
86 311
86 163
86 150
87 144
88 295
88 167
88 126
88 305
89 232
89 124
89 253
89 257
89 299
89 270
89 254
91 274
91 188
92 195
92 261
92 138
92 187
93 144
93 192
93 201
95 273
95 277
95 198
95 272
95 146
95 278
95 153
95 218
96 273
96 277
96 225
96 198
96 272
96 146
96 278
96 153
96 218
97 274
97 188
98 216
98 121
100 289
100 216
100 121
101 206
101 102
102 165
102 105
102 324
102 328
103 296
103 161
103 211
104 157
104 311
104 163
104 150
105 206
105 324
105 328
105 297
106 195
106 261
106 138
106 187
107 195
107 261
107 138
107 187
108 172
108 183
108 283
109 289
109 216
109 121
110 289
110 123
110 216
110 121
111 175
111 176
111 315
112 183
112 182
112 283
113 156
113 159
113 184
114 161
114 194
115 256
115 312
115 132
115 264
115 280
115 226
115 122
115 221
116 291
116 294
116 245
116 237
118 187
118 195
118 138
118 261
119 294
119 245
119 237
120 187
120 195
120 138
120 261
121 202
121 203
121 162
121 301
121 238
121 306
121 216
121 249
121 289
121 290
121 269
121 123
122 226
122 221
122 256
122 280
122 132
122 264
122 275
122 312
123 269
123 203
123 216
124 171
124 253
124 257
124 299
124 270
124 254
125 144
125 192
125 201
126 288
126 276
126 255
126 133
126 304
127 216
127 289
128 153
128 146
128 198
128 218
128 272
128 278
128 273
128 277
129 145
129 156
129 159
130 313
130 204
130 205
130 213
130 310
130 185
131 170
131 228
131 230
131 189
132 264
132 280
132 256
132 312
132 275
132 226
132 221
133 288
133 295
133 167
133 276
133 255
133 304
133 305
134 228
134 230
134 189
135 284
136 137
136 258
137 166
137 258
138 259
138 265
140 313
140 204
140 205
140 213
140 310
140 185
141 245
141 237
142 206
143 163
143 157
143 311
144 173
144 192
144 201
144 181
144 186
145 231
145 156
145 236
145 159
145 160
145 184
146 218
146 198
146 225
146 272
147 284
147 263
147 164
147 302
148 252
148 318
149 228
149 230
149 189
150 163
150 157
150 151
150 311
151 311
151 163
152 245
152 237
153 218
153 198
153 225
153 272
153 278
153 273
154 189
154 230
154 228
154 170
155 196
156 236
156 231
156 160
156 184
157 311
157 163
158 219
158 208
158 196
158 197
158 292
158 300
158 179
158 180
158 285
158 319
159 236
159 231
159 160
159 184
160 231
161 211
161 222
161 193
161 296
162 289
163 311
164 239
164 284
165 206
165 324
165 328
165 297
166 258
167 288
167 295
167 276
167 255
168 274
168 215
168 188
169 274
169 188
170 228
170 230
170 308
170 189
170 191
171 232
171 257
171 299
171 270
171 254
172 322
172 200
172 234
172 209
172 182
172 283
172 316
172 223
173 192
173 186
175 315
175 317
175 266
175 271
175 224
175 199
175 243
175 244
175 246
175 248
175 220
176 315
176 317
176 266
176 271
176 224
176 199
176 243
176 244
176 246
176 248
176 220
179 180
179 285
179 208
180 285
180 300
180 197
180 208
180 212
182 234
182 183
183 322
183 200
183 234
183 209
183 283
183 316
183 223
184 231
185 313
185 310
185 213
185 205
186 201
187 265
187 259
188 281
188 267
188 274
188 215
188 320
188 227
188 325
188 233
189 191
189 323
189 228
189 308
191 230
191 228
192 201
193 211
193 222
194 211
194 222
194 296
195 265
195 259
196 292
196 285
196 300
196 219
196 208
196 210
196 212
197 285
197 208
198 225
198 272
198 278
198 277
199 248
199 243
199 244
199 246
199 224
199 220
199 271
199 315
199 317
200 283
202 216
202 289
203 216
203 289
204 313
204 310
204 213
204 205
206 324
206 328
206 279
207 284
208 319
209 283
211 296
212 285
215 267
215 227
215 233
216 249
216 238
216 306
216 301
216 289
216 290
216 269
218 225
218 272
218 278
218 277
220 248
220 315
221 275
221 312
222 296
223 283
224 243
225 272
225 278
225 273
225 277
226 275
226 312
227 274
228 323
228 308
228 230
229 307
229 286
229 251
230 323
230 308
232 253
232 257
232 299
232 270
232 254
233 325
233 274
234 283
235 307
235 286
235 251
237 291
237 294
238 289
239 284
239 302
240 284
241 302
242 329
242 321
242 293
243 248
243 271
243 315
245 294
249 289
250 307
250 286
251 307
251 286
253 257
253 299
253 270
253 254
254 299
255 305
256 275
257 299
258 303
259 261
261 265
264 312
264 275
267 274
269 289
274 281
274 320
274 325
275 312
275 280
276 305
277 278
279 328
279 324
280 312
283 322
283 316
284 309
284 302
285 300
285 319
288 305
289 290
289 301
289 306
295 305
297 328
297 324
