heur006_n_180_m_6067
1 45
1 22
1 28
2 45
2 22
3 42
4 42
5 109
5 110
5 111
5 117
5 118
5 122
6 45
6 22
6 28
7 109
7 110
7 111
7 117
7 118
7 122
8 45
8 22
9 160
9 162
9 168
9 169
9 157
9 159
10 110
10 111
10 112
10 117
10 118
11 109
11 110
11 111
11 112
11 117
11 118
11 122
12 160
12 162
12 168
12 169
12 158
12 159
13 160
13 162
13 168
13 169
13 158
13 159
14 42
15 109
15 110
15 111
15 112
15 117
15 118
15 122
16 160
16 162
16 168
16 169
16 157
16 159
17 160
17 162
17 168
17 169
17 157
17 159
18 109
18 110
18 111
18 112
18 117
18 118
18 122
19 45
19 22
19 28
20 110
20 111
20 118
20 122
21 160
21 162
21 168
21 169
21 157
21 158
21 159
23 77
23 53
24 160
24 162
24 169
24 157
24 158
24 159
25 77
26 44
26 53
27 41
27 44
27 77
27 53
28 42
29 77
30 100
30 76
30 55
30 60
30 62
30 63
31 76
31 78
31 63
32 76
32 55
32 60
32 63
33 40
33 44
34 100
34 76
34 55
34 60
34 62
34 63
36 100
36 76
36 78
37 100
37 55
37 60
37 62
37 63
38 100
38 76
38 78
38 55
38 60
38 62
38 63
39 43
48 173
48 176
52 172
52 173
52 175
52 176
54 161
54 171
54 148
54 152
54 153
54 154
54 156
56 161
56 171
56 148
56 152
56 154
56 156
57 171
57 152
57 154
57 156
58 161
58 148
58 152
58 154
58 156
59 80
59 81
59 82
59 83
59 87
59 126
61 80
61 82
61 83
61 84
61 87
61 126
64 140
64 120
64 123
65 132
65 138
65 139
65 140
65 120
65 123
66 161
66 171
66 148
66 152
66 154
66 156
67 132
67 138
67 139
67 140
67 120
67 123
68 81
68 82
68 83
68 87
68 126
69 161
69 171
69 148
69 152
69 154
69 156
70 80
70 81
70 84
70 87
70 126
71 81
71 83
71 87
71 126
72 161
72 171
72 148
72 152
72 153
72 154
72 156
73 80
73 84
73 126
74 132
74 138
74 139
74 140
74 120
74 123
75 132
75 138
75 139
75 140
75 115
75 120
75 123
85 141
85 147
85 151
86 115
88 141
88 149
88 150
88 151
89 141
89 147
89 149
89 150
89 151
89 155
91 141
91 149
91 151
92 141
92 155
93 141
94 131
94 134
94 135
94 137
94 146
95 131
95 134
95 135
95 137
95 146
96 131
96 134
96 137
97 130
97 131
97 134
97 135
97 146
98 130
98 131
98 135
98 137
98 146
99 130
99 131
99 134
99 135
99 146
101 130
101 131
101 134
101 135
102 163
102 164
102 165
102 166
102 167
103 163
103 165
103 166
103 167
103 170
103 174
104 163
104 164
104 165
104 166
104 167
104 170
104 174
105 163
105 164
105 165
105 166
105 167
105 170
106 163
106 164
106 165
106 166
106 167
106 170
106 174
107 128
107 133
107 136
107 142
107 145
108 128
108 129
108 133
108 136
108 142
108 145
108 127
113 128
113 129
113 133
113 136
113 142
114 128
114 129
114 133
114 136
114 142
114 145
114 127
115 144
116 128
116 133
116 136
116 142
119 163
119 164
119 165
119 166
119 167
119 170
121 136
121 145
123 144
124 163
124 166
124 167
124 170
124 174
