heur016_n_300_m_15456
1 264
1 274
1 96
1 98
1 132
1 139
1 175
1 207
1 54
2 232
2 106
2 43
2 86
2 88
2 219
2 242
2 236
2 266
2 250
2 246
3 241
3 258
3 261
3 255
3 122
3 115
4 276
4 197
4 235
4 177
4 188
4 216
4 218
5 66
5 61
5 264
5 274
5 98
5 196
5 164
5 132
5 139
5 175
5 207
5 53
5 54
6 36
6 37
6 170
6 182
6 187
6 124
6 127
7 232
7 106
7 43
7 88
7 219
7 242
7 236
7 266
7 250
7 244
7 246
8 122
8 115
8 258
8 261
8 241
8 255
9 241
9 258
9 261
9 255
9 122
9 115
10 36
10 170
10 182
10 187
10 124
10 127
11 278
11 271
11 59
11 68
11 257
11 226
11 227
11 69
11 72
11 240
12 233
12 238
12 32
12 34
12 134
12 105
12 50
12 245
12 251
12 125
13 192
13 193
13 168
13 146
13 121
13 109
13 112
13 129
13 114
13 133
14 276
14 235
14 218
15 216
15 218
15 197
15 235
16 278
16 271
16 59
16 68
16 257
16 226
16 227
16 69
17 168
17 121
17 109
17 112
17 129
17 114
17 133
18 122
18 115
18 258
18 261
18 241
18 255
19 233
19 238
19 32
19 34
19 134
19 105
19 50
19 245
19 251
19 125
20 124
20 36
20 37
20 127
21 163
21 165
21 210
21 211
21 172
21 173
21 85
22 187
22 182
22 178
22 170
22 124
22 36
22 37
22 127
23 216
23 218
23 197
23 235
24 217
24 221
24 92
24 231
24 260
24 263
25 163
25 165
25 210
25 211
25 172
25 173
25 84
25 85
26 115
26 122
26 258
26 261
26 241
26 255
27 216
27 218
27 197
27 235
27 177
27 276
28 115
28 122
28 258
28 261
28 241
28 255
29 217
29 228
29 190
29 221
29 93
29 231
29 260
29 263
30 216
30 218
30 197
30 203
30 235
30 188
31 295
31 209
31 180
31 87
31 215
32 233
32 134
32 105
32 245
32 251
32 125
33 140
33 295
33 299
33 209
33 180
33 212
33 87
33 215
34 233
34 238
34 134
34 105
34 245
34 251
34 125
35 199
35 195
35 288
35 99
35 100
35 294
36 124
36 127
36 170
36 178
36 182
36 187
37 124
37 127
37 170
37 178
37 182
37 187
38 65
38 184
38 183
38 77
38 174
38 81
39 65
39 184
39 183
39 161
39 77
39 174
39 81
40 199
40 195
40 288
40 99
40 100
41 63
41 130
41 291
41 286
41 126
41 287
42 157
42 143
42 82
42 75
42 208
42 265
42 198
42 262
42 292
42 298
42 243
42 116
42 249
43 88
43 219
43 86
43 242
43 236
43 266
43 250
43 246
44 161
44 174
44 77
44 65
44 183
44 184
45 57
45 289
45 130
45 291
45 286
45 126
45 287
46 161
46 174
46 183
46 184
47 57
47 289
47 291
47 286
47 126
47 287
48 154
48 162
48 239
48 272
48 152
48 281
48 283
48 284
49 157
49 143
49 75
49 208
49 198
49 262
49 298
49 113
49 243
49 116
49 249
50 245
50 251
50 233
50 238
51 256
51 169
51 171
51 259
51 252
51 254
51 200
51 237
51 205
51 149
51 247
51 153
52 256
52 169
52 171
52 259
52 252
52 254
52 237
52 205
52 149
52 247
52 153
53 96
53 98
53 196
53 164
53 175
53 207
53 264
53 274
53 61
54 96
54 98
54 196
54 164
54 175
54 207
54 132
54 264
54 274
55 156
55 158
55 194
55 179
55 120
55 117
55 297
55 296
55 151
56 156
56 158
56 191
56 194
56 179
56 167
56 120
56 117
56 160
56 297
56 296
56 151
57 130
57 286
57 126
58 130
58 126
59 278
59 257
59 227
59 240
60 230
60 239
61 264
61 274
61 96
61 132
61 139
61 207
62 213
62 206
62 293
62 290
62 176
62 181
62 186
63 130
63 291
63 126
63 287
64 184
64 183
64 81
65 184
65 183
66 264
66 274
66 96
66 132
66 139
66 207
67 199
67 195
67 288
68 278
68 271
68 257
68 240
69 240
69 257
69 227
70 195
70 199
70 288
70 100
70 294
71 195
71 288
71 100
72 240
72 257
72 227
73 90
73 141
73 101
73 102
73 135
73 103
73 107
73 119
73 89
74 211
74 172
74 173
74 84
75 143
75 208
75 265
75 198
75 262
75 298
75 113
75 243
75 116
75 249
76 213
76 206
76 300
76 293
76 290
76 229
76 234
76 186
77 184
78 199
78 195
78 288
78 100
79 101
79 102
79 135
79 103
79 107
79 148
79 119
79 89
79 95
80 210
80 211
80 84
80 85
81 184
82 143
82 265
82 198
82 262
82 113
82 243
82 116
82 249
83 209
83 180
83 299
83 212
83 295
83 215
84 163
84 165
84 173
84 210
84 211
85 163
85 165
85 173
85 210
85 211
86 232
86 219
86 106
86 242
86 236
86 266
86 250
86 244
86 246
87 209
87 180
87 299
87 212
87 295
87 215
87 140
88 232
88 219
88 106
88 242
88 236
88 266
88 250
88 244
88 246
89 144
89 135
89 148
89 107
89 119
89 90
89 141
90 135
90 107
90 144
90 119
91 295
91 299
91 209
91 180
91 215
92 221
92 231
92 228
92 201
92 217
92 190
92 260
92 263
93 221
93 231
93 228
93 201
93 217
93 190
93 260
93 263
94 282
94 275
94 136
94 138
94 137
94 202
94 204
94 145
94 150
95 135
95 107
95 119
96 164
96 175
96 196
96 207
96 139
96 132
96 264
96 274
97 282
97 275
97 136
97 138
97 137
97 202
97 204
97 142
97 145
97 150
98 164
98 175
98 196
98 207
98 139
98 132
98 264
98 274
99 288
99 294
99 199
100 288
100 294
100 195
100 199
101 144
101 135
101 148
101 107
101 119
101 141
102 144
102 135
102 148
102 107
102 119
102 141
103 144
103 135
103 107
103 119
103 141
104 269
104 273
104 277
104 279
104 185
104 189
104 267
104 214
104 280
104 220
105 251
105 233
105 238
106 219
106 266
107 144
107 148
107 141
108 224
108 222
108 270
108 248
109 192
109 168
109 146
110 273
110 277
110 279
110 185
110 189
110 267
110 214
110 280
110 220
111 225
111 223
111 224
111 222
112 192
112 168
112 146
113 249
113 298
113 292
113 143
113 208
114 192
114 146
115 258
115 255
116 298
116 292
116 198
116 262
116 265
116 143
116 208
116 157
117 194
117 167
117 179
117 156
117 158
117 191
117 160
117 297
117 296
117 151
118 225
118 223
118 224
118 222
119 148
119 141
120 194
120 167
120 179
120 156
120 158
120 160
120 297
121 192
121 168
121 146
122 258
123 225
123 224
123 222
123 270
123 248
123 253
124 170
124 178
124 182
125 233
125 238
126 289
126 287
126 286
127 170
127 178
127 182
127 187
128 220
128 214
128 280
128 267
128 269
128 273
128 277
128 279
128 185
128 189
129 192
129 193
129 168
129 146
130 289
130 287
130 291
130 286
131 220
131 214
131 280
131 267
131 273
131 277
131 279
131 185
131 189
132 196
132 164
132 175
132 207
132 264
132 274
133 192
133 168
133 146
134 245
134 233
134 238
135 148
135 141
136 282
136 275
136 202
136 204
136 142
136 145
136 150
137 150
137 204
137 275
137 282
138 282
138 275
138 204
138 150
139 196
139 164
139 175
139 207
139 264
139 274
140 209
140 212
142 282
143 208
143 265
143 198
143 262
143 298
143 243
145 275
145 282
147 272
147 284
149 200
149 237
149 247
149 256
149 259
149 252
149 254
150 202
150 275
150 282
151 296
151 297
152 272
153 256
153 259
153 254
154 230
154 239
154 272
154 284
157 208
157 249
158 194
158 297
158 296
159 230
159 239
159 272
160 296
160 297
160 179
161 184
163 210
163 211
164 196
164 207
164 264
164 274
165 210
165 211
166 186
166 206
167 194
167 296
169 254
171 254
171 200
172 210
172 211
173 210
173 211
174 184
175 264
176 234
176 290
176 293
176 300
176 213
177 276
177 218
179 297
180 295
181 290
181 293
181 300
185 269
185 214
185 280
185 220
188 235
188 276
189 269
189 267
189 214
189 280
189 220
190 221
190 231
190 260
190 263
191 297
191 296
194 297
195 294
196 264
197 235
197 216
197 218
198 243
198 249
200 237
200 247
200 256
200 259
200 252
200 254
201 217
201 221
201 231
201 260
201 263
203 235
203 216
203 218
205 256
205 259
205 252
205 254
206 300
206 293
206 290
206 234
207 264
208 262
208 298
208 243
208 249
209 299
209 295
212 299
212 295
213 300
213 290
213 285
214 269
214 273
214 279
215 299
215 295
216 276
217 260
218 276
219 266
219 250
219 244
220 280
220 273
220 277
220 279
221 260
222 268
222 270
222 253
223 270
223 253
224 268
224 253
225 270
226 240
226 271
226 278
227 240
227 271
227 278
228 260
229 290
229 285
229 293
229 300
230 281
230 283
230 284
231 260
232 266
232 250
232 246
234 290
234 285
234 300
236 244
237 256
237 259
237 254
238 251
239 272
239 281
239 283
239 284
240 271
240 278
243 298
243 292
247 256
249 298
249 292
249 265
252 256
255 261
257 271
257 278
262 292
262 298
265 292
265 298
267 273
267 279
269 279
269 280
