heur030_n_330_m_5613
1 13
1 14
1 15
1 16
2 121
2 124
2 118
2 87
2 296
2 299
2 309
2 295
2 113
3 121
3 124
3 87
3 296
3 299
3 309
3 295
3 113
4 13
4 14
4 15
4 16
5 13
5 14
5 15
5 16
6 101
6 103
6 142
6 88
6 89
7 101
7 103
7 142
7 88
7 89
8 257
8 259
8 263
8 107
8 248
9 257
9 259
9 68
9 69
9 263
9 107
9 248
10 101
10 103
10 142
10 88
10 89
11 23
11 27
11 29
11 31
12 272
12 193
12 196
12 197
12 199
12 64
12 161
12 160
12 67
12 74
12 108
12 123
12 157
13 27
13 31
13 29
13 23
14 27
14 31
14 29
14 23
15 27
15 31
15 29
15 23
16 27
16 31
16 29
17 257
17 259
17 263
17 107
17 248
18 101
18 103
18 142
18 47
18 48
18 88
18 89
19 257
19 259
19 263
19 248
20 256
20 258
20 235
20 236
20 237
20 239
20 254
20 255
21 256
21 258
21 235
21 236
21 237
21 239
21 254
21 255
24 256
24 258
24 235
24 236
24 237
24 239
24 254
24 255
25 100
25 140
25 141
25 57
25 58
26 100
26 140
26 141
26 57
26 58
28 240
28 241
28 242
28 244
28 177
28 180
28 133
30 240
30 241
30 242
30 244
30 177
30 180
30 133
32 312
32 313
32 310
32 311
32 320
32 322
32 318
32 319
33 312
33 313
33 310
33 311
33 320
33 322
33 318
33 319
34 265
34 266
34 268
34 269
34 178
34 138
34 139
34 176
35 240
35 241
35 242
35 244
35 177
35 180
35 133
36 312
36 313
36 310
36 311
36 320
36 322
36 318
36 319
37 312
37 313
37 310
37 311
37 320
37 322
37 318
37 319
38 51
38 52
38 53
38 94
38 49
38 50
39 240
39 241
39 242
39 244
39 177
39 180
39 133
40 265
40 266
40 268
40 269
40 178
40 138
40 139
40 176
41 265
41 266
41 268
41 269
41 178
41 138
41 139
41 176
42 51
42 52
42 53
42 94
42 49
42 50
43 51
43 52
43 53
43 94
43 49
43 50
44 51
44 52
44 53
44 94
44 50
45 51
45 52
45 53
45 94
46 265
46 266
46 268
46 269
46 178
46 138
46 139
46 176
47 66
47 101
47 142
47 103
48 66
48 101
48 142
48 103
49 51
49 52
49 53
49 94
50 51
50 52
50 53
50 94
51 79
52 79
53 79
54 192
54 194
54 195
54 202
54 120
54 154
54 155
54 156
55 192
55 194
55 195
55 202
55 120
55 154
55 155
55 156
56 162
56 198
56 158
56 159
56 328
56 330
56 323
56 324
57 100
57 141
57 70
57 71
57 72
57 102
57 76
57 62
58 70
58 71
58 72
58 102
58 76
58 62
61 256
61 258
61 235
61 236
61 237
61 239
61 254
61 255
62 72
62 76
62 70
62 71
62 100
62 140
62 141
64 160
64 161
64 123
64 157
64 193
64 196
64 197
64 199
64 272
65 248
65 257
65 259
65 263
66 88
66 89
67 160
67 161
67 123
67 157
67 193
67 196
67 197
67 199
67 272
68 248
68 257
68 259
68 263
69 248
69 257
69 259
69 263
70 102
70 100
70 140
70 141
71 102
71 100
71 140
71 141
72 102
72 100
72 140
72 141
73 295
73 296
73 299
73 309
73 87
73 121
73 124
74 160
74 161
74 123
74 193
74 196
74 197
74 199
74 272
75 295
75 296
75 299
75 309
75 87
75 121
75 124
76 102
76 100
76 140
76 141
77 295
77 296
77 299
77 309
77 87
77 121
77 124
78 329
78 325
78 326
78 327
78 232
78 234
78 230
78 231
79 94
80 130
80 132
80 93
80 174
80 96
80 98
80 99
80 305
80 306
80 307
80 308
80 95
81 329
81 325
81 326
81 327
81 232
81 234
81 230
81 231
82 329
82 325
82 326
82 327
82 232
82 234
82 230
82 231
83 169
83 170
83 172
83 167
83 282
83 283
83 285
83 287
84 169
84 170
84 172
84 167
84 282
84 283
84 285
84 287
85 130
85 132
85 93
85 174
85 96
85 98
85 99
85 305
85 306
85 307
85 308
85 95
86 130
86 132
86 93
86 174
86 96
86 98
86 99
86 305
86 306
86 307
86 308
86 95
87 296
87 299
87 309
87 295
87 113
88 101
88 142
88 103
89 101
89 142
89 103
90 289
90 290
90 293
90 301
90 166
90 298
90 207
90 152
90 153
90 125
90 190
90 191
91 289
91 290
91 293
91 301
91 166
91 298
91 207
91 152
91 153
91 125
91 190
91 191
92 289
92 290
92 293
92 301
92 166
92 298
92 207
92 152
92 153
92 125
92 190
92 191
93 164
93 98
93 99
93 305
93 306
93 307
93 308
95 305
95 306
95 307
95 308
95 130
95 132
95 164
95 174
96 305
96 306
96 307
96 308
96 130
96 132
96 164
96 174
97 192
97 194
97 195
97 202
97 120
97 154
97 155
97 156
98 305
98 306
98 307
98 308
98 130
98 132
98 164
98 174
99 305
99 306
99 307
99 308
99 130
99 132
99 164
99 174
102 140
102 141
104 264
104 233
104 267
104 270
104 321
104 163
104 200
104 201
104 238
104 280
104 281
104 284
105 264
105 233
105 267
105 270
105 321
105 163
105 200
105 201
105 238
105 280
105 281
105 284
106 112
106 273
106 274
106 277
106 279
107 248
107 257
107 259
107 263
108 160
108 161
108 123
108 157
108 196
108 197
108 199
108 272
109 145
109 273
109 274
109 277
109 279
110 264
110 233
110 267
110 270
110 321
110 163
110 200
110 201
110 238
110 280
110 281
110 284
111 225
111 228
111 229
111 317
111 314
111 315
111 316
111 189
112 145
112 147
112 148
112 273
112 274
112 277
112 279
113 295
113 296
113 299
113 309
113 121
113 124
114 225
114 228
114 229
114 317
114 314
114 315
114 316
114 189
115 225
115 228
115 229
115 317
115 314
115 315
115 316
115 189
116 225
116 228
116 229
116 317
116 314
116 315
116 316
116 189
117 169
117 170
117 172
117 167
117 282
117 283
117 285
117 287
118 296
118 299
118 309
118 295
119 169
119 170
119 172
119 167
119 282
119 283
119 285
119 287
120 192
120 194
120 155
120 195
120 136
121 296
121 299
121 309
121 295
122 329
122 325
122 326
122 327
122 232
122 234
122 230
122 231
123 193
123 196
123 197
123 199
123 272
124 296
124 299
124 309
124 295
125 152
125 153
125 190
125 191
125 289
125 290
125 293
125 301
126 216
126 253
126 213
126 297
126 260
126 261
126 262
127 288
127 294
127 292
127 286
127 184
127 185
127 186
127 183
128 216
128 253
128 213
128 297
128 260
128 261
128 262
129 216
129 253
129 213
129 297
129 260
129 261
129 262
130 164
130 305
130 306
130 307
130 308
131 162
131 198
131 158
131 159
131 328
131 330
131 323
131 324
132 164
132 305
132 306
132 307
132 308
133 240
133 241
133 242
133 244
134 162
134 198
134 158
134 159
134 328
134 330
134 323
134 324
135 224
135 226
135 227
135 219
135 187
135 221
135 222
135 223
136 192
136 194
136 195
136 202
136 154
136 155
136 156
137 162
137 198
137 158
137 159
137 328
137 330
137 323
137 324
138 266
138 265
138 268
138 269
139 266
139 265
139 268
139 269
143 264
143 233
143 267
143 270
143 321
143 163
143 200
143 201
143 238
143 280
143 281
143 284
144 212
144 211
144 252
144 251
144 275
144 276
144 278
144 271
145 151
145 273
145 274
145 277
145 279
146 212
146 211
146 252
146 251
146 275
146 276
146 278
146 271
147 273
147 274
147 277
147 279
148 273
148 274
148 277
148 279
149 212
149 211
149 252
149 251
149 275
149 276
149 278
149 271
150 212
150 211
150 252
150 251
150 275
150 276
150 278
150 271
151 273
151 274
151 277
151 279
152 298
152 166
152 207
152 289
152 290
152 293
152 301
153 298
153 166
153 207
153 289
153 290
153 293
153 301
155 202
156 192
157 193
157 272
158 328
158 330
158 323
158 324
159 328
159 330
159 323
159 324
160 193
160 196
160 272
161 193
161 196
161 197
161 272
162 328
162 330
162 323
162 324
163 280
163 281
163 284
163 321
163 233
163 264
163 267
163 270
164 174
164 305
164 306
164 307
164 308
165 288
165 294
165 292
165 286
165 184
165 185
165 186
165 183
166 190
166 191
166 289
166 290
166 293
166 301
167 282
167 283
167 285
167 287
168 216
168 253
168 213
168 297
168 260
168 261
168 262
169 282
169 283
169 285
169 287
170 282
170 283
170 285
170 287
171 224
171 226
171 227
171 219
171 187
171 221
171 222
171 223
172 282
172 283
172 285
172 287
173 224
173 226
173 227
173 219
173 187
173 221
173 222
173 223
174 305
174 306
174 307
174 308
175 224
175 226
175 227
175 187
175 221
175 222
175 223
176 266
176 265
176 268
176 269
177 240
177 241
177 242
177 244
178 266
178 265
178 268
178 269
179 203
179 204
179 205
179 243
179 249
179 291
179 245
179 246
180 240
180 241
180 242
180 244
181 203
181 204
181 205
181 243
181 249
181 291
181 245
181 246
182 203
182 204
182 205
182 243
182 249
182 291
182 245
182 246
183 288
183 292
183 294
183 206
183 210
183 286
184 288
184 292
184 294
184 206
184 210
184 286
185 288
185 292
185 294
185 206
185 210
185 286
186 288
186 292
186 294
186 206
186 210
186 286
187 219
187 221
187 222
187 223
188 273
188 274
188 277
188 279
189 314
189 315
189 316
189 317
190 298
190 207
190 289
190 290
190 293
190 301
191 298
191 207
191 289
191 290
191 293
191 301
192 202
194 202
195 202
196 272
197 272
198 328
198 330
198 323
198 324
199 272
200 321
200 233
200 264
200 267
200 270
201 321
201 233
201 264
201 267
201 270
203 220
203 249
203 291
204 220
204 291
205 220
205 291
206 294
206 292
206 286
207 290
207 293
208 300
208 302
208 303
208 304
208 214
208 215
208 217
208 218
209 300
209 302
209 303
209 304
209 214
209 215
209 217
209 218
210 288
210 294
210 292
210 286
211 275
211 276
211 278
211 271
212 275
212 276
212 278
212 271
213 297
213 260
213 261
213 262
214 304
214 300
214 302
214 303
214 250
214 247
215 304
215 300
215 302
215 303
215 250
215 247
216 297
217 304
217 300
217 302
217 303
217 250
217 247
218 304
218 300
218 302
218 303
218 250
218 247
219 224
219 226
219 227
220 243
220 249
220 291
220 245
220 246
221 224
221 226
221 227
222 226
222 227
223 227
225 314
225 315
225 316
225 317
228 314
228 315
228 316
228 317
229 314
229 315
229 316
229 317
230 325
230 326
230 327
230 329
231 325
231 326
231 327
231 329
232 325
232 326
232 327
232 329
233 321
233 238
233 280
233 281
233 284
234 325
234 326
234 327
234 329
235 256
235 258
235 254
235 255
236 256
236 258
236 254
236 255
237 256
237 258
237 254
237 255
238 284
238 264
238 267
238 270
239 256
239 258
239 254
239 255
243 249
243 291
247 300
247 302
247 303
247 304
250 300
250 302
250 303
250 304
251 275
251 276
251 278
251 271
252 275
252 276
252 278
252 271
253 297
253 260
253 261
253 262
264 321
264 280
264 281
264 284
267 321
267 280
267 281
267 284
270 321
270 280
270 281
270 284
290 298
310 320
310 322
310 318
310 319
311 320
311 322
311 319
312 320
312 322
312 319
313 320
313 322
313 319
