heur004_n_140_m_3014
1 33
1 34
1 36
1 38
1 39
1 71
2 129
2 131
2 133
2 126
2 127
3 129
3 131
3 133
3 126
3 127
4 129
4 130
4 131
4 126
4 127
6 108
6 86
6 87
6 88
7 131
7 127
8 33
8 34
8 36
8 38
8 39
9 33
9 34
9 36
9 38
9 39
9 71
10 33
10 34
10 38
10 71
11 108
11 81
11 83
11 86
11 87
11 88
12 81
12 83
12 86
12 87
12 88
13 108
13 81
13 83
13 86
13 87
13 88
14 83
14 86
14 88
15 129
15 130
15 131
15 133
15 126
15 127
16 129
16 130
16 131
16 126
16 127
17 127
18 32
18 35
18 41
18 42
18 27
18 30
19 35
19 42
19 27
20 108
20 81
20 83
20 86
20 87
20 88
21 129
21 126
21 127
22 35
22 41
22 42
22 27
23 35
23 41
23 42
23 27
23 30
24 35
24 41
24 42
24 27
24 30
25 35
25 41
25 42
25 27
25 30
26 34
26 71
28 49
28 55
29 49
29 50
29 53
29 56
31 49
31 50
31 53
31 55
31 56
37 49
37 50
37 53
37 56
40 49
40 56
43 78
43 85
43 90
44 78
44 80
44 85
45 56
46 78
47 90
48 78
48 85
48 90
51 78
51 80
51 85
54 64
54 65
54 61
54 62
57 66
57 59
57 63
58 115
58 116
58 118
58 119
59 64
59 68
60 115
60 116
60 117
60 118
60 119
61 77
62 70
62 77
64 70
64 77
65 70
65 77
67 114
67 116
67 119
68 77
69 115
69 116
69 118
69 119
72 101
72 102
72 91
72 93
72 95
73 101
73 102
73 91
73 95
74 115
74 116
74 117
74 118
74 119
75 101
75 102
75 91
75 92
75 95
76 101
76 102
76 91
76 92
76 95
79 101
79 102
79 91
79 93
79 95
82 101
82 102
82 91
82 95
89 114
89 115
89 116
89 117
89 118
89 119
96 136
96 139
97 135
97 136
97 137
97 138
97 139
97 140
98 135
98 136
98 139
103 136
103 138
103 140
107 135
107 136
107 137
107 138
107 139
107 140
109 132
109 134
109 122
109 123
110 128
110 132
110 134
110 122
110 123
111 128
111 132
111 134
111 122
111 123
111 125
112 128
112 132
112 134
112 122
112 123
112 125
113 135
113 136
113 137
113 138
113 139
113 140
120 132
120 134
120 123
120 125
121 128
121 132
121 134
121 122
121 123
121 125
