heur008_n_250_m_1045
1 168
1 169
1 170
1 171
1 173
1 175
2 40
2 235
2 241
2 108
2 32
2 36
2 37
2 42
2 146
2 30
2 31
3 76
3 77
3 78
3 80
3 84
3 86
3 95
4 76
4 77
4 78
4 80
4 84
4 86
4 95
5 192
5 179
5 182
5 116
5 144
6 56
6 145
6 52
6 65
6 244
6 190
6 225
6 233
6 10
6 45
6 218
6 219
6 220
6 222
6 223
7 230
7 238
7 35
7 163
7 165
7 41
7 172
7 46
7 174
7 155
7 28
8 192
8 179
8 182
8 116
8 144
9 192
9 179
9 182
9 116
9 144
10 45
10 233
10 225
10 218
10 219
10 220
10 222
10 223
10 65
10 145
10 52
10 244
10 56
10 190
11 168
11 169
11 170
11 171
11 173
11 175
12 76
12 77
12 78
12 80
12 84
12 86
12 95
13 76
13 77
13 78
13 80
13 84
13 86
13 95
14 76
14 77
14 78
14 80
14 84
14 86
14 95
15 192
15 179
15 182
15 116
15 144
16 168
16 169
16 170
16 171
16 173
16 175
17 192
17 179
17 182
17 116
17 144
18 168
18 169
18 170
18 171
18 173
18 175
19 168
19 169
19 170
19 171
19 173
19 175
20 192
20 179
20 182
20 116
20 144
21 168
21 169
21 170
21 171
21 173
21 175
22 40
22 235
22 241
22 108
22 32
22 36
22 37
22 42
22 146
22 30
22 31
23 207
23 101
23 103
23 105
23 106
23 110
23 177
23 123
23 66
23 69
23 72
23 75
23 55
23 62
24 40
24 235
24 241
24 108
24 32
24 36
24 37
24 42
24 146
24 30
24 31
25 79
25 81
25 82
25 83
25 85
25 94
25 132
25 33
25 34
25 38
25 26
25 29
26 132
26 79
26 81
26 82
26 83
26 85
26 94
27 160
27 99
27 100
27 197
27 164
27 88
27 57
27 90
27 91
27 92
28 163
28 165
28 172
28 174
28 155
28 238
28 230
29 132
29 79
29 81
29 82
29 83
29 85
29 94
30 146
30 40
30 235
30 108
30 241
31 146
31 40
31 235
31 108
31 241
32 146
32 40
32 235
32 108
32 241
33 132
33 79
33 81
33 82
33 83
33 85
33 94
34 132
34 79
34 81
34 82
34 83
34 85
34 94
35 163
35 165
35 172
35 174
35 155
35 238
35 230
36 146
36 40
36 235
36 108
36 241
37 146
37 40
37 235
37 108
37 241
38 132
38 79
38 81
38 82
38 83
38 85
38 94
39 130
39 131
39 134
39 135
39 149
39 127
39 245
39 226
39 228
39 229
40 235
40 241
40 108
40 146
41 163
41 165
41 172
41 174
41 155
41 238
41 230
42 146
42 235
42 108
42 241
43 198
43 200
43 176
43 180
43 185
43 191
44 198
44 200
44 176
44 180
44 185
44 191
45 233
45 225
45 218
45 219
45 220
45 222
45 223
45 65
45 145
45 52
45 244
45 56
45 190
46 163
46 165
46 172
46 174
46 155
46 238
46 230
47 198
47 200
47 176
47 180
47 185
47 191
48 198
48 200
48 176
48 180
48 185
48 191
49 198
49 200
49 176
49 180
49 185
49 191
50 198
50 200
50 176
50 180
50 185
50 191
51 96
51 97
51 98
51 87
51 89
51 93
52 145
52 244
52 190
52 225
52 233
52 218
52 219
52 220
52 222
52 223
53 96
53 97
53 98
53 87
53 89
53 93
54 96
54 97
54 98
54 87
54 89
54 93
55 101
55 103
55 105
55 106
55 110
55 207
55 177
55 123
56 145
56 244
56 190
56 225
56 233
56 218
56 219
56 220
56 222
56 223
57 99
57 100
57 197
57 88
57 90
57 91
57 92
57 160
57 164
58 67
58 236
58 237
58 239
58 242
58 243
58 247
58 249
58 250
59 96
59 97
59 98
59 87
59 89
59 93
60 201
60 206
60 209
60 211
60 215
60 216
61 96
61 97
61 98
61 87
61 89
61 93
62 101
62 103
62 105
62 106
62 110
62 207
62 177
62 123
63 201
63 206
63 209
63 211
63 215
63 216
64 96
64 97
64 98
64 87
64 89
64 93
65 145
65 244
65 190
65 225
65 233
65 218
65 219
65 220
65 222
65 223
66 101
66 103
66 105
66 106
66 110
66 207
66 177
66 123
67 70
67 236
67 237
67 239
67 242
67 243
67 247
67 249
67 250
68 201
68 206
68 209
68 211
68 215
68 216
69 101
69 103
69 105
69 106
69 110
69 207
69 177
69 123
70 236
70 237
70 239
70 242
70 243
70 247
70 249
70 250
71 201
71 206
71 209
71 211
71 215
71 216
72 101
72 103
72 105
72 106
72 110
72 207
72 177
72 123
73 201
73 206
73 209
73 211
73 215
73 216
74 201
74 206
74 209
74 211
74 215
74 216
75 101
75 103
75 105
75 106
75 110
75 207
75 177
75 123
76 77
76 80
76 86
76 95
79 132
81 132
82 132
83 132
85 132
88 197
88 160
88 164
90 197
90 160
90 164
91 197
91 160
91 164
92 197
92 160
92 164
94 132
99 197
99 160
99 164
100 197
100 160
100 164
101 177
101 207
102 107
102 113
102 121
102 124
103 177
103 207
104 202
104 203
104 204
104 205
104 210
104 212
105 177
105 207
106 177
106 207
107 109
107 117
107 120
107 122
107 125
108 235
108 241
108 146
109 113
109 124
110 177
110 207
111 202
111 203
111 204
111 205
111 210
111 212
112 202
112 203
112 204
112 205
112 210
112 212
113 122
113 125
114 117
114 120
114 122
114 125
115 202
115 203
115 204
115 205
115 210
115 212
116 192
116 179
116 182
116 144
117 121
117 124
118 202
118 203
118 204
118 205
118 210
118 212
119 202
119 203
119 204
119 205
119 210
119 212
120 121
120 124
121 122
121 125
122 124
123 177
123 207
124 125
126 227
126 231
126 232
126 234
126 240
126 248
127 135
127 245
127 226
127 228
127 229
128 227
128 231
128 232
128 234
128 240
128 248
129 246
129 193
129 137
129 140
129 143
129 150
130 135
130 245
130 226
130 228
130 229
131 135
131 245
131 226
131 228
131 229
133 227
133 231
133 232
133 234
133 240
133 248
134 135
134 245
134 226
134 228
134 229
135 149
135 245
135 226
135 228
135 229
136 227
136 231
136 232
136 234
136 240
136 248
137 193
137 138
137 139
137 142
137 147
137 148
137 246
138 246
138 193
138 140
138 143
138 150
139 246
139 193
139 140
139 143
139 150
140 193
140 142
140 147
140 148
140 246
141 227
141 231
141 232
141 234
141 240
141 248
142 246
142 193
142 143
142 150
143 193
143 147
143 148
143 246
144 192
144 179
144 182
145 244
145 190
145 225
145 233
145 218
145 219
145 220
145 222
145 223
146 235
146 241
147 246
147 193
147 150
148 246
148 193
149 245
149 226
149 228
149 229
150 193
150 246
152 162
152 167
152 159
153 167
153 159
154 158
155 238
155 230
156 167
157 166
160 197
163 238
163 230
164 197
165 238
165 230
172 238
172 230
174 238
174 230
177 207
178 189
178 224
178 208
178 213
178 214
178 217
178 221
178 194
178 195
178 199
178 183
178 187
178 188
181 183
181 224
181 208
181 213
181 214
181 221
181 217
181 189
183 196
183 199
183 184
183 186
183 224
183 208
183 213
183 214
183 221
183 217
183 189
184 187
184 224
184 208
184 213
184 214
184 221
184 217
184 189
186 195
186 224
186 208
186 213
186 214
186 221
186 217
186 189
187 194
187 196
187 199
187 224
187 208
187 213
187 214
187 221
187 217
187 189
188 224
188 208
188 213
188 214
188 221
188 217
188 189
189 224
189 208
189 213
189 214
189 217
189 221
189 194
189 195
189 196
189 199
190 244
190 225
190 233
190 218
190 219
190 220
190 222
190 223
193 246
194 195
194 224
194 208
194 213
194 214
194 221
194 217
195 199
195 224
195 208
195 213
195 214
195 221
195 217
196 224
196 208
196 213
196 214
196 221
196 217
199 224
199 208
199 213
199 214
199 221
199 217
218 233
218 244
219 233
219 244
220 233
220 244
222 233
222 244
223 233
223 244
225 233
225 244
230 238
233 244
235 241
236 237
236 242
236 243
236 247
236 249
236 250
237 239
239 242
239 243
239 247
239 249
239 250
