heur019_n_300_m_28765
1 100
54 209
54 210
54 211
54 212
54 213
54 214
54 216
54 217
54 218
55 209
55 210
55 211
55 213
55 214
55 216
55 217
56 209
56 210
56 211
56 212
56 213
56 214
56 216
59 210
59 211
59 213
59 214
59 216
63 210
63 211
63 216
63 217
63 218
64 210
64 213
64 214
64 216
64 217
65 210
65 211
65 212
65 213
65 214
65 216
65 217
65 218
68 209
68 210
68 211
68 213
68 214
68 216
68 217
68 218
73 209
73 210
73 211
73 212
73 213
73 214
73 216
73 217
73 218
77 207
77 210
77 211
77 213
77 214
77 216
77 217
77 218
90 259
90 240
90 241
90 246
91 259
91 239
91 240
91 242
91 247
92 240
92 241
92 242
92 243
92 247
92 253
94 240
94 241
94 242
94 243
94 246
94 247
95 260
95 241
95 246
96 259
98 246
98 253
105 246
111 256
111 258
111 245
111 248
111 250
111 251
112 248
113 256
113 258
113 248
113 249
114 258
114 245
114 251
115 258
115 251
117 258
117 245
117 249
117 251
118 258
118 245
118 248
120 256
120 257
120 258
120 245
120 249
120 254
131 289
131 281
131 285
132 288
132 283
134 281
134 282
134 283
134 284
134 287
135 288
135 293
135 281
135 282
135 283
135 284
135 285
135 287
136 281
136 283
137 281
137 283
139 271
139 273
139 275
139 276
139 277
139 278
139 279
139 280
140 271
141 278
141 279
142 271
142 278
143 271
143 272
143 278
143 280
144 273
144 275
146 278
147 288
147 281
147 283
147 287
148 277
148 279
149 275
149 278
149 279
151 291
151 297
151 298
151 299
152 300
153 272
153 275
153 277
153 278
154 290
154 291
154 292
154 294
154 295
154 296
154 297
154 298
154 299
154 300
155 290
155 291
155 292
155 294
155 295
155 296
155 297
155 298
155 299
155 300
156 290
156 291
156 292
156 294
156 295
156 296
156 297
156 298
156 299
156 300
157 290
157 291
157 292
157 294
157 295
157 296
157 297
157 298
157 299
157 300
164 181
167 290
167 291
167 292
167 294
167 295
167 296
167 297
167 298
167 299
167 300
170 198
199 224
199 225
199 226
199 227
199 228
199 230
199 235
199 219
199 220
199 222
200 224
200 225
200 226
200 227
200 228
200 230
200 235
200 219
200 220
200 222
201 224
201 225
201 226
201 227
201 228
201 230
201 219
201 220
201 222
202 224
202 225
202 226
202 227
202 228
202 230
202 235
202 219
202 220
202 222
203 224
203 225
203 226
203 227
203 228
203 230
203 235
203 219
203 220
203 222
204 224
204 225
204 226
204 227
204 228
204 230
204 235
204 219
204 220
204 222
205 224
205 225
205 226
205 227
205 228
205 230
205 235
205 219
205 220
205 222
206 224
206 225
206 226
206 227
206 228
206 230
206 235
206 219
206 220
206 222
208 224
208 225
208 226
208 227
208 228
208 230
208 235
208 219
208 220
208 222
215 224
215 225
215 226
215 227
215 228
215 230
215 235
215 219
215 220
215 222
