heur027_n_330_m_2256
1 145
1 234
1 86
1 286
1 59
1 313
1 109
1 197
1 62
2 129
2 191
2 260
2 329
2 54
2 153
2 90
2 217
2 303
2 183
3 55
3 323
3 106
3 14
3 278
3 125
3 200
3 89
3 126
3 273
4 112
4 147
4 292
4 173
4 225
4 149
4 215
4 160
4 312
4 195
5 288
5 228
5 70
5 108
5 272
5 184
5 120
5 266
5 83
6 193
6 185
6 182
6 236
6 300
6 212
6 157
6 190
6 64
6 166
6 265
6 151
6 283
7 324
7 47
7 296
7 58
7 116
7 22
7 287
7 284
7 96
7 322
7 146
7 253
7 63
8 328
8 264
8 311
8 314
8 291
8 104
8 210
8 11
8 159
9 232
9 50
9 315
9 134
9 156
9 290
9 198
9 295
9 297
9 206
9 92
9 124
10 288
10 228
10 70
10 108
10 272
10 184
10 120
10 266
10 83
11 210
11 159
11 32
11 291
11 264
11 328
11 104
11 311
11 314
12 24
12 137
12 80
12 75
12 135
12 180
12 71
12 294
12 174
12 122
13 226
13 33
13 43
13 223
13 176
13 249
13 171
13 28
13 111
13 293
13 271
14 125
14 278
14 106
14 323
14 55
14 200
14 89
14 126
14 273
15 282
15 237
15 270
15 49
15 84
15 250
15 123
15 220
15 105
15 205
15 304
15 275
15 52
15 85
15 316
16 289
16 247
16 178
16 274
16 130
16 263
16 235
16 269
16 18
16 51
16 308
16 154
16 60
17 179
17 268
17 211
17 66
17 163
17 99
17 100
17 38
17 203
17 142
17 148
17 221
17 57
17 189
18 154
18 130
18 263
18 235
18 269
18 51
18 308
18 60
18 289
18 178
18 274
18 247
19 72
19 216
19 244
19 150
19 132
19 248
19 56
19 155
20 233
20 162
20 306
20 77
20 115
20 302
20 251
20 117
20 230
20 69
21 188
21 81
21 242
21 309
21 214
21 246
21 93
21 227
22 324
22 296
22 47
22 116
22 58
22 287
22 284
22 96
22 322
22 146
22 253
22 63
23 257
23 139
23 307
23 73
23 161
23 101
23 169
23 138
23 317
24 80
24 137
24 75
24 135
24 180
24 294
24 174
24 122
25 243
25 94
25 305
25 224
25 168
25 202
25 299
25 143
25 261
26 248
26 155
26 56
26 132
26 72
26 244
26 150
26 216
27 243
27 94
27 305
27 224
27 168
27 202
27 299
27 143
27 261
28 249
28 176
28 171
28 226
28 223
28 111
28 293
28 271
29 258
29 241
29 170
29 222
29 319
29 97
29 262
29 204
29 175
29 252
30 161
30 169
30 138
30 317
30 101
30 257
30 73
30 139
30 307
31 227
31 81
31 242
31 309
31 214
31 246
31 188
31 93
32 314
32 104
32 291
32 264
32 328
32 311
32 210
32 159
33 226
33 223
33 176
33 249
33 171
33 111
33 293
33 271
34 286
34 145
34 234
34 86
34 59
34 313
34 109
34 197
34 62
35 253
35 96
35 146
35 322
35 63
35 324
35 296
35 47
35 116
35 58
35 284
35 287
36 91
36 103
36 256
36 194
36 199
36 239
36 276
36 279
36 254
37 212
37 236
37 157
37 300
37 193
37 185
37 182
37 190
37 64
37 166
37 265
37 151
37 283
38 163
38 189
38 203
38 148
38 99
38 100
38 142
38 57
38 221
38 66
38 268
38 179
38 211
39 213
39 281
39 53
39 280
39 113
39 310
39 119
39 327
39 186
39 201
39 45
39 110
39 181
39 218
39 127
39 255
40 103
40 91
40 256
40 194
40 199
40 239
40 276
40 279
40 254
41 326
41 82
41 259
41 48
41 298
41 131
42 327
42 113
42 119
42 53
42 213
42 310
42 280
42 281
42 186
42 201
42 45
42 110
42 181
42 218
42 127
42 255
43 226
43 223
43 176
43 249
43 171
43 111
43 293
43 271
44 144
44 152
44 102
44 192
44 65
44 229
44 267
44 208
44 95
44 321
44 140
44 209
44 177
44 88
44 187
45 218
45 255
45 201
45 110
45 181
45 127
45 186
45 327
45 113
45 119
45 53
45 213
45 310
45 280
45 281
46 320
46 318
46 245
46 74
46 330
46 128
46 240
46 325
46 136
46 141
47 324
47 296
47 58
47 116
47 287
47 284
47 96
47 322
47 146
47 253
47 63
48 298
48 131
48 82
48 259
48 326
49 220
49 250
49 237
49 270
49 84
49 282
49 123
49 105
49 205
49 304
49 275
49 52
49 85
49 316
50 232
50 315
50 134
50 156
50 290
50 198
50 295
50 297
50 206
50 92
50 124
51 130
51 263
51 235
51 269
51 308
51 60
51 154
51 289
51 178
51 274
51 247
52 275
52 105
52 85
52 304
52 316
52 205
52 250
52 237
52 270
52 84
52 282
52 123
52 220
53 281
53 213
53 280
53 113
53 310
53 119
53 327
53 186
53 201
53 110
53 181
53 218
53 127
53 255
54 329
54 153
54 90
54 260
54 129
54 191
54 217
54 303
54 183
55 323
55 106
55 278
55 125
55 200
55 89
55 126
55 273
56 248
56 155
56 67
56 132
56 72
56 244
56 150
56 216
57 142
57 221
57 100
57 163
57 203
57 148
57 189
57 66
57 268
57 179
57 211
58 296
58 116
58 324
58 287
58 284
58 96
58 322
58 146
58 253
58 63
59 234
59 145
59 86
59 286
59 313
59 109
59 197
59 62
60 130
60 263
60 235
60 308
60 269
60 154
60 289
60 178
60 274
60 247
61 107
61 196
61 207
61 285
61 118
61 87
61 114
61 158
61 301
61 133
62 197
62 313
62 109
62 234
62 145
62 86
62 286
63 96
63 146
63 322
63 253
63 324
63 296
63 116
63 284
63 287
64 151
64 265
64 283
64 166
64 193
64 236
64 300
64 212
64 182
64 185
64 157
64 190
65 95
65 267
65 229
65 192
65 208
65 144
65 152
65 102
65 321
65 140
65 209
65 177
65 88
65 187
66 179
66 268
66 211
66 163
66 99
66 100
66 203
66 142
66 148
66 221
66 189
67 132
67 72
67 244
67 150
67 216
67 248
67 155
68 81
68 188
68 242
68 309
68 214
68 246
68 93
68 227
69 162
69 230
69 233
69 77
69 302
69 306
69 115
69 117
69 251
70 184
70 272
70 228
70 288
70 120
70 266
70 83
71 135
71 180
71 137
71 80
71 294
71 174
71 122
72 216
72 244
72 150
72 132
72 248
72 155
73 257
73 139
73 307
73 161
73 101
73 169
73 138
73 317
74 330
74 245
74 320
74 318
74 128
74 240
74 325
74 136
74 141
75 137
75 135
75 180
75 294
75 174
75 122
76 91
76 103
76 256
76 194
76 199
76 239
76 276
76 279
76 254
77 162
77 233
77 306
77 302
77 251
77 230
78 219
78 231
78 121
78 98
78 172
78 164
78 165
78 167
78 238
78 277
79 277
79 165
79 238
79 167
79 98
79 164
79 231
79 172
79 121
79 219
80 137
80 135
80 180
80 294
80 174
80 122
81 188
81 242
81 309
81 214
81 246
81 93
81 227
82 259
82 326
82 298
82 131
83 266
83 120
83 288
83 228
83 108
83 272
83 184
84 270
84 282
84 123
84 237
84 250
84 220
84 105
84 205
84 304
84 275
84 85
84 316
85 105
85 275
85 304
85 316
85 205
85 250
85 237
85 270
85 282
85 220
86 145
86 234
86 286
86 313
86 109
86 197
87 118
87 207
87 285
87 107
87 196
87 114
87 158
87 301
87 133
88 209
88 321
88 177
88 140
88 187
88 192
88 229
88 102
88 267
88 144
88 208
88 152
88 95
89 200
89 273
89 126
89 323
89 106
89 278
89 125
90 260
90 329
90 153
90 129
90 191
90 217
90 303
90 183
91 103
91 256
91 194
91 199
91 239
91 276
91 279
91 254
92 124
92 198
92 290
92 295
92 206
92 297
92 134
92 232
92 315
92 156
93 214
93 242
93 309
93 246
93 188
93 227
94 243
94 305
94 224
94 168
94 202
94 299
94 143
94 261
95 267
95 229
95 192
95 208
95 144
95 152
95 102
95 321
95 140
95 209
95 177
95 187
96 146
96 322
96 253
96 324
96 296
96 116
96 284
96 287
97 204
97 175
97 252
97 262
97 258
97 170
97 241
97 222
97 319
98 121
98 219
98 231
98 172
98 164
98 165
98 167
98 238
98 277
99 221
99 142
99 163
99 203
99 148
99 189
99 268
99 179
99 211
100 221
100 163
100 203
100 148
100 189
100 268
100 179
100 211
101 317
101 169
101 138
101 161
101 257
101 139
101 307
102 152
102 192
102 229
102 267
102 208
102 321
102 140
102 209
102 177
102 187
103 256
103 194
103 199
103 239
103 276
103 279
103 254
104 291
104 314
104 264
104 328
104 311
104 210
104 159
105 275
105 304
105 316
105 205
105 250
105 237
105 270
105 282
105 123
105 220
106 323
106 125
106 278
106 200
106 126
106 273
107 196
107 207
107 285
107 118
107 114
107 158
107 301
107 133
108 184
108 272
108 228
108 288
108 120
108 266
109 313
109 197
109 234
109 145
109 286
110 255
110 181
110 127
110 201
110 218
110 186
110 327
110 119
110 213
110 310
110 280
110 281
111 226
111 171
111 176
111 249
111 223
111 293
111 271
112 147
112 292
112 173
112 225
112 149
112 215
112 160
112 312
112 195
113 280
113 310
113 119
113 281
113 213
113 327
113 186
113 201
113 181
113 218
113 127
113 255
114 301
114 133
114 158
114 196
114 207
114 118
114 285
115 162
115 233
115 306
115 302
115 251
115 230
116 296
116 324
116 287
116 284
116 322
116 146
116 253
117 251
117 230
117 302
117 162
117 233
117 306
118 207
118 285
118 196
118 301
118 133
119 280
119 310
119 281
119 213
119 327
119 186
119 201
119 181
119 218
119 127
119 255
120 266
120 288
120 228
120 272
120 184
121 219
121 231
121 172
121 164
121 165
121 167
121 238
121 277
122 294
122 135
122 137
122 174
122 180
123 237
123 282
123 270
123 250
123 220
123 205
123 304
123 275
123 316
124 198
124 290
124 295
124 206
124 297
124 134
124 232
124 315
124 156
125 278
125 323
125 200
125 126
125 273
126 200
126 273
126 323
126 278
127 181
127 255
127 201
127 218
127 186
127 327
127 213
127 310
127 280
127 281
128 240
128 325
128 320
128 330
128 245
128 318
128 136
128 141
129 191
129 260
129 329
129 153
129 217
129 303
129 183
130 263
130 235
130 308
130 269
130 154
130 289
130 178
130 274
130 247
131 298
131 259
131 326
132 244
132 150
132 216
132 248
132 155
133 158
133 301
133 196
133 207
133 285
134 232
134 315
134 156
134 290
134 198
134 295
134 297
134 206
135 180
135 294
135 174
136 141
136 320
136 325
136 330
136 240
136 245
136 318
137 180
137 294
137 174
138 169
138 317
138 161
138 257
138 307
139 257
139 307
139 161
139 169
139 317
140 321
140 177
140 187
140 209
140 192
140 229
140 267
140 144
140 208
140 152
141 320
141 325
141 330
141 240
141 245
141 318
142 221
142 163
142 203
142 148
142 189
142 268
142 179
142 211
143 168
143 202
143 299
143 224
143 305
143 243
143 261
144 152
144 192
144 229
144 267
144 208
144 321
144 209
144 177
145 234
145 286
145 313
145 197
146 322
146 253
146 324
146 296
146 284
146 287
147 292
147 173
147 225
147 215
147 160
147 312
147 195
148 163
148 203
148 221
148 268
148 179
148 211
149 225
149 215
149 292
149 173
149 160
149 312
149 195
150 216
150 244
150 248
150 155
151 265
151 283
151 166
151 236
151 300
151 212
151 182
151 185
151 157
152 229
152 267
152 208
152 321
152 209
152 177
152 187
153 329
153 260
153 191
153 217
153 303
153 183
154 263
154 235
154 269
154 308
154 289
154 178
154 274
154 247
155 248
155 244
155 216
156 232
156 315
156 290
156 295
156 297
156 206
157 236
157 212
157 300
157 193
157 185
157 182
157 190
157 166
157 265
157 283
158 301
158 196
158 207
158 285
159 210
159 291
159 264
159 328
159 311
159 314
160 312
160 225
160 292
160 173
160 215
160 195
161 169
161 317
161 257
161 307
162 233
162 306
162 302
162 251
162 230
163 189
163 221
163 268
163 179
163 211
164 172
164 231
164 219
164 167
164 238
164 277
165 277
165 238
165 231
165 172
165 219
166 283
166 265
166 193
166 236
166 300
166 212
166 182
166 185
166 190
167 277
167 238
167 231
167 172
167 219
168 202
168 299
168 224
168 305
168 243
168 261
169 317
169 257
169 307
170 241
170 222
170 319
170 258
170 262
170 204
170 175
170 252
171 176
171 249
171 226
171 223
171 293
171 271
172 231
172 219
172 238
172 277
173 292
173 225
173 215
173 312
173 195
174 294
174 180
175 204
175 252
175 262
175 258
175 241
175 222
175 319
176 249
176 226
176 223
176 293
176 271
177 321
177 187
177 209
177 192
177 229
177 267
177 208
178 274
178 289
178 247
178 263
178 235
178 269
178 308
179 211
179 268
179 203
179 221
179 189
180 294
181 255
181 201
181 218
181 186
181 327
181 213
181 310
181 280
181 281
182 185
182 193
182 236
182 300
182 212
182 190
182 265
182 283
183 303
183 217
183 260
183 329
183 191
184 228
184 272
184 288
184 266
185 193
185 236
185 300
185 212
185 190
185 265
185 283
186 201
186 218
186 255
186 327
186 213
186 310
186 280
186 281
187 321
187 209
187 192
187 267
187 208
188 242
188 309
188 214
188 246
188 227
189 203
189 221
189 268
189 211
190 193
190 236
190 300
190 212
190 265
190 283
191 260
191 329
191 217
191 303
192 208
192 267
192 229
192 321
192 209
193 236
193 300
193 212
193 265
193 283
194 239
194 279
194 254
194 199
194 256
194 276
195 225
195 292
195 215
195 312
196 207
196 285
196 301
197 313
197 234
197 286
198 290
198 295
198 206
198 297
198 232
198 315
199 254
199 279
199 256
199 276
200 273
200 323
200 278
201 255
201 218
201 327
201 213
201 310
201 280
201 281
202 299
202 224
202 305
202 261
203 221
203 268
203 211
204 252
204 262
204 258
204 241
204 222
204 319
205 304
205 275
205 316
205 250
205 237
205 270
205 282
205 220
206 290
206 295
206 297
206 232
206 315
207 285
207 301
208 267
208 229
208 321
209 321
209 229
209 267
210 291
210 264
210 328
210 311
210 314
211 268
211 221
212 236
212 300
212 265
212 283
213 281
213 280
213 310
213 327
213 218
214 242
214 309
214 246
214 227
215 225
215 292
215 312
216 244
216 248
217 303
217 260
217 329
218 255
218 327
218 310
218 280
218 281
219 231
219 238
219 277
220 250
220 237
220 270
220 282
220 304
220 275
220 316
221 268
222 241
222 319
222 258
222 262
222 252
223 226
223 249
223 293
223 271
224 305
224 243
224 299
224 261
225 292
225 312
226 249
226 293
226 271
227 242
227 309
227 246
228 272
228 288
229 267
229 321
230 251
230 302
230 233
230 306
231 238
231 277
232 315
232 290
232 295
232 297
233 306
233 302
233 251
234 286
234 313
235 263
235 308
235 269
235 289
235 274
235 247
236 300
236 265
236 283
237 282
237 270
237 250
237 304
237 275
237 316
238 277
239 254
239 256
239 276
240 325
240 320
240 330
240 245
240 318
241 319
241 258
241 262
241 252
242 309
242 246
243 305
243 299
243 261
244 248
245 330
245 320
245 318
245 325
246 309
247 289
247 274
247 263
247 269
247 308
249 293
249 271
250 270
250 282
250 304
250 275
250 316
251 302
251 306
252 262
252 258
252 319
253 322
253 324
253 296
253 284
253 287
254 279
254 276
255 327
255 310
255 280
255 281
256 276
256 279
257 307
257 317
258 319
259 326
260 329
260 303
261 299
262 319
263 308
263 269
263 289
263 274
264 311
264 328
264 314
264 291
265 283
265 300
266 288
266 272
267 321
269 289
269 274
270 282
270 304
270 275
270 316
271 293
272 288
273 323
273 278
274 289
274 308
275 304
275 282
276 279
278 323
280 310
280 327
281 310
281 327
282 304
282 316
283 300
284 324
284 296
284 287
284 322
285 301
286 313
287 324
287 296
287 322
289 308
290 295
290 297
290 315
291 314
291 311
292 312
295 315
296 324
296 322
297 315
298 326
303 329
304 316
307 317
310 327
311 328
314 328
318 320
318 330
318 325
320 330
320 325
325 330
