heur025_n_329_m_32168
1 290
1 291
1 292
1 295
1 280
1 227
1 71
1 73
1 75
1 223
2 81
2 77
2 78
2 304
2 306
2 308
2 169
3 122
3 140
4 290
4 291
4 292
4 227
4 71
4 75
5 121
5 118
5 110
5 329
5 323
5 325
5 301
5 299
5 309
6 122
6 140
6 160
7 233
7 283
7 44
7 61
8 144
8 145
8 150
8 66
8 274
9 138
9 275
9 228
9 264
10 290
10 291
10 292
10 295
10 280
10 285
10 227
10 71
10 232
10 73
10 223
11 190
11 181
11 198
11 72
11 80
11 85
11 65
11 67
11 38
11 70
11 82
11 83
11 84
11 27
11 28
12 147
12 245
12 247
12 251
12 188
12 159
12 257
12 35
12 260
12 254
12 126
13 122
13 140
13 102
13 160
13 165
13 142
13 146
13 151
13 153
14 138
14 275
14 228
15 283
16 171
16 176
16 183
17 137
17 171
17 176
17 50
17 183
17 56
17 124
18 171
18 176
18 183
19 283
20 79
20 115
20 95
21 230
22 138
22 275
22 228
22 262
22 264
22 88
23 79
23 115
23 95
24 230
25 79
25 115
25 95
26 34
26 41
26 42
26 209
26 217
26 218
26 164
26 68
26 43
26 51
26 311
26 313
26 154
26 315
26 157
27 80
28 80
29 167
29 289
30 195
30 261
30 156
30 132
30 133
30 189
31 121
31 118
31 110
31 329
31 323
31 325
31 301
31 299
31 309
32 163
32 195
32 261
32 156
32 132
32 133
32 189
33 226
33 168
33 167
33 129
33 177
34 218
34 311
35 257
35 260
35 254
35 245
35 247
35 251
36 204
36 211
37 230
38 80
39 81
39 77
39 78
39 304
39 306
39 308
39 169
39 172
40 167
40 289
40 170
41 311
41 157
43 311
43 218
45 81
45 77
45 78
45 304
45 306
45 308
45 169
46 283
47 176
47 171
47 183
47 124
48 163
48 195
48 261
48 328
48 156
48 132
48 133
48 189
49 283
50 176
50 171
51 157
51 311
52 74
52 305
53 249
53 252
53 302
53 305
53 250
54 297
54 296
54 312
54 284
55 252
55 74
55 305
56 176
56 171
57 274
57 144
57 145
57 150
58 274
58 144
58 145
58 150
59 296
59 312
60 283
61 283
62 305
62 302
62 248
62 252
63 296
63 312
64 283
65 198
65 80
66 270
66 278
66 326
66 327
66 111
66 144
66 112
66 150
67 80
69 305
69 252
70 198
70 80
71 232
72 198
72 190
72 82
72 84
73 232
73 285
74 241
74 250
74 305
74 293
74 302
74 248
74 249
74 252
74 287
75 232
75 285
76 116
76 127
76 108
76 109
76 113
76 90
76 91
76 93
76 193
76 180
76 174
77 175
78 172
78 175
79 100
79 101
79 103
79 194
79 178
79 179
80 181
80 190
80 82
80 83
80 84
81 172
81 175
83 198
86 228
86 138
86 275
87 228
87 138
87 243
87 275
88 228
88 138
88 275
89 99
89 92
89 94
89 97
89 98
89 104
89 277
89 279
89 282
92 130
92 204
92 211
92 253
94 130
94 204
94 211
94 253
95 100
95 101
95 103
95 194
95 178
95 179
96 322
96 316
96 317
96 265
96 267
96 318
96 185
96 206
96 182
97 204
97 211
97 253
97 130
98 204
98 211
98 253
98 130
99 130
99 204
99 211
99 253
100 115
101 115
102 165
103 115
104 204
104 253
104 130
105 199
106 144
106 145
106 150
106 274
107 199
110 128
111 144
111 145
112 144
112 145
112 150
114 236
114 119
114 120
114 186
115 194
115 178
115 179
118 128
119 199
120 199
121 128
121 325
121 299
122 160
122 165
122 142
122 146
122 151
122 153
123 171
123 176
123 183
124 176
125 307
125 196
125 286
126 257
126 260
126 254
126 147
126 247
126 251
126 188
128 329
128 323
128 325
128 301
128 299
128 309
129 289
129 224
129 167
129 239
130 277
130 279
130 282
131 289
131 167
132 156
132 133
132 189
132 321
132 163
132 195
132 261
132 328
132 319
133 321
133 163
133 195
133 261
133 328
133 319
134 242
135 289
135 167
136 173
136 222
137 171
137 176
137 183
138 235
138 238
138 243
138 262
138 263
138 264
139 196
139 286
140 165
140 142
140 146
140 151
140 153
143 158
143 173
143 213
143 155
144 320
144 326
144 327
144 270
144 274
144 278
145 320
145 270
145 278
148 266
148 203
148 219
148 207
148 196
149 158
149 216
149 222
150 320
150 326
150 327
150 270
150 278
152 237
155 222
155 216
156 321
156 163
156 195
156 261
156 328
156 319
157 311
157 218
157 209
158 208
158 216
158 213
159 251
159 245
159 247
159 257
159 260
159 254
161 324
161 197
161 237
161 210
161 214
161 215
161 314
162 289
163 328
163 321
163 189
164 311
166 289
166 167
167 224
167 226
167 239
167 289
167 294
167 170
167 303
167 177
168 170
170 289
170 303
170 224
170 226
170 239
172 306
173 208
173 222
173 216
173 220
175 304
175 306
175 308
182 225
182 187
182 318
184 276
185 225
185 322
185 265
185 267
185 187
185 316
185 317
185 318
186 242
187 322
187 316
187 317
187 265
187 267
187 318
187 206
188 251
188 245
188 247
188 257
188 260
188 254
189 321
189 195
189 261
189 328
189 319
191 230
192 276
195 328
195 321
195 319
196 266
196 203
196 219
197 237
199 259
199 242
201 210
201 237
201 215
201 314
201 324
201 310
203 307
203 286
204 282
204 277
204 279
205 230
206 225
206 322
206 265
206 267
206 316
206 317
206 318
207 307
207 286
209 311
210 324
211 282
211 277
211 279
212 230
213 216
213 222
216 221
216 220
217 311
218 313
219 307
219 286
224 289
225 322
225 316
225 317
225 265
225 267
225 318
228 235
228 238
228 243
228 262
228 263
228 264
230 281
230 276
230 269
232 290
232 291
232 292
232 295
232 280
232 285
235 275
238 275
240 283
241 302
241 252
243 275
244 283
246 283
248 305
249 305
250 252
252 302
252 287
253 282
253 277
253 279
255 312
255 296
255 284
255 297
258 312
258 296
258 284
258 272
261 328
261 321
261 319
262 275
263 275
264 275
266 307
266 286
268 312
268 284
271 307
271 286
272 296
272 312
273 307
273 286
274 320
274 327
278 326
284 288
284 297
284 300
285 295
287 305
288 296
288 312
293 305
296 298
296 300
297 312
298 312
300 312
302 305
316 318
317 318
