heur009_n_250_m_1450
1 59
1 67
1 195
1 164
1 197
1 236
1 173
1 175
1 152
1 189
1 94
1 159
2 104
2 168
2 203
2 18
2 51
2 55
2 25
2 223
3 104
3 168
3 203
3 18
3 51
3 55
3 25
3 223
4 205
4 245
4 247
4 32
4 38
4 135
4 232
4 235
4 43
4 241
4 185
4 187
5 103
5 23
5 238
5 246
5 65
5 57
5 118
5 111
6 131
6 7
6 179
6 183
6 105
6 10
6 117
6 21
6 88
6 95
7 13
7 179
7 183
7 105
7 10
7 117
7 21
7 88
7 95
8 56
8 53
8 97
8 129
8 35
8 237
8 240
8 81
8 146
8 27
9 186
9 180
9 229
9 202
9 45
9 46
9 209
9 22
10 105
10 117
10 88
10 95
10 131
10 179
10 183
11 205
11 245
11 247
11 32
11 38
11 135
11 232
11 235
11 43
11 241
11 185
11 187
12 216
12 77
12 200
12 220
12 29
12 31
12 182
13 131
13 179
13 183
13 105
13 117
13 21
13 88
13 95
14 186
14 180
14 229
14 202
14 45
14 46
14 239
14 209
14 22
15 67
15 59
15 195
15 164
15 197
15 236
15 173
15 175
15 152
15 189
15 94
15 159
16 103
16 238
16 246
16 65
16 57
16 118
16 111
17 128
17 59
17 67
17 195
17 164
17 197
17 236
17 173
17 175
17 152
17 189
17 94
17 159
18 223
18 51
18 203
18 55
18 104
18 168
19 198
19 199
19 212
19 137
19 142
19 162
19 132
19 71
19 72
19 136
19 76
19 90
19 156
20 78
20 87
20 224
20 112
20 210
20 114
20 213
20 89
20 122
20 93
21 105
21 117
21 88
21 95
21 131
21 179
21 183
22 209
22 202
22 229
22 239
22 45
22 46
22 186
22 180
23 103
23 126
23 238
23 246
23 65
23 57
23 118
23 111
24 216
24 208
24 211
24 77
24 200
24 220
24 29
24 31
24 182
25 223
25 51
25 203
25 55
25 104
25 168
26 52
26 62
26 121
26 130
26 123
26 133
26 108
26 116
26 119
26 124
27 81
27 97
27 240
27 129
27 146
27 237
27 138
27 140
27 53
27 56
28 101
28 70
28 73
28 107
28 145
28 214
28 150
28 221
28 163
28 167
29 200
29 77
29 208
29 211
29 220
29 216
29 182
30 134
30 230
30 233
30 106
30 44
30 50
30 147
30 218
30 219
30 222
31 200
31 77
31 208
31 211
31 220
31 216
31 182
32 241
32 235
32 232
32 43
32 38
32 185
32 187
32 135
32 205
32 245
32 247
33 96
33 86
33 64
33 194
33 68
33 40
33 172
33 151
33 184
33 58
33 61
34 113
34 109
34 102
34 141
34 174
34 143
34 144
34 207
34 149
34 217
34 157
35 81
35 97
35 240
35 129
35 146
35 237
35 138
35 140
35 53
35 56
36 113
36 109
36 102
36 141
36 174
36 143
36 144
36 207
36 149
36 217
36 157
37 193
37 196
37 166
37 158
37 98
37 201
37 139
37 204
37 177
37 178
37 84
38 232
38 241
38 235
38 185
38 187
38 135
38 205
38 245
38 247
39 96
39 86
39 64
39 194
39 68
39 40
39 172
39 151
39 184
39 58
39 61
40 58
40 61
40 64
40 194
40 68
40 172
40 151
40 184
40 96
40 42
40 49
40 86
41 193
41 196
41 166
41 158
41 98
41 201
41 139
41 204
41 177
41 178
41 84
42 96
42 86
42 64
42 194
42 68
42 172
42 151
42 184
42 58
42 61
43 232
43 241
43 235
43 185
43 187
43 135
43 205
43 245
43 247
44 134
44 230
44 233
44 147
44 219
44 222
44 106
44 218
45 229
45 202
45 239
45 209
45 186
45 180
46 229
46 202
46 239
46 209
46 186
46 180
47 101
47 70
47 73
47 107
47 145
47 214
47 150
47 221
47 163
47 167
48 248
48 242
48 83
48 154
48 161
48 231
48 155
48 206
48 176
48 115
48 85
48 153
48 91
48 191
49 96
49 86
49 64
49 194
49 68
49 172
49 151
49 184
49 58
49 61
50 134
50 230
50 233
50 147
50 219
50 222
50 106
50 218
51 203
51 223
51 104
51 168
52 121
52 130
52 123
52 133
52 108
52 116
52 119
52 124
53 138
53 140
53 97
53 129
53 237
53 240
53 81
53 146
54 249
54 226
54 127
54 80
54 79
54 120
54 170
54 125
54 165
54 225
54 215
55 203
55 223
55 104
55 168
56 138
56 140
56 97
56 129
56 237
56 240
56 81
56 146
57 118
57 111
57 103
57 238
57 246
57 126
58 64
58 194
58 172
58 151
58 184
58 96
58 86
59 128
59 195
59 164
59 197
59 236
59 173
59 175
59 152
59 189
59 94
59 159
60 188
60 190
60 99
60 100
60 82
60 244
60 92
61 64
61 194
61 68
61 172
61 151
61 184
61 96
61 86
62 121
62 130
62 123
62 133
62 108
62 116
62 119
62 124
63 188
63 190
63 99
63 100
63 82
63 244
63 92
64 184
64 194
64 172
64 151
64 96
64 86
65 118
65 111
65 103
65 238
65 246
65 126
66 74
66 99
66 100
66 92
66 82
66 244
66 188
66 190
67 128
67 195
67 164
67 197
67 236
67 173
67 175
67 152
67 189
67 94
67 159
68 184
68 194
68 172
68 151
68 96
68 86
69 99
69 100
69 92
69 82
69 244
69 188
69 190
70 221
70 107
70 101
70 214
70 145
70 150
70 163
70 167
71 136
71 132
71 90
71 76
71 162
71 156
71 198
71 199
71 137
71 142
71 212
72 136
72 132
72 90
72 76
72 162
72 156
72 198
72 199
72 137
72 142
72 212
73 221
73 107
73 101
73 214
73 145
73 150
73 163
73 167
74 99
74 100
74 92
74 82
74 244
74 188
74 190
75 99
75 100
75 92
75 82
75 244
75 188
75 190
76 136
76 132
76 162
76 156
76 198
76 199
76 137
76 142
76 212
77 208
77 211
77 216
77 200
77 220
77 182
78 224
78 112
78 210
78 114
78 213
78 89
78 122
78 93
79 249
79 226
79 127
79 120
79 170
79 125
79 165
79 225
79 215
80 249
80 226
80 127
80 120
80 170
80 125
80 165
80 225
80 215
81 240
81 129
81 146
81 237
81 138
81 140
82 100
82 244
82 188
82 190
83 248
83 242
83 154
83 161
83 231
83 155
83 206
83 176
83 115
83 85
83 153
83 91
83 191
84 201
84 139
84 204
84 177
84 178
84 193
84 196
84 166
84 158
85 231
85 161
85 206
85 176
85 115
85 153
85 155
85 191
85 242
85 248
85 154
86 194
86 172
86 151
86 184
87 224
87 112
87 210
87 114
87 213
87 89
87 122
87 93
88 105
88 117
88 131
88 179
88 183
89 210
89 213
89 112
89 114
89 122
89 224
90 136
90 132
90 162
90 156
90 198
90 199
90 137
90 142
90 212
91 231
91 161
91 206
91 176
91 115
91 153
91 155
91 191
91 242
91 248
91 154
92 99
92 100
92 244
92 188
92 190
93 210
93 213
93 112
93 114
93 122
93 224
94 175
94 152
94 164
94 197
94 236
94 173
94 189
94 159
94 128
94 195
95 105
95 117
95 131
95 179
95 183
96 194
96 172
96 151
96 184
97 240
97 129
97 146
97 237
97 138
97 140
98 201
98 139
98 204
98 177
98 178
98 193
98 196
98 166
98 158
99 244
99 188
99 190
100 244
100 188
100 190
101 221
101 214
101 145
101 150
101 163
102 113
102 141
102 174
102 143
102 144
102 207
102 149
102 217
102 157
103 126
103 238
103 246
103 118
103 111
104 168
104 203
104 223
105 131
105 179
105 183
106 134
106 230
106 233
106 147
106 219
106 222
106 218
107 221
107 214
107 145
107 150
107 163
107 167
108 133
108 130
109 141
109 174
109 143
109 144
109 207
109 149
109 217
109 157
110 192
110 181
110 160
110 227
110 148
110 228
110 169
110 234
110 171
110 243
110 250
111 238
111 246
111 126
112 122
112 213
112 210
112 224
113 141
113 174
113 143
113 144
113 207
113 149
113 217
113 157
114 122
114 213
114 210
114 224
115 161
115 155
115 206
115 176
115 191
115 231
115 242
115 248
115 154
116 133
116 130
117 131
117 179
117 183
118 238
118 246
118 126
119 133
119 130
119 121
120 170
120 165
120 226
120 249
120 127
120 225
120 215
121 130
121 133
121 124
122 213
122 210
122 224
123 130
123 133
124 133
124 130
125 170
125 165
125 226
125 249
125 127
125 225
125 215
126 238
126 246
127 249
127 226
127 170
127 165
127 225
127 215
128 195
128 164
128 197
128 236
128 173
128 175
128 152
128 189
128 159
129 240
129 237
130 133
131 179
131 183
132 162
132 156
132 198
132 199
132 212
134 233
134 219
134 222
134 230
134 218
135 185
135 187
135 232
135 235
135 241
135 205
135 245
135 247
136 162
136 156
136 198
136 199
136 137
136 212
137 212
137 198
137 199
137 162
137 156
138 237
138 240
138 146
139 201
139 204
139 177
139 178
139 193
139 196
139 166
139 158
140 240
141 149
141 143
141 217
141 207
141 157
141 174
142 212
142 198
142 199
142 162
142 156
143 144
143 217
143 207
143 157
143 174
144 217
144 207
144 157
144 174
145 214
145 221
145 163
145 167
146 240
146 237
147 233
147 219
147 222
147 230
147 218
148 160
148 192
148 181
148 228
148 169
148 234
148 171
148 243
148 250
149 217
149 207
149 157
149 174
150 214
150 221
150 163
150 167
151 194
151 184
152 175
152 197
152 236
152 173
152 189
152 159
152 195
153 206
153 176
153 191
153 231
153 242
153 248
153 154
154 248
154 242
154 161
154 231
154 206
154 176
154 191
155 206
155 176
155 191
155 231
155 242
155 248
156 198
156 199
156 212
157 207
157 217
158 193
158 196
158 201
158 204
158 177
158 178
159 197
159 189
159 236
159 164
159 175
159 195
160 227
160 192
160 181
160 228
160 234
160 243
160 250
161 206
161 176
161 191
161 231
161 242
161 248
162 198
162 199
162 212
163 214
163 221
164 175
164 197
164 236
164 173
164 189
164 195
165 226
165 249
165 225
165 215
166 193
166 196
166 201
166 204
166 177
166 178
167 214
167 221
168 203
168 223
169 234
169 228
169 250
169 243
169 192
169 227
169 181
170 226
170 249
170 225
170 215
171 234
171 228
171 250
171 243
171 192
171 227
171 181
172 194
172 184
173 197
173 189
173 236
173 175
173 195
174 207
174 217
175 197
175 236
175 189
175 195
176 206
176 231
176 242
176 248
177 201
177 204
178 201
178 204
180 229
180 202
180 239
180 209
181 227
181 228
181 234
181 243
181 250
182 200
182 208
182 211
182 220
182 216
185 232
185 235
185 241
185 205
185 245
185 247
186 229
186 202
186 239
186 209
187 232
187 235
187 241
187 205
187 245
187 247
188 244
189 236
189 195
190 244
191 206
191 231
191 242
191 248
192 227
192 228
192 234
192 243
192 250
193 201
193 204
195 197
195 236
196 201
196 204
197 236
198 212
199 212
200 220
200 208
200 211
200 216
202 229
202 239
205 245
205 247
205 232
205 235
205 241
206 231
206 242
206 248
208 216
208 220
209 229
209 239
210 224
211 216
211 220
213 224
215 226
215 249
216 220
218 230
218 233
218 222
219 233
219 230
222 233
222 230
225 226
225 249
228 250
231 242
232 241
232 235
232 245
235 245
235 247
241 245
241 247
