heur036_n_347_m_17983
1 279
1 237
1 289
1 332
1 310
1 88
2 259
2 175
3 65
3 240
3 219
3 189
4 212
4 333
4 180
4 151
4 154
4 347
5 211
5 254
5 271
6 279
6 237
6 7
6 289
6 332
6 85
6 310
6 88
6 91
7 220
7 237
7 279
7 39
7 289
7 332
7 85
7 310
7 88
8 65
8 240
8 219
8 189
9 211
9 254
9 122
9 269
9 271
10 217
10 96
10 38
10 136
10 113
10 251
11 192
11 268
11 173
11 223
11 129
11 72
11 152
11 156
12 260
12 243
12 222
12 259
12 167
12 73
12 330
12 175
12 27
13 192
13 268
14 29
14 65
14 240
14 306
14 219
14 189
15 208
15 292
15 247
15 131
15 101
15 238
15 239
15 114
15 28
15 255
16 102
16 287
16 320
16 130
16 171
16 140
16 139
16 82
17 337
17 346
17 339
17 150
17 66
17 61
17 95
17 197
17 188
17 229
18 29
18 65
19 225
19 226
19 294
19 303
19 241
19 313
19 104
19 169
19 186
20 300
20 307
21 225
21 226
21 294
21 303
21 241
21 313
21 104
21 169
21 186
22 243
22 222
22 259
22 167
22 73
22 175
23 154
23 180
23 333
23 89
23 212
23 57
23 347
24 338
24 335
24 33
24 34
24 87
24 153
25 285
25 300
25 93
25 224
25 307
26 178
26 170
26 144
26 275
27 259
27 330
27 175
27 50
27 280
27 222
28 114
28 131
28 101
28 239
28 238
28 255
28 292
28 46
28 47
28 208
28 247
29 30
29 65
29 240
29 306
29 311
29 219
29 189
30 65
30 240
30 311
30 219
30 189
31 192
31 162
31 268
31 173
31 182
31 223
31 129
31 72
31 174
31 176
31 152
31 156
32 184
32 195
32 157
32 257
32 266
32 295
32 196
32 262
32 265
32 334
32 283
32 319
33 153
33 201
33 166
33 317
33 301
33 302
33 98
33 43
33 335
33 338
34 153
34 201
34 317
34 301
34 302
34 98
34 43
34 335
34 338
35 178
35 170
35 132
35 264
35 144
35 275
36 184
36 195
36 157
36 257
36 266
36 295
36 196
36 262
36 265
36 334
36 283
36 319
37 209
37 217
37 96
37 136
37 44
37 113
37 251
38 136
38 251
38 96
38 209
38 217
39 279
39 237
39 289
39 332
39 310
39 88
40 337
40 346
40 339
40 150
40 66
40 61
40 95
40 197
40 229
41 94
41 228
41 78
41 158
41 236
41 246
42 217
42 136
42 44
42 45
42 113
42 90
42 251
43 338
43 335
43 201
43 301
43 302
43 87
43 153
43 317
44 136
44 113
44 251
44 96
44 217
45 136
45 113
45 251
45 96
45 227
45 217
46 208
46 292
46 247
46 131
46 101
46 238
46 239
46 114
46 255
47 208
47 292
47 247
47 131
47 101
47 238
47 239
47 114
47 255
48 154
48 180
48 333
48 89
48 212
48 57
49 321
49 145
49 133
49 199
50 243
50 280
50 222
50 259
50 167
50 73
50 330
50 175
50 345
51 117
51 102
51 287
51 320
51 130
51 171
51 140
51 139
51 82
52 163
52 134
52 137
52 149
52 281
52 282
53 121
53 170
53 144
53 275
54 163
54 149
54 127
55 337
55 346
55 339
55 150
55 66
55 61
55 95
55 197
55 188
55 229
56 164
56 230
56 76
56 177
56 242
56 215
56 248
56 309
56 123
56 69
56 231
57 212
57 333
57 180
57 151
57 154
57 344
57 329
57 347
58 77
58 172
58 125
59 163
59 281
60 328
60 298
60 299
60 323
60 326
60 327
60 291
60 293
60 109
60 110
60 79
60 336
61 337
61 150
61 229
62 258
62 200
62 249
62 112
62 116
63 94
63 228
63 78
63 160
63 158
63 168
63 194
63 236
63 246
64 258
64 249
64 112
64 116
65 312
65 311
65 240
65 219
65 189
66 337
66 150
66 197
66 229
67 94
67 228
67 78
67 160
67 158
67 168
67 194
67 236
67 246
68 285
68 300
68 93
68 307
69 123
69 309
69 231
69 248
69 164
69 230
69 76
69 177
69 242
69 215
70 193
70 107
70 205
70 142
70 146
70 210
70 340
70 342
70 343
71 193
71 107
71 205
71 142
71 146
71 210
71 340
71 342
71 343
72 176
72 174
72 152
72 129
72 156
72 192
72 162
72 268
72 173
72 182
72 223
73 259
73 167
73 330
73 331
73 175
73 345
73 260
73 143
73 243
73 280
73 155
73 222
74 181
74 276
74 141
74 159
74 267
75 181
75 276
75 141
75 159
75 202
75 267
76 177
76 242
76 230
76 215
76 248
76 164
76 309
76 123
76 231
77 97
77 148
77 172
77 315
77 124
77 125
78 160
78 158
78 168
78 194
78 236
78 246
79 336
79 291
79 293
80 181
80 276
80 141
80 159
81 161
81 211
81 254
81 122
81 115
81 269
81 271
82 130
82 171
82 139
82 256
82 102
82 117
82 287
83 107
83 142
83 146
83 342
84 258
84 200
84 249
84 187
84 112
84 106
84 116
85 289
85 332
85 310
86 207
86 321
86 145
86 133
86 325
86 198
86 216
87 153
87 201
87 166
87 317
87 301
87 302
87 98
87 335
87 338
87 341
88 289
88 332
88 310
88 237
88 279
88 220
89 212
89 333
89 180
89 151
89 154
89 344
89 329
89 347
90 136
90 113
90 251
90 209
90 217
91 289
91 332
91 310
91 237
91 279
91 220
92 136
92 251
92 217
93 300
93 285
93 224
93 307
94 160
94 158
94 168
94 194
94 236
94 246
95 337
95 150
95 346
95 197
95 229
96 136
96 113
96 251
96 227
96 209
96 217
97 100
97 103
97 172
97 305
97 315
97 124
97 125
97 286
98 338
98 335
98 201
98 301
98 153
99 300
99 285
99 224
99 307
100 148
100 172
100 315
100 124
100 125
101 239
101 255
101 292
102 256
102 320
102 171
102 140
103 148
103 172
103 315
103 124
103 125
105 300
105 285
105 307
106 213
107 193
107 205
107 210
107 340
107 342
107 343
108 161
108 211
108 254
108 271
109 336
109 291
109 293
109 323
109 326
109 327
109 328
109 298
109 299
110 336
110 291
110 293
110 323
110 327
110 328
110 299
111 184
111 195
111 157
111 257
111 266
111 295
111 196
111 262
111 265
111 334
111 283
111 319
112 213
112 187
113 251
113 209
114 239
114 238
114 255
115 211
115 254
115 271
116 200
116 213
116 249
116 187
116 252
117 320
117 130
117 171
117 140
118 251
119 233
119 147
119 126
119 253
119 270
119 263
119 272
119 274
119 278
120 275
120 170
120 178
120 121
121 178
121 144
121 275
122 161
122 211
122 254
122 271
123 248
123 164
123 230
123 177
123 242
123 215
124 315
124 148
125 305
125 315
125 148
126 138
126 324
126 253
126 270
126 263
126 272
126 274
126 278
127 137
127 134
127 281
127 282
129 176
129 192
129 162
129 268
129 223
130 320
130 140
130 256
130 287
131 239
131 238
131 255
131 292
131 247
132 178
132 144
132 275
133 204
133 206
133 207
133 218
133 325
133 198
133 199
133 296
133 297
133 216
134 282
135 170
135 178
136 251
136 227
136 209
136 217
137 163
137 281
137 284
138 233
138 147
138 253
138 270
138 263
138 272
138 274
138 278
139 320
139 140
139 256
139 287
140 171
140 256
140 287
141 179
141 181
141 185
141 290
141 322
141 232
141 202
141 267
141 304
141 221
141 190
141 191
142 193
142 205
142 210
142 340
142 342
142 343
143 280
143 259
143 175
144 264
144 273
144 275
144 170
144 178
145 204
145 206
145 207
145 218
145 325
145 198
145 199
145 296
145 297
145 216
146 193
146 205
146 210
146 340
146 342
146 343
147 324
147 253
147 270
147 263
147 272
147 274
147 278
148 172
148 305
148 315
148 286
149 163
149 281
150 337
150 346
150 339
150 197
150 188
151 154
151 180
151 333
151 212
151 344
151 347
152 176
152 192
152 268
152 182
152 223
153 317
153 302
154 212
154 344
154 329
154 347
155 280
155 259
155 167
155 175
156 176
156 192
156 268
156 173
156 182
156 223
157 196
157 262
157 334
157 283
157 319
158 228
158 194
158 236
158 246
159 179
159 181
159 185
159 290
159 322
159 232
159 202
159 267
159 304
159 221
159 190
159 191
160 228
160 236
160 246
162 192
162 268
162 176
163 281
163 282
163 284
164 230
164 177
164 242
164 215
164 309
164 231
165 288
165 235
165 245
165 261
165 244
165 318
167 330
167 331
167 260
167 243
167 280
167 222
168 228
169 225
169 226
169 294
169 303
169 241
169 313
170 178
170 273
170 275
171 320
171 256
171 287
172 305
172 315
172 286
173 176
174 192
174 268
174 223
175 345
175 330
175 331
175 260
175 243
175 280
175 222
176 192
176 268
176 223
177 242
177 230
177 215
177 248
177 309
177 231
178 264
178 273
178 275
179 276
179 322
179 190
180 212
180 344
180 329
180 347
181 276
181 290
181 322
181 232
181 202
181 267
181 304
181 221
181 190
181 191
182 192
182 268
183 192
183 268
183 223
184 266
184 295
184 196
184 334
184 319
185 276
185 322
185 202
185 267
185 190
186 225
186 226
186 294
186 303
186 241
186 313
187 249
187 258
189 312
189 306
189 311
190 290
190 322
190 276
191 267
191 322
191 276
192 223
193 342
194 228
195 266
195 295
195 196
195 262
195 334
195 319
196 265
196 283
196 262
196 257
196 295
196 266
198 325
198 321
198 207
198 218
199 296
199 321
199 204
199 207
199 218
200 249
200 252
201 317
201 301
201 302
201 335
201 338
202 267
202 322
202 276
203 288
203 235
203 245
203 261
203 250
203 244
203 318
204 218
204 321
204 297
204 216
205 342
206 218
206 321
207 218
207 321
207 297
208 239
208 255
209 251
210 342
211 277
211 269
212 333
212 344
212 329
212 347
213 249
213 258
214 288
214 235
214 245
214 261
214 250
214 244
214 314
214 318
215 248
215 309
215 231
216 321
216 218
217 251
218 321
218 325
218 296
219 312
219 306
219 311
220 289
220 332
220 310
221 276
222 280
222 243
222 260
222 259
222 330
222 331
223 268
225 303
227 251
228 236
228 246
229 337
229 346
230 248
230 309
230 231
231 248
231 242
232 322
232 276
233 324
233 253
233 270
233 263
233 272
233 274
233 278
234 300
234 285
235 261
235 250
235 244
235 314
235 316
235 318
237 289
237 332
237 310
238 292
238 247
239 292
239 247
240 312
240 306
240 311
241 303
242 248
242 309
243 259
243 330
244 314
244 316
244 288
244 245
245 261
245 250
245 314
245 316
245 318
247 255
248 309
250 288
253 324
253 278
254 277
254 269
255 292
256 287
256 320
257 262
257 334
257 283
257 319
259 345
259 330
259 331
259 260
259 280
261 314
261 316
261 288
262 334
262 319
262 295
262 266
263 324
263 274
263 278
265 334
265 319
265 295
266 334
266 283
266 319
267 304
267 322
267 276
270 324
270 272
270 278
272 324
274 324
276 290
276 322
276 304
278 324
279 289
279 332
279 310
280 330
283 334
283 319
283 295
287 320
288 314
288 316
288 318
291 323
291 326
291 327
291 328
291 298
291 299
293 323
293 326
293 327
293 328
293 298
293 299
295 334
295 319
296 321
297 321
298 336
299 336
301 338
302 335
302 338
302 341
307 308
317 335
317 338
321 325
323 336
326 336
327 336
328 336
329 333
333 344
333 347
