heur026_n_330_m_1370
1 73
1 325
1 112
1 144
1 176
1 320
1 102
1 230
1 45
1 114
1 149
2 266
2 324
2 264
2 265
2 111
2 214
2 151
2 189
2 290
2 292
2 272
2 253
3 274
3 174
3 119
3 172
3 256
3 105
3 76
3 300
3 46
3 270
3 83
3 211
3 285
4 268
4 162
4 303
4 80
4 276
4 246
4 61
4 158
4 258
4 91
5 93
5 49
5 161
5 262
5 220
5 127
5 257
5 199
5 240
5 86
6 121
6 156
6 255
6 101
6 297
6 131
6 141
6 146
6 21
6 248
6 314
7 85
7 64
7 66
7 327
7 109
7 207
7 277
7 310
7 313
8 16
8 232
8 89
8 90
8 25
8 223
8 130
8 322
8 229
8 202
8 14
8 60
8 157
9 257
9 240
9 86
9 199
9 161
9 34
9 262
9 49
9 220
9 93
9 127
10 159
10 190
10 165
10 182
10 304
10 69
10 37
10 198
10 138
10 205
10 175
10 22
10 279
10 153
11 228
11 330
11 78
11 81
11 116
11 118
11 281
11 221
11 92
11 275
12 243
12 295
12 193
12 197
12 171
12 122
12 124
12 65
12 145
12 67
12 180
13 147
13 312
13 213
13 29
13 263
13 148
13 110
13 44
13 302
13 38
13 41
13 235
13 173
13 179
13 280
14 130
14 229
14 60
14 322
14 157
14 202
14 232
14 16
14 89
14 90
14 25
14 223
15 195
15 164
15 57
15 326
15 250
15 206
15 47
15 48
15 209
15 212
15 308
15 54
15 186
15 30
16 232
16 89
16 90
16 25
16 223
16 130
16 322
16 229
16 202
16 60
16 157
17 251
17 95
17 113
17 33
17 177
17 216
17 299
17 115
17 135
17 291
17 247
18 226
18 178
18 204
18 62
18 287
18 128
18 51
18 132
18 82
18 245
19 52
19 169
19 309
19 254
19 31
19 42
19 107
19 241
19 283
19 284
20 329
20 311
20 288
20 133
20 233
20 150
20 187
20 58
20 183
20 170
21 146
21 141
21 248
21 131
21 314
21 101
21 297
21 121
21 156
21 255
22 198
22 279
22 138
22 37
22 153
22 205
22 175
22 165
22 69
22 304
22 182
22 190
22 159
23 77
23 129
23 196
23 315
23 316
23 238
23 79
23 328
23 166
23 278
24 120
24 260
24 294
24 103
24 203
24 143
24 208
24 210
24 100
24 293
24 305
24 252
25 223
25 232
25 89
25 90
25 130
25 322
25 229
25 202
25 60
25 157
26 224
26 321
26 163
26 167
26 137
26 106
26 139
26 242
26 55
26 282
27 320
27 230
27 102
27 45
27 114
27 149
27 325
27 73
27 144
27 112
27 176
28 74
28 168
28 236
28 317
28 323
28 104
28 301
28 239
28 307
28 53
28 117
28 87
28 219
29 312
29 213
29 263
29 147
29 148
29 110
29 44
29 302
29 235
29 173
29 179
29 280
30 250
30 206
30 47
30 186
30 54
30 48
30 209
30 212
30 308
30 195
30 164
30 326
30 57
31 169
31 309
31 254
31 52
31 107
31 241
31 283
31 284
32 278
32 328
32 166
32 129
32 196
32 77
32 238
32 79
32 315
32 316
33 177
33 251
33 113
33 95
33 216
33 299
33 115
33 135
33 291
33 247
34 262
34 161
34 220
34 127
34 49
34 93
34 257
34 199
34 240
34 86
35 168
35 236
35 317
35 323
35 104
35 301
35 239
35 307
35 53
35 117
35 87
35 219
36 105
36 285
36 83
36 211
36 46
36 256
36 300
36 270
36 172
36 174
36 274
36 119
37 138
37 198
37 279
37 153
37 205
37 175
37 165
37 69
37 304
37 182
37 190
37 159
38 280
38 173
38 179
38 235
38 263
38 44
38 110
38 302
38 147
38 148
38 213
38 312
39 292
39 272
39 290
39 253
39 324
39 264
39 265
39 266
39 111
39 214
39 151
39 189
40 185
40 192
40 123
40 222
41 235
41 280
41 179
41 173
41 263
41 44
41 110
41 302
41 147
41 148
41 213
41 312
42 284
42 283
42 241
42 107
42 169
42 52
42 309
42 254
43 310
43 327
43 313
43 66
43 277
43 109
43 64
43 207
43 85
44 302
44 110
44 148
44 263
44 147
44 213
44 312
44 235
44 173
44 179
44 280
45 114
45 102
45 149
45 230
45 320
45 325
45 73
45 144
45 112
45 176
46 105
46 76
46 211
46 285
46 256
46 300
46 270
46 172
46 174
46 274
46 119
47 250
47 206
47 186
47 54
47 209
47 212
47 308
47 195
47 164
47 326
47 57
48 209
48 212
48 308
48 250
48 206
48 54
48 186
48 195
48 164
48 326
48 57
49 93
49 161
49 262
49 220
49 127
49 257
49 199
49 240
49 86
50 125
50 160
50 97
50 98
50 70
50 319
50 318
50 261
50 231
50 244
50 154
50 188
50 126
51 128
51 226
51 204
51 178
51 62
51 287
51 132
51 82
51 245
52 169
52 309
52 254
52 107
52 241
52 283
52 284
53 301
53 323
53 307
53 219
53 239
53 104
53 117
53 87
53 168
53 74
53 236
53 317
54 186
54 250
54 206
54 209
54 212
54 308
54 195
54 164
54 326
54 57
55 224
55 139
55 242
55 167
55 321
55 163
55 137
55 106
55 282
56 296
56 136
56 75
56 306
56 152
56 59
56 191
56 273
56 237
56 71
56 140
56 142
56 181
56 218
57 326
57 195
57 164
57 250
57 206
57 209
57 212
57 308
57 186
58 183
58 288
58 133
58 329
58 233
58 150
58 311
58 187
58 170
59 306
59 191
59 152
59 296
59 75
59 136
59 273
59 237
59 71
59 140
59 142
59 181
59 218
60 130
60 229
60 322
60 157
60 202
60 232
60 89
60 90
60 223
61 162
61 80
61 246
61 158
61 303
61 276
61 268
61 258
61 91
62 287
62 178
62 204
62 226
62 128
62 132
62 82
62 245
63 289
63 99
63 298
63 84
63 259
63 227
63 134
63 72
63 234
63 267
63 271
63 215
63 184
63 217
64 207
64 327
64 109
64 277
64 310
64 313
64 85
65 145
65 180
65 193
65 197
65 295
65 171
65 243
65 122
65 124
66 313
66 310
66 327
66 277
66 207
66 85
67 145
67 180
67 193
67 197
67 295
67 171
67 243
67 122
67 124
68 252
68 293
68 305
68 100
68 260
68 294
68 103
68 203
68 143
68 208
68 210
68 120
69 304
69 165
69 182
69 190
69 159
69 198
69 138
69 205
69 175
69 279
69 153
70 319
70 98
70 160
70 97
70 125
70 318
70 261
70 231
70 244
70 154
70 188
70 126
71 140
71 218
71 181
71 142
71 296
71 136
71 237
71 273
71 306
71 152
71 191
72 134
72 271
72 234
72 267
72 259
72 227
72 215
72 184
72 217
72 289
72 99
72 298
72 84
73 325
73 112
73 144
73 176
73 320
73 102
73 230
73 149
74 168
74 236
74 317
74 323
74 104
74 301
74 239
74 307
74 117
74 87
74 219
75 296
75 152
75 306
75 191
75 136
75 273
75 237
75 140
75 142
75 181
75 218
76 105
76 285
76 83
76 211
76 256
76 300
76 270
76 172
76 174
76 274
76 119
77 129
77 196
77 315
77 316
77 238
77 328
77 166
77 278
78 330
78 281
78 116
78 221
78 228
78 92
78 275
79 238
79 316
79 315
79 129
79 196
79 328
79 166
79 278
80 303
80 158
80 246
80 162
80 276
80 268
80 258
80 91
81 118
81 228
81 330
81 116
81 281
81 221
81 92
81 275
82 245
82 128
82 226
82 132
82 204
82 178
82 287
83 105
83 285
83 211
83 256
83 300
83 270
83 172
83 174
83 274
83 119
84 289
84 298
84 99
84 259
84 227
84 134
84 234
84 267
84 271
84 215
84 184
84 217
85 327
85 109
85 207
85 277
85 310
85 313
86 240
86 199
86 257
86 161
86 262
86 220
86 93
86 127
87 104
87 117
87 323
87 301
87 239
87 307
87 219
87 168
87 236
87 317
88 194
88 108
88 249
88 201
88 200
88 269
88 96
88 225
88 155
88 94
88 286
89 232
89 90
89 223
89 130
89 322
89 229
89 202
89 157
90 232
90 223
90 130
90 322
90 229
90 202
90 157
91 258
91 162
91 268
91 303
91 276
91 246
91 158
92 228
92 330
92 116
92 118
92 281
92 221
92 275
93 161
93 262
93 220
93 127
93 257
93 199
93 240
94 286
94 225
94 155
94 194
94 200
94 201
94 108
94 269
94 249
95 251
95 113
95 177
95 216
95 299
95 115
95 135
95 291
95 247
96 225
96 155
96 286
96 194
96 200
96 201
96 108
96 269
96 249
97 160
97 125
97 319
97 318
97 261
97 231
97 244
97 154
97 188
97 126
98 319
98 160
98 125
98 318
98 261
98 231
98 244
98 154
98 188
98 126
99 289
99 298
99 259
99 227
99 134
99 234
99 267
99 271
99 215
99 184
99 217
100 305
100 293
100 252
100 260
100 294
100 103
100 203
100 143
100 208
100 210
100 120
101 121
101 156
101 255
101 297
101 131
101 141
101 146
101 248
101 314
102 114
102 149
102 230
102 320
102 325
102 112
102 176
103 203
103 143
103 208
103 210
103 260
103 294
103 120
103 293
103 305
103 252
104 117
104 323
104 301
104 239
104 307
104 219
104 168
104 236
104 317
105 285
105 211
105 256
105 300
105 270
105 172
105 174
105 274
105 119
106 321
106 137
106 282
106 163
106 224
106 167
106 139
106 242
107 241
107 283
107 284
107 169
107 309
107 254
108 194
108 249
108 201
108 200
108 269
108 225
108 155
108 286
109 277
109 327
109 310
109 313
109 207
110 302
110 148
110 263
110 147
110 213
110 312
110 235
110 173
110 179
110 280
111 214
111 264
111 265
111 189
111 266
111 324
111 290
111 292
111 272
111 253
112 144
112 176
112 325
112 320
112 230
112 149
113 251
113 177
113 216
113 299
113 135
113 291
113 247
114 149
114 230
114 320
114 325
114 144
114 176
115 216
115 135
115 299
115 177
115 251
115 291
115 247
116 221
116 281
116 330
116 228
116 275
117 323
117 301
117 239
117 307
117 219
117 168
117 236
117 317
118 228
118 330
118 281
118 221
118 275
119 174
119 274
119 172
119 256
119 300
119 270
119 211
119 285
120 260
120 294
120 203
120 143
120 208
120 210
120 293
120 305
120 252
121 156
121 255
121 297
121 131
121 141
121 146
121 248
121 314
122 197
122 193
122 171
122 243
122 295
122 145
122 180
123 192
123 222
123 185
124 193
124 171
124 197
124 243
124 295
124 145
124 180
125 160
125 319
125 318
125 261
125 231
125 244
125 154
125 188
125 126
126 154
126 188
126 244
126 231
126 261
126 318
126 160
126 319
127 220
127 161
127 262
127 257
127 199
127 240
128 226
128 204
128 178
128 287
128 132
128 245
129 196
129 315
129 316
129 238
129 328
129 166
129 278
130 229
130 322
130 157
130 202
130 232
130 223
131 248
131 146
131 141
131 314
131 297
131 156
131 255
132 226
132 204
132 178
132 287
132 245
133 288
133 233
133 150
133 187
133 329
133 311
133 183
133 170
134 271
134 234
134 267
134 259
134 227
134 215
134 184
134 217
134 289
134 298
135 216
135 299
135 177
135 251
135 291
135 247
136 296
136 306
136 152
136 191
136 273
136 237
136 140
136 142
136 181
136 218
137 282
137 163
137 321
137 224
137 167
137 139
137 242
138 198
138 279
138 153
138 205
138 175
138 165
138 304
138 182
138 190
138 159
139 224
139 242
139 167
139 321
139 163
139 282
140 218
140 181
140 142
140 296
140 237
140 273
140 306
140 152
140 191
141 146
141 248
141 314
141 297
141 156
141 255
142 181
142 218
142 296
142 237
142 273
142 306
142 152
142 191
143 203
143 208
143 210
143 260
143 294
143 293
143 305
143 252
144 176
144 325
144 320
144 230
144 149
145 180
145 193
145 197
145 295
145 171
145 243
146 248
146 314
146 297
146 156
146 255
147 312
147 213
147 263
147 302
147 235
147 173
147 179
147 280
148 302
148 263
148 213
148 312
148 235
148 173
148 179
148 280
149 230
149 320
149 325
149 176
150 288
150 233
150 187
150 329
150 311
150 183
150 170
151 189
151 265
151 264
151 214
151 266
151 324
151 290
151 292
151 272
151 253
152 306
152 191
152 296
152 273
152 237
152 181
152 218
153 175
153 205
153 198
153 279
153 165
153 304
153 182
153 190
153 159
154 188
154 244
154 231
154 261
154 318
154 160
154 319
155 225
155 286
155 194
155 200
155 201
155 269
155 249
156 255
156 297
156 248
156 314
157 322
157 229
157 202
157 232
157 223
158 246
158 303
158 162
158 276
158 268
158 258
159 190
159 165
159 182
159 304
159 198
159 205
159 175
159 279
160 319
160 318
160 261
160 231
160 244
160 188
161 220
161 262
161 257
161 199
161 240
162 246
162 303
162 276
162 268
162 258
163 282
163 321
163 224
163 167
163 242
164 195
164 326
164 250
164 206
164 209
164 212
164 308
164 186
165 182
165 190
165 304
165 198
165 205
165 175
165 279
166 328
166 278
166 196
166 238
166 315
166 316
167 242
167 224
167 321
167 282
168 236
168 317
168 323
168 301
168 239
168 307
168 219
169 309
169 254
169 241
169 283
169 284
170 288
170 329
170 233
170 311
170 183
170 187
171 193
171 197
171 243
171 295
171 180
172 274
172 174
172 256
172 300
172 270
172 211
172 285
173 280
173 179
173 235
173 263
173 302
173 213
173 312
174 274
174 256
174 300
174 270
174 211
174 285
175 205
175 198
175 279
175 304
175 182
175 190
176 325
176 320
176 230
177 251
177 216
177 299
177 291
177 247
178 204
178 287
178 226
178 245
179 280
179 235
179 263
179 302
179 213
179 312
180 193
180 197
180 295
180 243
181 218
181 296
181 237
181 273
181 306
181 191
182 190
182 304
182 198
182 205
182 279
183 288
183 329
183 233
183 311
183 187
184 217
184 259
184 227
184 234
184 267
184 271
184 215
184 289
184 298
185 192
185 222
186 250
186 206
186 209
186 212
186 308
186 195
186 326
187 288
187 233
187 329
187 311
188 244
188 231
188 261
188 318
188 319
189 265
189 264
189 214
189 266
189 324
189 290
189 292
189 272
189 253
190 304
190 198
190 205
190 279
191 306
191 296
191 273
191 237
191 218
192 222
193 197
193 243
193 295
194 249
194 201
194 200
194 269
194 225
194 286
195 326
195 250
195 206
195 209
195 212
195 308
196 315
196 316
196 238
196 328
196 278
197 243
197 295
198 279
198 205
198 304
199 257
199 262
199 220
200 269
200 249
200 225
200 286
201 249
201 269
201 225
201 286
202 322
202 229
202 232
202 223
203 208
203 210
203 260
203 294
203 293
203 305
203 252
204 287
204 226
205 279
205 304
206 250
206 209
206 212
206 308
206 326
207 327
207 277
207 310
207 313
208 260
208 210
208 294
208 293
208 305
208 252
209 212
209 308
209 250
209 326
210 260
210 294
210 293
210 305
210 252
211 285
211 256
211 300
211 270
211 274
212 308
212 250
212 326
213 312
213 263
213 302
213 235
213 280
214 264
214 265
214 266
214 324
214 290
214 292
214 272
214 253
215 227
215 259
215 234
215 267
215 271
215 289
215 298
216 299
216 251
216 291
216 247
217 259
217 227
217 234
217 267
217 271
217 289
217 298
218 296
218 237
218 273
218 306
219 239
219 307
219 323
219 301
219 236
219 317
220 262
220 257
220 240
221 281
221 330
221 228
221 275
223 232
223 322
223 229
224 242
224 321
224 282
225 286
225 269
225 249
226 287
226 245
227 259
227 234
227 271
227 289
227 298
228 330
228 281
228 275
229 322
229 232
230 320
230 325
231 244
231 261
231 318
231 319
232 322
233 288
233 329
233 311
234 271
234 267
234 259
234 289
234 298
235 280
235 263
235 302
235 312
236 317
236 323
236 301
236 239
236 307
237 273
237 296
237 306
238 316
238 315
238 328
238 278
239 307
239 323
239 301
239 317
240 257
240 262
241 284
241 309
241 254
242 321
243 295
244 261
244 318
244 319
246 303
246 276
246 268
246 258
247 291
247 299
247 251
248 314
248 297
248 255
249 269
249 286
250 308
250 326
251 299
251 291
252 293
252 305
252 260
252 294
253 272
253 290
253 292
253 324
253 264
253 265
253 266
254 309
254 283
254 284
255 297
255 314
256 300
256 270
256 285
256 274
257 262
258 268
258 303
258 276
259 267
259 271
259 289
259 298
260 294
260 293
260 305
261 318
261 319
263 312
263 302
263 280
264 266
264 324
264 290
264 292
264 272
265 324
265 290
265 292
265 272
266 324
266 290
266 292
266 272
267 271
267 289
267 298
268 303
268 276
269 286
270 300
270 285
270 274
271 289
271 298
272 290
272 292
272 324
273 296
273 306
274 300
274 285
275 330
275 281
276 303
277 327
277 310
277 313
278 328
278 315
278 316
279 304
280 302
280 312
281 330
282 321
283 309
284 309
285 300
288 329
288 311
290 324
291 299
292 324
293 305
294 305
296 306
297 314
301 323
301 307
301 317
302 312
307 323
307 317
308 326
310 327
311 329
313 327
315 328
316 328
317 323
320 325
