heur037_n_347_m_31752
1 87
1 88
1 94
1 93
2 87
2 94
3 175
3 172
3 256
3 259
3 164
3 271
4 175
4 172
4 259
4 164
5 50
5 119
5 51
5 276
5 246
6 119
6 262
6 51
6 276
7 50
7 119
7 262
7 111
7 81
7 51
7 276
7 246
8 192
8 211
8 268
8 254
8 228
8 275
8 222
9 192
9 211
9 268
9 254
9 228
10 254
11 138
12 138
13 192
13 211
13 268
13 254
13 228
13 275
14 138
15 102
15 98
15 86
15 95
15 138
15 120
15 121
15 127
16 235
16 169
16 170
16 42
16 173
16 174
16 84
17 70
17 134
17 145
17 58
17 155
17 61
17 126
18 36
19 132
19 70
19 134
19 145
19 58
19 155
19 61
19 126
20 36
20 302
21 132
21 70
21 134
21 145
21 58
21 155
21 61
21 126
22 234
22 235
22 229
22 169
22 170
22 84
22 29
23 36
24 25
24 276
24 246
25 26
25 50
25 119
25 258
25 262
25 75
25 111
25 81
25 51
25 276
25 246
26 111
26 51
26 276
27 36
28 234
28 226
28 235
28 37
28 169
28 170
28 42
28 174
28 84
28 29
29 169
29 170
29 234
29 235
32 227
32 346
32 219
32 341
32 344
33 203
33 190
33 153
34 193
34 203
34 153
36 304
36 290
36 295
37 169
37 170
37 235
38 203
40 346
40 219
40 341
40 344
40 218
41 133
42 169
42 170
42 234
42 235
42 48
43 78
43 177
43 150
44 105
44 133
44 263
45 78
45 177
45 56
45 158
46 227
46 346
46 219
46 341
46 344
46 218
46 347
46 220
47 132
47 70
47 134
47 145
47 58
47 155
47 61
47 126
48 169
48 170
48 84
49 161
49 78
49 177
49 150
49 56
49 158
50 258
50 111
50 81
50 51
50 276
50 246
51 64
51 81
51 75
51 111
51 258
51 276
51 246
51 262
51 119
52 148
52 291
52 293
53 133
53 263
54 148
54 291
54 293
54 279
55 193
55 203
55 190
55 153
55 139
55 149
55 166
56 168
56 156
56 158
56 60
57 160
57 175
57 172
57 256
57 257
57 259
57 164
57 271
57 255
58 145
59 171
59 163
60 168
60 78
60 177
60 150
60 156
60 158
61 145
61 132
63 148
63 157
63 135
63 291
63 293
64 276
64 119
65 136
65 114
65 104
65 103
65 67
65 72
65 76
65 77
65 278
65 281
65 282
65 286
66 148
66 157
66 291
66 293
67 278
67 136
68 225
69 165
69 225
69 221
69 223
70 145
70 155
71 85
71 87
71 88
71 94
72 281
72 282
72 136
72 104
73 113
73 108
73 109
73 110
73 80
73 97
73 83
73 107
74 97
74 107
75 276
75 119
76 282
76 278
76 286
76 103
76 136
76 104
76 114
77 278
77 136
77 104
78 168
78 156
78 158
80 99
80 109
81 276
81 262
81 119
82 152
82 125
82 141
82 159
82 137
82 176
82 179
82 181
82 118
82 151
82 184
82 124
84 173
84 174
84 226
84 229
84 235
85 93
86 138
86 121
87 128
87 130
87 115
87 96
87 90
87 93
88 128
88 130
88 115
88 116
88 96
88 90
88 93
89 160
89 175
89 172
89 256
89 257
89 259
89 164
89 271
89 255
90 130
91 320
91 196
91 233
91 334
91 303
91 307
91 180
91 154
92 320
92 196
92 233
92 334
92 180
92 154
93 128
93 115
93 116
93 94
94 128
94 130
94 115
94 96
95 138
95 121
97 99
97 109
97 110
97 113
98 138
99 113
99 108
99 109
99 110
99 107
100 196
100 233
100 334
100 180
100 154
101 178
102 138
105 178
105 250
105 260
106 320
106 196
106 233
106 334
106 180
106 154
107 108
107 109
107 110
107 113
111 258
111 276
111 246
111 119
112 178
112 263
114 278
117 138
118 181
118 141
118 159
119 258
119 262
119 276
119 246
120 138
121 138
123 200
123 201
123 215
123 207
123 261
123 242
123 244
123 212
123 253
124 181
125 179
125 181
125 184
126 145
126 155
126 132
126 134
127 138
129 322
133 178
133 250
133 252
133 260
133 263
135 291
135 293
136 278
136 281
136 282
137 141
137 159
140 326
140 311
140 312
140 313
140 315
140 318
141 176
141 181
141 151
141 184
142 326
142 312
142 313
142 315
142 318
143 291
143 293
143 279
144 297
146 326
146 311
146 312
146 313
146 315
146 318
147 326
147 311
147 312
147 313
147 315
147 318
148 291
148 283
148 293
148 279
150 168
150 161
150 156
150 158
151 176
151 179
151 181
151 184
151 152
151 159
152 181
154 307
154 303
156 177
157 291
157 293
157 279
158 177
159 179
159 181
160 259
160 164
161 177
163 224
163 225
164 256
164 257
164 271
164 255
164 259
164 167
164 172
164 175
167 259
167 271
167 255
168 177
169 226
169 229
169 235
170 226
170 229
170 235
171 224
171 225
171 221
171 223
172 256
172 257
172 259
172 271
172 255
174 235
175 256
175 257
175 271
175 255
178 250
178 252
178 260
178 263
180 307
180 303
182 186
182 189
182 328
182 338
186 188
186 328
186 329
186 339
186 340
186 342
186 343
186 345
187 343
189 329
189 339
189 340
189 342
189 345
191 214
192 228
192 269
192 270
192 273
192 216
192 217
192 222
196 307
196 303
197 239
198 239
198 213
198 214
198 280
199 239
199 214
199 280
200 231
201 231
201 212
202 337
202 335
207 231
207 212
209 230
210 230
211 228
211 270
211 273
211 216
211 217
212 253
212 242
212 244
212 261
212 231
212 215
214 280
215 231
215 253
216 269
216 268
216 254
217 270
217 268
217 254
218 347
218 341
219 344
219 341
220 347
222 268
222 254
228 273
228 269
228 270
228 268
228 254
230 296
230 248
230 324
231 261
231 242
231 244
231 253
232 300
232 248
232 324
233 307
233 303
236 251
236 238
236 332
237 251
237 238
238 332
238 310
239 280
239 274
239 277
240 249
240 251
240 317
240 332
240 301
240 310
241 248
241 324
243 251
243 245
243 332
243 310
245 317
245 301
247 248
247 324
248 296
248 300
248 284
248 285
249 332
251 317
251 332
251 301
251 310
254 269
254 270
254 273
255 259
256 259
257 259
259 271
266 330
266 337
267 331
268 270
268 273
284 324
285 324
287 321
287 294
287 298
287 336
287 309
287 314
287 316
288 321
288 294
288 298
288 336
288 309
288 314
288 316
289 321
289 294
289 298
289 336
289 309
289 314
289 316
292 321
292 336
292 309
292 316
296 324
298 336
299 322
300 324
306 309
308 322
309 336
309 316
309 314
312 319
312 333
313 319
313 333
314 321
315 319
315 333
316 321
319 326
321 336
326 333
328 345
328 342
338 345
338 342
