heur051_n_300_m_20122
1 282
1 292
1 290
1 283
1 286
1 271
2 282
2 292
2 290
2 291
2 283
2 286
2 271
6 146
6 149
6 153
6 157
8 146
8 149
8 153
8 157
10 146
10 149
10 153
10 157
11 205
11 206
11 223
11 192
11 193
11 196
11 265
11 270
11 276
12 201
12 212
12 214
12 277
12 279
13 205
13 206
13 223
13 192
13 193
13 196
13 265
13 270
13 276
14 205
14 206
14 223
14 192
14 193
14 196
14 265
14 276
15 201
15 212
15 214
15 277
15 279
15 284
16 201
16 212
16 214
16 277
16 279
17 155
17 148
17 150
17 232
17 217
17 215
19 248
19 252
19 253
20 251
20 245
20 247
20 274
20 249
20 287
21 155
21 148
21 150
21 232
21 217
21 215
22 155
22 148
22 150
22 232
22 217
22 215
23 233
23 202
23 238
23 207
23 244
23 186
24 251
24 245
24 247
24 274
24 249
24 287
25 233
25 202
25 238
25 207
25 244
25 186
26 251
26 245
26 247
26 274
26 249
26 287
27 248
27 252
27 253
28 248
28 252
28 253
29 228
29 236
29 230
29 172
29 179
29 182
30 228
30 236
30 230
30 172
30 179
30 182
31 289
31 293
31 295
32 155
32 150
32 232
32 217
32 215
33 232
33 217
34 228
34 236
34 230
34 172
34 179
34 182
35 233
35 238
35 207
35 244
35 186
36 200
36 198
36 199
36 160
36 161
36 246
36 156
37 289
37 293
37 295
37 59
38 200
38 198
38 199
38 160
38 161
38 242
38 243
38 246
38 156
39 289
39 293
39 295
40 200
40 198
40 199
40 160
40 161
40 242
40 243
40 246
40 156
41 205
41 206
41 223
41 192
41 193
41 196
41 265
41 270
41 276
42 225
42 226
42 195
42 197
42 229
42 203
43 225
43 226
43 195
43 197
43 203
44 280
44 288
44 285
44 180
44 181
44 184
45 280
45 288
45 285
45 181
45 184
46 205
46 206
46 223
46 192
46 193
46 196
46 265
46 270
46 276
47 205
47 206
47 223
47 192
47 193
47 196
47 265
47 270
47 276
48 155
48 148
48 150
48 232
48 217
48 215
49 271
49 290
49 292
49 282
49 283
49 286
50 72
50 280
50 180
50 181
50 184
51 225
51 226
51 195
51 197
51 229
51 203
52 248
52 252
52 253
53 271
53 290
53 292
53 291
53 282
53 283
54 293
54 295
55 209
55 221
56 289
56 293
56 295
57 271
57 290
57 292
57 282
57 283
57 286
58 216
58 241
58 256
58 257
58 258
58 194
58 272
58 211
58 213
58 188
58 190
59 289
59 293
59 295
60 249
60 274
60 287
60 245
60 247
60 251
61 249
61 274
61 287
61 245
61 247
61 251
62 288
62 285
62 181
62 184
63 209
63 218
63 221
64 209
64 218
64 221
65 216
65 241
65 256
65 257
65 258
65 194
65 272
65 211
65 213
65 188
65 190
66 252
66 248
66 253
67 248
67 252
67 253
68 252
68 248
68 253
69 288
69 285
69 181
70 249
70 274
70 287
70 245
70 247
70 251
71 209
71 218
71 221
72 280
72 288
72 285
72 106
72 180
72 181
72 184
73 248
73 252
73 253
74 179
74 172
74 182
74 228
74 230
74 236
75 209
75 218
75 221
76 209
76 218
76 221
77 171
77 173
77 174
77 240
77 235
77 239
78 171
78 173
78 174
78 240
78 235
78 239
79 179
79 172
79 182
79 228
79 230
79 236
80 171
80 173
80 174
80 240
80 235
80 239
82 179
82 172
82 182
82 228
82 230
82 236
83 216
83 224
83 241
83 256
83 257
83 258
83 194
83 272
83 211
83 213
83 188
83 190
84 277
84 279
84 201
84 212
84 214
85 277
85 279
85 201
85 212
85 214
86 259
86 261
86 167
88 252
88 248
88 253
90 146
90 149
90 153
90 157
91 277
91 279
91 201
91 212
91 214
92 146
92 149
92 153
92 157
93 99
93 259
93 260
93 261
93 163
93 164
93 167
93 95
94 146
94 149
94 153
94 157
95 163
95 164
95 167
95 259
95 261
95 152
96 152
96 259
96 261
96 163
96 164
96 167
97 152
97 259
97 261
97 163
97 164
97 167
98 169
98 170
98 166
98 269
98 273
98 178
98 183
98 189
98 255
99 260
99 261
99 163
99 164
99 167
100 163
100 164
100 167
100 259
100 260
100 261
100 152
101 184
101 181
101 288
101 285
102 184
102 180
102 181
102 288
102 285
103 163
103 164
103 167
103 259
103 260
103 261
103 152
104 202
104 207
104 233
104 244
104 238
105 153
105 149
105 157
106 184
106 181
106 280
106 285
107 153
107 149
107 157
108 171
108 173
108 174
108 240
108 235
108 239
109 296
109 299
109 294
109 227
109 297
109 234
109 298
109 300
109 185
109 187
109 222
109 191
110 225
110 226
110 195
110 197
110 229
110 203
111 169
111 170
111 166
111 269
111 273
111 178
111 183
111 189
111 255
112 202
112 186
112 207
112 233
112 244
112 238
113 296
113 299
113 294
113 227
113 234
113 300
113 185
113 187
113 222
113 191
114 202
114 186
114 207
114 233
114 244
114 238
115 173
115 174
115 240
115 235
115 239
116 225
116 226
116 195
116 197
116 229
116 203
117 171
117 173
117 174
117 240
117 239
118 296
118 299
118 294
118 227
118 298
118 185
118 222
118 191
119 225
119 226
119 195
119 197
119 229
119 203
120 159
120 151
120 144
120 145
120 147
120 262
120 267
120 268
121 209
121 218
121 221
122 159
122 154
122 151
122 144
122 145
122 147
122 262
122 267
122 268
123 209
123 218
123 221
124 267
124 268
124 262
124 154
124 144
124 145
124 147
124 151
124 159
125 209
125 218
125 221
126 267
126 268
126 262
126 154
126 144
126 145
126 147
126 151
126 159
127 277
127 279
127 284
127 201
127 212
127 214
128 159
128 154
128 151
128 144
128 145
128 147
128 262
128 267
128 268
129 277
129 279
129 212
129 214
130 277
130 279
130 201
130 212
130 214
131 192
131 193
131 196
131 265
131 276
131 205
131 206
131 223
132 192
132 193
132 196
132 265
132 276
132 205
132 206
132 223
133 184
133 181
133 288
133 280
133 285
134 184
134 180
134 181
134 288
134 285
135 267
135 268
135 262
135 154
135 144
135 145
135 147
135 151
135 159
136 184
136 180
136 181
136 288
136 285
137 293
137 295
138 295
139 192
139 193
139 196
139 276
139 205
139 206
139 223
140 289
140 293
140 295
144 268
145 268
147 268
151 268
154 268
158 170
158 269
158 273
166 269
166 273
169 269
169 273
170 273
176 219
178 273
178 269
180 288
180 280
180 285
181 288
181 280
181 285
183 273
183 269
184 280
184 285
185 297
185 298
185 296
185 299
187 298
187 300
187 296
187 299
188 272
188 211
188 258
189 273
189 269
190 272
191 297
191 298
191 300
191 294
191 296
191 299
192 276
193 276
193 270
194 272
194 241
196 276
196 270
201 279
201 284
202 238
204 281
204 275
205 276
206 270
206 276
208 281
208 275
208 278
210 281
210 275
210 278
212 277
212 279
212 284
214 277
214 279
214 284
216 272
222 297
222 298
222 300
222 294
222 296
222 299
223 270
223 276
227 297
227 298
227 300
227 296
227 299
234 297
234 298
234 300
234 296
234 299
237 275
237 278
241 258
241 272
245 274
245 287
247 274
247 287
250 275
250 278
250 281
251 274
251 287
254 275
254 278
256 272
257 272
258 272
