heur033_n_330_m_13861
5 160
5 161
5 164
5 165
6 160
6 161
6 164
6 165
8 160
8 161
8 163
8 164
8 165
9 160
9 161
9 163
9 164
9 165
10 160
10 161
10 163
10 164
10 165
11 160
11 161
11 163
11 164
11 165
11 166
12 323
12 311
12 312
12 316
12 317
12 318
13 323
13 311
13 312
13 316
13 317
13 318
14 323
14 311
14 312
14 316
14 317
14 318
15 323
15 311
15 312
15 316
15 317
15 318
16 112
20 101
21 132
21 133
21 137
21 138
21 139
21 140
22 132
22 133
22 137
22 138
22 139
22 140
23 132
23 133
23 137
23 138
23 139
23 140
24 132
24 133
24 137
24 138
24 139
24 140
25 132
25 133
25 137
25 138
25 139
25 140
26 132
26 133
26 137
26 138
26 139
26 140
27 194
27 188
27 189
28 194
28 188
28 189
28 191
29 192
29 194
29 188
29 189
29 191
30 192
30 194
30 188
30 189
30 191
31 192
31 193
31 194
31 188
31 189
31 191
32 192
32 193
32 194
32 188
32 189
32 191
33 261
33 229
33 263
33 239
33 248
33 254
34 261
34 229
34 263
34 239
34 248
34 254
35 261
35 229
35 263
35 239
35 248
35 254
36 261
36 229
36 263
36 239
36 248
36 254
37 256
37 259
37 246
37 250
37 251
37 252
38 256
38 259
38 246
38 250
38 251
38 252
39 261
39 229
39 263
39 239
39 248
39 254
40 256
40 259
40 246
40 250
40 251
40 252
41 256
41 259
41 246
41 250
41 251
41 252
42 256
42 259
42 246
42 250
42 251
42 252
43 261
43 229
43 263
43 239
43 248
43 254
45 154
45 187
45 156
45 190
46 154
46 187
46 156
46 157
46 190
47 154
47 187
47 156
47 157
47 190
48 154
48 187
48 156
48 157
48 190
49 256
49 259
49 246
49 250
49 251
49 252
50 101
50 102
50 104
50 105
50 108
50 112
52 227
52 181
52 182
52 184
52 186
52 222
52 265
52 266
52 267
52 268
52 269
52 270
55 323
55 311
55 312
55 316
55 317
55 318
56 323
56 311
56 312
56 316
56 317
56 318
57 91
57 92
58 148
58 149
58 151
58 152
58 185
58 155
59 148
59 149
59 151
59 152
59 155
60 151
60 152
60 155
66 162
70 162
70 187
72 201
72 202
72 203
72 237
73 202
73 203
74 202
74 203
74 236
74 237
76 202
76 203
76 236
76 237
77 202
77 203
77 236
77 237
78 236
78 237
79 214
79 216
79 249
79 219
79 253
79 223
81 214
81 216
81 249
81 219
81 253
81 223
82 241
82 242
82 243
82 244
82 245
82 247
83 214
83 216
83 249
83 219
83 253
83 223
84 241
84 242
84 243
84 244
84 245
84 247
85 241
85 242
85 243
86 219
86 223
87 224
87 225
87 226
87 228
87 230
87 231
88 224
88 225
88 226
88 228
88 230
88 231
89 249
89 219
89 223
90 216
90 249
90 219
90 253
90 223
94 130
96 130
97 130
98 148
98 149
98 151
98 152
98 185
98 155
99 148
99 149
99 151
99 152
99 185
99 155
100 148
100 149
100 151
100 152
100 155
103 153
103 158
103 159
106 158
106 159
107 158
107 159
109 241
109 242
109 243
109 244
109 245
109 247
113 241
113 242
113 243
113 244
113 245
113 247
114 146
114 147
115 224
115 225
115 226
115 228
115 230
116 244
116 245
116 247
117 167
117 168
117 169
117 173
117 206
117 208
118 167
118 168
118 169
118 173
118 206
118 208
119 167
119 168
119 169
119 173
119 206
119 208
120 167
120 168
120 169
120 173
120 208
121 224
121 225
121 226
121 228
121 230
121 231
122 224
122 225
122 226
122 228
122 230
122 231
123 281
123 282
123 283
123 284
124 281
124 282
124 283
124 284
124 285
126 281
126 282
126 283
126 284
127 224
127 225
127 226
127 228
127 230
127 231
128 281
128 282
128 283
128 284
128 285
128 287
129 281
129 282
129 283
129 284
129 285
129 287
131 281
131 282
131 283
131 284
131 285
131 287
134 306
134 307
134 308
134 309
134 310
134 313
135 306
135 307
135 308
135 309
135 310
135 313
136 306
136 307
136 308
136 309
136 310
136 313
141 324
141 325
141 326
141 327
141 329
141 330
142 324
142 325
142 326
142 327
142 329
142 330
143 324
143 325
143 326
143 327
143 329
143 330
144 167
144 168
144 169
144 173
144 206
144 208
145 324
145 325
145 326
145 327
145 329
145 330
150 167
150 168
150 169
150 173
150 206
150 208
170 306
170 307
170 308
170 309
170 310
170 313
171 306
171 307
171 308
171 309
171 310
171 313
172 306
172 307
172 308
172 309
172 310
172 313
176 211
177 211
178 211
179 324
179 325
179 326
179 327
179 329
179 330
180 211
181 267
181 268
181 269
181 270
182 268
182 269
182 270
183 324
183 325
183 326
183 327
183 329
183 330
195 271
195 286
196 271
196 286
197 271
197 286
198 271
199 271
204 257
204 258
204 260
204 262
204 264
204 255
205 257
205 258
205 260
205 262
205 264
205 255
207 279
207 280
207 286
209 257
209 258
209 260
209 262
209 264
210 257
210 258
210 260
210 262
210 264
212 262
212 264
213 264
222 270
238 289
238 272
238 273
240 289
240 272
240 273
288 299
288 301
288 302
288 303
288 305
288 314
290 305
290 314
291 305
291 314
292 305
292 314
295 320
295 321
295 322
295 319
296 320
296 321
296 322
296 319
297 320
298 320
298 321
298 319
300 320
300 321
300 322
300 319
304 320
304 321
304 322
304 328
304 319
