heur012_n_250_m_20035
2 49
2 50
3 49
3 50
4 173
4 174
4 175
5 173
5 174
5 175
6 173
6 174
6 175
7 49
7 50
7 85
9 174
13 174
13 175
20 189
21 174
21 175
22 197
22 198
22 188
22 189
26 242
26 243
26 244
26 246
26 247
26 248
26 249
27 242
27 243
27 244
27 246
27 247
27 248
27 249
28 160
28 161
28 162
28 163
28 165
28 167
28 172
29 243
29 244
29 247
29 248
29 249
30 242
30 243
30 244
30 246
30 247
30 248
30 249
31 160
31 161
31 162
31 163
31 165
31 167
31 172
32 160
32 161
32 162
32 163
32 165
32 167
32 172
33 160
33 161
33 162
33 163
33 165
33 167
33 172
34 160
34 161
34 162
34 163
34 165
34 167
34 172
35 160
35 161
35 162
35 163
35 165
35 167
35 172
36 202
36 203
36 204
36 205
36 206
36 207
36 211
37 202
37 203
37 204
37 206
37 207
38 160
38 161
38 162
38 163
38 165
38 172
39 202
39 203
39 204
39 205
39 206
39 207
39 211
40 202
40 204
40 205
40 206
40 207
40 211
41 202
41 203
41 204
41 205
41 206
41 207
41 211
42 202
42 203
42 204
42 205
42 206
42 207
43 202
43 203
43 204
43 205
43 206
43 207
43 211
44 104
44 105
44 106
44 109
44 111
44 112
44 113
45 104
45 105
45 106
45 109
45 111
45 112
45 113
46 104
46 105
46 106
46 109
46 111
46 112
46 113
47 104
47 105
47 106
47 109
47 111
47 112
47 113
48 104
48 105
48 106
48 109
48 111
48 112
48 113
52 184
54 145
59 145
61 127
63 127
66 127
67 128
67 129
67 126
67 127
68 170
74 179
76 104
76 106
76 109
76 111
76 112
83 226
83 229
84 104
84 106
86 103
86 107
86 108
86 115
86 119
86 122
87 229
88 229
91 110
91 122
93 110
93 122
94 103
94 107
94 108
94 110
94 115
94 119
94 122
97 103
97 107
97 108
97 110
97 115
97 119
97 122
114 132
114 133
116 132
116 133
116 136
117 133
118 132
118 133
118 136
120 132
120 133
120 134
120 135
120 136
121 132
121 133
121 134
121 135
121 136
121 137
123 132
123 133
123 136
153 232
153 240
154 230
154 231
154 232
154 233
154 235
154 240
155 232
155 240
156 232
157 232
158 232
159 240
