heur003_n_120_m_2588
1 89
1 91
1 87
1 80
1 86
1 79
1 72
1 77
1 85
1 23
1 24
1 27
2 89
2 87
2 80
2 86
2 79
2 72
2 77
2 85
2 23
2 24
2 27
3 89
3 91
3 87
3 80
3 86
3 79
3 72
3 77
3 85
3 23
3 27
4 49
4 39
4 46
4 47
4 48
4 55
4 56
4 59
5 49
5 41
5 39
5 46
5 47
5 55
5 56
5 59
6 88
6 76
6 69
6 32
6 45
6 31
7 88
7 76
7 45
7 31
8 49
8 47
8 48
8 55
8 56
9 88
9 76
9 69
9 32
9 45
9 31
10 88
10 76
10 69
10 32
10 45
10 31
11 88
11 76
11 69
11 32
11 45
11 31
12 49
12 46
12 47
12 48
12 55
12 56
12 59
13 88
13 76
13 69
13 32
13 45
13 31
14 96
14 90
14 93
14 65
14 99
14 103
14 107
14 61
15 65
15 66
15 99
15 103
15 107
15 61
15 96
16 96
16 90
16 93
16 65
16 66
16 103
16 107
16 61
17 90
17 65
17 66
17 99
17 61
18 43
18 35
18 44
18 34
18 29
18 38
18 64
18 42
18 108
18 111
18 114
18 117
18 118
18 120
19 43
19 35
19 44
19 34
19 64
19 42
19 111
19 114
19 117
20 65
20 66
20 99
20 103
20 107
20 61
20 96
20 90
20 93
21 65
21 66
21 99
21 103
21 61
21 96
21 90
22 43
22 35
22 44
22 34
22 29
22 38
22 64
22 42
22 108
22 111
22 114
22 118
22 120
23 79
23 87
23 89
23 91
24 87
24 89
25 36
25 37
25 63
25 57
26 110
26 36
26 37
26 63
26 57
26 95
27 91
28 105
28 102
28 63
28 57
28 92
28 101
28 95
29 42
29 108
29 111
29 114
29 117
30 113
30 115
30 119
31 69
31 76
31 88
32 76
32 88
33 113
33 115
33 119
34 67
34 42
34 108
34 111
34 114
34 118
34 120
35 38
35 42
35 108
35 111
35 114
35 117
35 118
35 120
36 102
36 105
36 110
36 57
36 92
36 101
36 95
37 102
37 105
37 110
37 57
37 92
37 101
38 64
38 67
38 108
38 111
38 114
38 117
38 118
38 120
40 49
40 46
40 47
40 48
40 55
40 56
40 59
41 46
41 47
41 48
41 55
41 56
41 59
42 117
42 118
42 114
42 108
42 111
43 67
43 108
43 111
43 114
43 117
43 118
43 120
44 64
44 67
44 108
44 111
44 114
44 117
44 118
44 120
45 69
45 76
45 88
50 83
50 94
51 106
51 109
51 83
51 116
51 94
52 98
52 106
52 109
52 112
52 116
52 94
53 97
53 68
53 71
53 74
53 81
53 82
54 98
54 106
54 109
54 83
54 116
54 94
57 101
57 95
57 102
57 105
57 110
57 63
58 116
58 94
60 104
60 97
60 100
60 68
60 71
60 73
60 74
60 75
60 81
60 82
60 84
61 99
61 103
61 96
61 90
61 93
62 113
62 115
62 119
63 102
63 105
63 110
63 101
63 95
64 118
64 114
64 108
64 111
65 107
65 99
65 103
65 96
65 90
65 93
66 107
66 99
66 103
66 96
66 90
66 93
67 117
67 118
67 114
67 111
68 97
68 104
70 97
70 100
71 97
71 100
71 104
72 89
72 91
74 97
75 100
77 87
77 89
77 91
78 97
78 104
79 87
79 91
80 89
81 97
81 100
81 104
83 116
83 109
83 112
85 89
85 91
86 89
86 91
90 99
93 99
93 103
94 116
94 109
94 112
98 109
98 112
106 112
108 117
114 117
