heur020_n_320_m_5905
1 126
1 111
1 106
1 228
1 133
1 122
1 305
1 172
1 318
1 127
2 59
2 243
2 217
2 181
2 18
2 58
2 249
2 130
2 62
2 291
2 164
2 22
2 175
3 88
3 179
3 54
3 114
3 245
3 85
3 218
3 46
3 7
4 214
4 200
4 203
4 53
4 162
4 260
4 199
4 263
4 201
4 237
4 20
4 124
4 29
5 139
5 296
5 265
5 205
5 238
5 209
5 311
5 284
5 138
5 93
5 262
6 309
6 229
6 104
6 118
6 26
6 276
6 78
6 303
7 46
7 192
7 114
7 179
7 245
7 54
7 85
7 88
7 218
8 283
8 159
8 194
8 64
8 69
8 40
8 204
8 15
9 14
9 178
9 165
9 89
9 236
9 302
9 48
9 147
9 308
9 281
9 282
9 28
10 266
10 239
10 216
10 129
10 258
10 92
10 99
10 100
10 71
10 75
10 141
10 120
11 72
11 17
11 241
11 180
11 119
11 152
11 32
11 314
11 270
11 182
11 150
11 186
12 113
12 42
12 117
12 224
12 304
12 60
12 298
13 288
13 315
13 170
13 293
13 157
13 256
13 196
13 102
13 39
13 267
13 268
13 273
13 247
14 213
14 178
14 227
14 165
14 89
14 236
14 302
14 48
14 274
14 147
14 308
14 281
14 282
15 69
15 204
15 280
15 299
15 40
15 64
15 194
15 283
15 159
16 230
16 189
16 255
16 65
16 101
16 145
16 248
16 185
16 190
17 119
17 152
17 241
17 72
17 180
17 184
17 32
17 314
17 270
17 182
17 150
17 186
18 58
18 217
18 59
18 249
18 130
18 62
18 291
18 164
18 175
19 317
19 254
19 154
19 31
19 81
19 61
19 128
19 137
19 116
19 188
20 162
20 260
20 263
20 201
20 237
20 124
20 29
20 200
20 203
20 53
20 214
20 316
21 225
21 261
21 135
21 171
21 84
21 277
21 244
21 151
21 30
21 289
21 195
21 38
21 103
21 235
21 148
21 219
21 156
22 175
22 291
22 164
22 130
22 249
22 217
22 58
22 59
22 62
23 116
23 128
23 137
23 188
23 81
23 154
23 317
23 254
23 31
24 121
24 67
24 52
24 310
24 246
24 183
25 136
25 142
25 168
25 115
25 251
25 292
25 297
25 107
25 50
26 240
26 234
26 118
26 104
26 57
26 76
26 229
26 309
26 131
26 276
26 78
26 303
27 174
27 197
27 231
27 320
27 68
27 43
27 173
27 47
27 56
27 90
27 220
28 302
28 281
28 274
28 282
28 236
28 48
28 147
28 308
28 89
28 227
28 165
28 178
28 213
29 201
29 260
29 237
29 263
29 124
29 199
29 162
29 200
29 203
29 53
29 214
29 316
30 225
30 84
30 277
30 151
30 171
30 244
30 261
30 289
30 195
30 38
30 103
30 235
30 148
30 219
31 154
31 317
31 61
31 128
31 116
31 188
32 314
32 182
32 270
32 186
32 150
32 72
32 241
32 180
32 119
32 184
32 152
33 232
33 191
33 82
33 167
33 294
33 211
33 140
33 198
34 149
34 207
34 63
34 163
34 301
34 144
34 242
34 253
34 259
34 176
34 278
34 153
34 91
34 286
35 49
35 95
35 77
35 105
35 51
35 212
35 125
35 222
36 108
36 112
36 193
36 312
36 73
36 83
36 275
36 223
37 233
37 55
37 160
37 98
37 45
37 295
37 161
37 41
37 79
37 215
37 158
38 289
38 195
38 103
38 148
38 219
38 261
38 135
38 84
38 277
38 244
38 151
39 256
39 267
39 268
39 102
39 247
39 273
39 288
39 293
39 170
39 315
39 157
40 64
40 69
40 299
40 204
40 280
40 194
40 283
40 159
41 215
41 161
41 79
41 160
41 98
41 233
41 55
42 306
42 117
42 313
42 113
42 224
42 304
42 60
42 271
42 298
42 132
42 252
43 47
43 173
43 56
43 68
43 90
43 220
43 44
43 319
43 197
43 174
43 231
44 90
44 220
44 320
44 68
44 173
44 47
44 56
44 197
44 174
44 231
45 160
45 98
45 233
45 55
45 161
45 79
45 215
46 192
46 114
46 179
46 245
46 54
46 85
46 88
46 218
47 56
47 320
47 220
47 319
47 197
47 174
47 231
48 89
48 147
48 236
48 308
48 302
48 274
48 281
48 282
48 227
48 178
48 213
49 95
49 74
49 77
49 105
49 51
49 212
49 110
49 125
49 222
50 297
50 292
50 107
50 94
50 136
50 168
50 109
50 142
50 115
50 251
51 105
51 212
51 110
51 74
51 77
51 95
51 125
51 222
52 67
52 121
52 202
52 155
52 66
52 221
52 246
52 183
53 200
53 203
53 214
53 316
53 162
53 260
53 263
53 201
53 237
53 124
54 88
54 192
54 114
54 245
54 85
54 218
55 233
55 160
55 98
55 161
55 79
55 215
56 173
56 320
56 68
56 90
56 220
56 319
56 197
56 231
57 104
57 240
57 234
57 118
57 229
57 309
57 131
57 276
57 78
57 303
58 243
58 181
58 217
58 59
58 249
58 130
58 62
58 291
58 164
58 175
59 243
59 217
59 181
59 249
59 130
59 62
59 291
59 164
59 175
60 224
60 304
60 271
60 113
60 306
60 117
60 313
60 298
60 132
60 252
61 81
61 154
61 317
61 254
61 128
61 137
61 116
61 188
62 249
62 130
62 243
62 181
62 217
62 291
62 164
62 175
63 207
63 149
63 163
63 301
63 144
63 259
63 176
63 278
63 153
63 91
63 286
64 69
64 299
64 280
64 194
64 283
64 159
65 101
65 248
65 145
65 185
65 190
65 134
65 230
65 189
65 255
66 67
66 310
66 121
66 246
66 183
67 310
67 121
67 246
67 183
68 320
68 220
68 319
68 174
68 231
69 204
69 280
69 299
70 143
70 257
70 123
70 269
70 206
70 285
70 279
70 250
70 264
70 169
70 226
71 100
71 120
71 129
71 258
71 266
71 216
71 92
72 180
72 152
72 241
72 119
72 184
72 314
72 270
72 182
72 150
72 186
73 275
73 272
73 87
73 83
73 193
73 108
73 112
73 223
74 95
74 105
74 212
74 125
74 222
75 100
75 120
75 129
75 258
75 266
75 216
75 92
76 104
76 240
76 118
76 229
76 309
76 276
76 78
76 303
77 95
77 105
77 212
77 222
78 303
78 131
78 276
78 229
78 104
78 234
78 240
78 309
78 118
79 161
79 215
79 158
79 160
79 98
79 295
79 233
80 210
80 287
80 187
80 307
80 96
80 86
80 208
80 97
80 290
80 300
81 154
81 317
81 128
81 116
81 188
82 146
82 191
82 166
82 167
82 294
82 211
82 140
82 198
83 272
83 275
83 87
83 193
83 108
83 112
83 312
83 223
84 225
84 135
84 277
84 171
84 244
84 261
84 289
84 195
84 103
84 235
84 148
84 219
84 156
85 218
85 192
85 245
85 88
85 179
86 96
86 177
86 210
86 307
86 187
86 287
86 208
86 97
86 290
86 300
87 275
87 193
87 108
87 112
87 312
87 223
88 179
88 192
88 114
88 245
88 218
89 147
89 236
89 308
89 302
89 274
89 282
89 227
89 165
89 178
89 213
90 319
90 220
90 320
90 174
90 231
91 176
91 153
91 259
91 286
91 278
91 163
91 301
91 207
91 144
91 242
91 149
91 253
92 129
92 258
92 266
92 239
92 216
92 99
92 100
92 141
92 120
93 138
93 262
93 296
93 265
93 139
93 205
93 238
93 209
93 284
94 107
94 297
94 292
94 136
94 168
94 142
94 115
94 251
95 105
95 110
95 125
95 222
96 177
96 210
96 307
96 187
96 287
96 208
96 97
96 290
96 300
97 208
97 290
97 300
97 177
97 210
97 307
97 187
97 287
98 160
98 295
98 233
98 161
98 215
98 158
99 120
99 100
99 129
99 258
99 266
99 216
100 120
100 141
100 129
100 258
100 266
100 239
100 216
101 248
101 145
101 185
101 190
101 134
101 230
101 189
101 255
102 268
102 256
102 196
102 247
102 273
102 288
102 293
102 170
102 315
102 157
103 148
103 235
103 156
103 225
103 261
103 135
103 171
103 277
103 151
104 240
104 234
104 229
104 131
104 276
105 212
105 110
105 125
105 222
106 122
106 133
106 126
106 111
106 305
106 318
106 127
107 297
107 292
107 136
107 109
107 142
107 115
107 251
108 112
108 193
108 312
108 272
108 275
108 223
109 168
109 251
109 115
109 136
109 142
109 292
109 297
110 212
110 125
110 222
111 126
111 228
111 133
111 122
111 305
111 172
111 318
111 127
112 312
112 193
112 272
112 275
112 223
113 313
113 306
113 224
113 304
113 271
113 298
113 132
113 252
114 192
114 218
114 245
114 179
115 168
115 251
115 136
115 142
115 292
115 297
116 128
116 137
116 188
116 154
116 317
116 254
117 306
117 313
117 224
117 304
117 271
117 298
117 132
117 252
118 240
118 234
118 229
118 131
118 276
119 152
119 241
119 180
119 184
119 314
119 270
119 182
119 150
119 186
120 141
120 129
120 258
120 266
120 239
120 216
121 202
121 310
121 246
121 183
122 133
122 228
122 126
122 305
122 172
122 318
122 127
123 257
123 143
123 269
123 206
123 285
123 279
123 250
123 264
123 169
123 226
124 260
124 201
124 237
124 199
124 200
124 203
124 214
124 316
125 212
125 222
126 228
126 133
126 305
126 172
126 127
127 318
127 228
127 133
127 172
127 305
128 137
128 188
128 154
128 317
128 254
129 216
129 258
129 266
129 239
129 141
130 243
130 181
130 217
130 291
130 175
131 276
131 303
131 229
131 240
131 309
132 298
132 224
132 304
133 228
133 305
133 172
133 318
134 255
134 189
134 230
134 145
134 248
134 185
134 190
135 225
135 277
135 151
135 171
135 244
135 261
135 289
135 195
135 235
135 148
135 219
136 142
136 168
136 292
136 297
137 188
137 154
137 317
138 296
138 205
138 238
138 209
138 311
138 284
139 296
139 205
139 238
139 209
139 311
139 284
139 262
140 198
140 211
140 294
140 166
140 167
140 232
140 146
140 191
141 258
141 266
141 216
142 168
142 251
142 292
142 297
143 257
143 269
143 206
143 285
143 279
143 250
143 264
143 169
143 226
144 301
144 242
144 163
144 253
144 149
144 207
144 259
144 176
144 278
144 286
145 185
145 248
145 190
145 189
145 255
146 232
146 191
146 167
146 294
146 211
146 198
147 302
147 274
147 281
147 282
147 227
147 165
147 178
147 213
148 219
148 289
148 235
148 156
148 195
148 225
148 171
148 277
148 244
148 151
149 207
149 163
149 301
149 242
149 253
149 259
149 176
149 278
149 286
150 186
150 314
150 182
150 270
150 241
150 180
150 184
150 152
151 277
151 225
151 171
151 244
151 261
151 289
151 195
151 235
151 219
151 156
152 241
152 180
152 184
152 314
152 270
152 182
152 186
153 286
153 259
153 176
153 278
153 301
153 207
153 242
153 253
154 317
154 254
154 188
155 310
155 246
155 183
156 195
156 289
156 219
156 261
156 244
157 293
157 288
157 315
157 256
157 196
157 267
157 268
157 273
158 161
158 215
158 160
158 233
159 299
159 204
159 280
160 295
160 233
160 161
160 215
161 215
161 295
161 233
162 260
162 263
162 199
162 201
162 237
162 200
162 203
162 214
162 316
163 242
163 301
163 253
163 207
163 259
163 176
163 278
163 286
164 291
164 175
164 243
164 181
164 217
165 213
165 178
165 227
165 236
165 302
165 274
165 308
165 281
165 282
166 167
166 232
166 191
166 294
166 211
166 198
167 191
167 294
167 211
168 251
168 292
168 297
169 264
169 226
169 257
169 269
169 206
169 279
169 250
169 285
170 293
170 288
170 315
170 256
170 196
170 267
170 268
170 273
171 244
171 261
171 289
171 195
171 219
172 305
172 318
173 320
173 220
173 319
173 174
173 231
174 197
174 231
174 320
174 220
174 319
175 291
175 249
175 243
175 181
175 217
176 259
176 207
176 242
176 253
177 307
177 210
177 187
177 287
177 208
177 290
177 300
178 213
178 227
178 236
178 302
178 274
178 308
178 281
178 282
179 192
179 245
179 218
180 241
180 184
180 314
180 270
180 182
180 186
181 217
181 249
181 291
182 314
182 270
182 186
182 241
182 184
183 202
183 310
183 221
184 241
184 314
184 270
184 186
185 190
185 230
186 270
186 241
187 210
187 287
187 307
187 208
187 290
187 300
188 254
189 230
189 190
190 248
190 255
191 232
191 294
191 211
191 198
192 218
192 245
193 312
193 272
193 275
193 223
194 299
194 204
194 280
195 235
195 225
195 261
195 277
196 256
196 267
196 268
196 247
196 273
196 288
196 293
196 315
197 231
197 320
197 220
197 319
198 211
198 294
198 232
199 260
199 263
199 201
199 237
199 200
199 203
199 214
199 316
200 203
200 214
200 316
200 260
200 263
200 201
201 260
201 237
201 263
201 203
201 214
201 316
202 310
202 246
203 214
203 316
203 260
203 263
203 237
204 280
204 299
204 283
205 296
205 265
205 238
205 209
205 311
205 284
205 262
206 257
206 269
206 285
206 279
206 250
206 264
206 226
207 301
207 242
207 253
207 259
207 278
207 286
208 290
208 300
208 210
208 307
208 287
209 265
209 284
209 296
209 311
209 238
209 262
210 287
210 307
210 300
211 294
211 232
212 222
213 236
213 302
213 308
213 281
213 282
214 316
214 260
214 263
214 237
215 295
215 233
216 258
216 266
216 239
217 243
217 249
218 245
219 235
219 225
219 261
219 277
220 319
220 320
220 231
221 310
221 246
223 272
223 275
223 312
224 271
224 306
224 313
224 252
225 277
225 244
225 261
225 289
226 264
226 257
226 269
226 279
226 250
226 285
227 236
227 302
227 308
227 281
227 282
228 305
228 318
229 309
229 234
229 240
229 303
230 255
230 248
231 320
231 319
232 294
233 295
234 240
234 309
234 276
234 303
235 289
235 261
235 244
236 274
236 281
236 282
237 263
237 260
237 316
238 265
238 311
238 284
238 262
239 266
239 258
240 309
240 276
240 303
241 314
241 270
242 301
242 259
242 278
242 286
243 249
243 291
244 261
244 277
246 310
247 256
247 267
247 268
247 273
247 288
247 293
247 315
249 291
250 257
250 279
250 285
250 264
251 292
251 297
252 298
252 304
253 301
253 259
253 278
253 286
254 317
256 267
256 268
256 273
256 293
256 315
257 269
257 285
257 279
257 264
258 266
259 286
259 278
259 301
260 263
260 316
261 277
261 289
262 296
262 311
262 284
263 316
264 269
264 279
264 285
265 284
265 296
265 311
267 268
267 273
267 288
267 293
268 288
268 315
269 285
269 279
270 314
271 304
271 298
272 275
272 312
273 288
273 315
274 282
274 281
274 302
274 308
275 312
276 303
276 309
277 289
279 285
280 283
281 282
281 302
281 308
282 302
282 308
283 299
284 296
284 311
287 307
287 290
288 315
288 293
290 300
290 307
293 315
296 311
298 306
298 313
300 307
303 309
304 306
304 313
305 318
319 320
