heur038_n_361_m_7987
1 46
1 146
1 24
1 132
1 359
1 102
1 352
1 320
1 204
1 213
2 188
2 124
2 190
2 206
2 162
2 163
2 236
2 230
2 104
2 14
2 15
2 20
2 310
2 120
3 285
3 215
3 251
3 223
3 33
3 229
3 108
3 336
3 312
3 58
4 90
4 40
4 96
4 333
4 47
4 186
4 50
4 228
4 271
4 89
4 92
4 158
5 149
5 67
5 324
5 273
5 53
5 318
5 137
5 335
5 209
5 115
5 308
5 91
6 52
6 319
6 43
6 256
6 353
6 289
6 139
6 177
6 305
6 182
6 279
6 313
7 226
7 197
7 298
7 167
7 262
7 263
7 152
7 199
7 39
7 233
7 71
8 134
8 208
8 216
8 249
8 68
9 270
9 260
9 157
9 82
9 293
9 165
9 339
9 150
9 122
9 189
9 63
10 225
10 295
10 168
10 170
10 74
10 136
10 240
10 145
10 338
10 210
10 178
10 191
11 80
11 32
11 34
11 258
11 261
11 45
11 81
11 180
11 49
11 351
12 75
12 205
12 288
12 164
12 105
12 344
12 222
13 316
13 103
13 166
13 179
13 85
13 64
13 244
13 78
13 311
13 334
13 110
13 30
13 175
14 20
14 104
14 310
14 230
14 162
14 163
14 206
14 124
15 310
15 104
15 20
15 120
15 230
15 162
15 163
15 236
15 206
15 188
15 124
16 315
16 277
16 337
16 192
16 140
16 185
16 274
16 22
16 355
16 73
16 143
16 48
16 276
16 56
17 18
17 128
17 248
17 153
17 123
17 36
17 113
17 243
17 250
17 219
17 252
17 221
18 128
18 248
18 153
18 123
18 36
18 113
18 243
18 250
18 219
18 252
18 221
19 220
19 127
19 135
19 66
19 97
19 44
19 125
19 327
19 201
19 27
19 93
19 287
20 104
20 310
20 120
20 230
20 162
20 163
20 236
20 206
20 188
20 124
20 190
21 296
21 202
21 100
21 325
21 361
21 141
21 237
21 114
21 283
21 95
22 185
22 274
22 192
22 337
22 277
22 315
22 355
22 73
22 143
22 48
22 276
22 56
23 196
23 72
23 224
23 187
23 194
23 117
23 106
23 31
23 343
23 321
23 130
23 65
23 358
23 345
23 169
23 142
23 57
23 62
24 132
24 359
24 146
24 46
24 102
24 352
24 320
24 204
24 213
25 109
25 340
25 278
25 193
25 331
25 272
25 155
25 29
26 60
26 98
26 51
26 174
26 323
26 257
26 161
26 357
26 301
26 116
26 214
26 183
27 201
27 327
27 97
27 66
27 135
27 44
27 125
27 127
28 329
28 138
28 300
28 77
28 246
28 99
28 307
28 181
28 217
28 346
28 156
28 349
29 331
29 155
29 193
29 272
29 76
29 340
29 278
30 175
30 334
30 110
30 64
30 166
30 103
30 78
30 179
30 244
30 85
30 311
30 316
31 194
31 106
31 117
31 224
31 196
31 72
31 187
31 343
31 321
31 130
31 65
31 358
31 345
31 169
31 142
31 57
31 62
32 34
32 81
32 45
32 258
32 261
32 80
32 49
32 126
33 229
33 108
33 336
33 312
33 58
33 215
33 251
33 285
33 223
34 81
34 45
34 258
34 180
34 261
34 80
34 49
34 126
34 351
35 265
35 200
35 239
35 42
35 259
35 148
35 302
35 303
35 241
35 86
35 347
36 243
36 252
36 113
36 221
36 128
36 153
37 317
37 291
37 70
37 198
37 297
37 266
37 299
37 235
37 88
37 281
37 211
38 164
38 288
38 105
38 344
38 222
38 330
38 75
38 205
39 152
39 199
39 226
39 197
39 262
39 167
39 263
39 298
39 233
40 90
40 96
40 333
40 47
40 186
40 50
40 228
40 271
40 89
40 92
40 158
41 322
41 326
41 275
41 154
41 328
41 172
41 292
41 111
41 286
42 265
42 239
42 259
42 148
42 302
42 303
42 241
42 86
42 347
43 52
43 319
43 256
43 289
43 139
43 177
43 305
43 182
43 279
43 313
44 97
44 125
44 66
44 135
44 220
44 127
44 327
44 201
44 93
44 287
45 258
45 180
45 261
45 80
45 49
45 126
45 351
46 146
46 132
46 359
46 102
46 320
46 204
46 213
47 333
47 90
47 96
47 50
47 228
47 271
47 89
47 92
47 158
48 355
48 73
48 143
48 276
48 56
48 192
48 337
48 274
48 277
48 185
48 315
49 126
49 351
49 258
49 261
49 80
49 81
49 180
50 186
50 228
50 271
50 96
50 333
50 90
50 89
50 92
50 158
51 174
51 98
51 94
51 60
51 323
51 257
51 161
51 357
51 301
51 116
51 214
51 183
52 319
52 256
52 139
52 305
52 182
52 279
52 313
53 273
53 324
53 318
53 67
53 149
53 137
53 335
53 209
53 115
53 308
53 91
54 264
54 79
54 342
54 55
54 184
54 282
54 350
54 255
54 306
54 59
54 212
54 341
55 264
55 255
55 350
55 79
55 184
55 282
55 342
55 306
55 59
55 212
55 341
56 73
56 355
56 143
56 192
56 140
56 274
56 277
56 185
57 130
57 142
57 62
57 321
57 345
57 65
57 169
57 358
57 224
57 194
57 196
57 72
57 106
57 117
57 187
57 343
58 312
58 229
58 251
59 212
59 306
59 341
59 350
59 264
59 79
59 342
59 282
59 184
59 255
60 94
60 98
60 174
60 323
60 257
60 161
60 357
60 301
60 116
60 214
60 183
61 332
61 131
61 356
61 195
61 294
61 231
61 119
62 130
62 142
62 321
62 345
62 169
62 358
62 224
62 194
62 196
62 72
62 106
62 187
63 122
63 150
63 189
63 260
63 293
63 270
63 82
63 157
64 244
64 78
64 311
64 166
64 103
64 179
64 85
64 316
64 334
64 110
64 175
65 345
65 358
65 321
65 130
65 142
65 224
65 194
65 196
65 72
65 106
65 117
65 187
66 135
66 97
66 125
66 327
66 201
67 273
67 324
67 318
67 149
67 137
67 335
67 209
67 115
67 308
67 91
68 216
68 249
68 134
68 208
69 304
69 160
69 290
69 354
69 176
69 242
69 83
70 299
70 297
70 317
70 281
71 233
71 226
71 197
71 262
71 167
71 263
71 298
71 199
71 152
72 196
72 194
72 117
72 106
72 343
72 321
72 358
72 345
72 169
73 355
73 276
73 143
73 192
73 140
73 337
73 274
73 277
73 185
73 315
74 168
74 170
74 225
74 295
74 136
74 240
74 145
74 338
74 210
74 178
74 191
75 205
75 330
75 288
75 164
75 144
75 344
75 222
76 109
76 340
76 278
76 193
76 331
76 272
76 155
77 300
77 138
77 329
77 246
77 99
77 181
77 217
77 346
77 156
77 349
78 244
78 179
78 85
78 316
78 334
78 110
78 175
79 350
79 255
79 264
79 184
79 282
79 306
79 341
80 81
80 180
80 126
80 351
81 258
81 180
81 261
81 126
81 351
82 293
82 165
82 260
82 270
82 150
82 122
82 189
83 160
83 290
83 354
83 304
83 176
83 242
83 245
83 151
83 253
84 280
84 314
84 112
84 133
84 360
84 107
84 238
84 284
84 268
84 147
85 179
85 316
85 103
85 244
85 311
85 334
85 110
85 175
86 302
86 241
86 347
86 303
86 259
86 200
86 265
86 239
86 148
87 356
87 131
87 332
87 195
87 119
88 299
88 297
88 317
89 92
89 158
89 96
89 228
89 186
89 333
89 271
89 90
90 96
90 186
90 228
90 271
90 92
90 158
91 115
91 273
91 149
91 318
92 158
92 96
92 228
92 186
92 271
93 201
93 327
93 97
93 135
93 125
94 98
94 174
94 257
94 161
94 357
94 116
94 214
94 183
95 325
95 141
95 237
95 114
95 121
95 283
95 254
95 296
95 202
95 348
96 333
96 186
96 228
96 271
96 158
97 125
97 135
97 220
97 127
97 327
97 201
97 287
98 174
98 323
98 257
98 161
98 357
98 301
98 116
98 214
98 183
99 307
99 349
99 346
99 217
99 329
99 138
99 300
100 121
100 114
100 141
100 283
100 325
100 237
100 254
100 296
100 202
100 348
101 195
101 119
101 131
101 356
101 332
102 132
102 359
102 352
102 320
102 204
102 213
103 316
103 179
103 244
103 334
103 110
103 175
104 310
104 120
104 230
104 162
104 163
104 236
104 206
104 188
104 124
105 144
105 330
105 205
106 117
106 194
106 224
106 196
106 187
106 343
106 130
106 358
106 345
106 169
106 142
107 238
107 284
107 133
107 280
107 314
107 268
107 147
108 229
108 312
109 340
109 278
109 193
109 331
109 272
109 155
110 334
110 175
110 179
110 244
110 311
110 316
111 172
111 292
111 129
111 322
111 326
111 328
111 154
111 286
112 314
112 133
112 360
112 284
112 268
112 147
113 221
113 243
113 252
113 219
113 250
113 128
113 248
113 153
113 123
114 141
114 121
114 361
114 283
114 325
114 237
114 254
114 296
114 202
114 348
115 209
115 137
115 308
115 335
115 324
115 273
115 149
115 318
116 257
116 214
116 161
116 183
116 357
116 301
116 323
117 194
117 224
117 196
117 187
117 321
117 130
117 358
117 169
117 142
118 269
118 247
118 234
118 207
118 218
118 309
119 195
119 231
119 171
119 294
119 131
119 356
119 332
120 230
120 310
120 162
120 163
120 206
120 124
121 361
121 141
121 283
121 325
121 254
121 296
121 202
122 150
122 189
122 260
122 293
122 270
122 157
123 128
123 248
123 153
123 243
123 250
123 219
123 252
123 221
124 206
124 188
124 190
124 162
124 163
124 236
124 230
124 310
125 135
125 220
125 127
125 327
125 201
125 287
126 351
126 258
126 261
126 180
127 135
127 327
127 201
128 153
128 243
128 219
128 221
129 275
129 154
129 322
129 326
129 328
129 172
129 292
129 286
130 321
130 345
130 169
130 358
130 194
130 196
130 343
131 356
131 332
131 195
131 294
131 231
131 171
132 359
132 146
132 352
132 320
132 204
132 213
133 360
133 284
133 238
133 280
133 314
133 268
133 147
134 208
134 216
135 220
135 327
135 201
135 287
136 191
136 145
136 338
136 240
136 210
136 178
136 225
136 295
136 168
136 170
137 335
137 324
137 273
137 149
137 318
138 300
138 329
138 246
138 307
138 181
138 217
138 346
138 156
138 349
139 279
139 177
139 353
139 313
139 182
139 289
139 256
139 305
139 319
140 192
140 337
140 315
140 277
140 185
140 274
140 355
140 143
140 276
141 361
141 283
141 325
141 237
141 254
141 296
141 202
141 348
142 321
142 345
142 169
142 358
142 194
142 196
142 343
143 355
143 276
143 337
143 274
143 185
143 315
144 344
144 222
144 288
144 164
144 330
144 205
145 338
145 191
145 240
145 210
145 178
145 225
145 295
145 168
145 170
146 359
146 352
146 320
146 204
146 213
147 360
147 268
147 238
147 280
147 314
147 284
148 259
148 200
148 265
148 239
148 302
148 303
148 241
148 347
149 324
149 273
149 318
149 335
149 209
149 308
150 189
150 260
150 293
150 270
151 176
151 290
151 242
151 160
151 354
152 199
152 226
152 197
152 262
152 167
152 263
152 298
152 233
153 248
153 243
153 250
153 219
153 252
153 221
154 322
154 326
154 328
154 172
154 292
154 286
155 331
155 203
155 193
155 272
155 340
155 278
156 307
156 349
156 346
156 217
156 181
156 329
156 300
157 260
157 270
157 189
158 228
158 186
158 271
159 234
159 227
159 269
159 218
159 309
160 354
160 290
160 176
160 242
160 253
160 304
160 245
161 183
161 257
161 214
161 357
161 301
161 323
161 174
162 206
162 188
162 190
162 163
162 236
162 230
162 310
163 206
163 188
163 190
163 236
163 230
163 310
164 288
164 222
164 330
164 205
165 260
165 270
165 189
166 316
166 179
166 244
166 311
166 334
166 175
167 226
167 298
167 197
167 262
167 199
168 170
168 225
168 295
168 240
168 338
168 210
168 178
169 358
169 321
169 224
169 196
169 187
170 225
170 295
170 240
170 338
170 210
170 178
170 191
171 195
171 356
171 332
172 292
172 322
172 326
172 328
172 275
172 286
173 207
173 234
173 269
173 218
173 309
174 323
174 257
174 357
174 301
174 214
174 183
175 334
175 179
175 244
175 311
175 316
176 253
176 290
176 242
176 354
176 304
176 245
177 279
177 353
177 313
177 182
177 256
177 305
177 319
178 210
178 240
178 338
178 191
178 225
179 316
179 244
179 311
179 334
180 261
180 258
181 217
181 307
181 346
181 349
181 300
181 246
182 289
182 353
182 279
182 256
182 305
182 319
183 257
183 214
183 357
183 301
183 323
184 282
184 342
184 264
184 350
184 255
184 306
184 212
184 341
185 274
185 192
185 337
185 277
185 315
185 355
185 276
186 228
186 271
186 333
187 196
187 194
187 343
187 321
187 358
187 345
188 206
188 190
188 236
188 230
188 310
189 339
189 260
189 293
190 206
190 230
190 310
191 338
191 240
191 210
191 225
191 295
192 337
192 315
192 274
192 355
192 276
193 331
193 203
193 272
193 340
193 278
194 224
194 196
194 321
194 358
194 345
195 231
195 356
195 332
196 224
196 343
196 321
196 358
196 345
197 226
197 298
197 263
197 199
197 233
198 297
198 299
198 317
198 281
199 226
199 262
199 263
199 298
199 233
200 239
200 265
200 259
200 302
200 303
200 241
200 347
201 327
202 348
202 296
202 325
202 361
202 237
202 283
202 254
203 331
203 272
203 340
203 278
204 352
204 320
204 213
204 359
205 330
205 288
205 344
205 222
206 236
206 230
206 310
207 234
207 227
207 269
207 218
207 309
208 216
208 249
209 324
209 273
209 318
210 240
210 338
210 225
210 295
211 281
211 297
211 266
211 299
211 235
211 317
212 306
212 341
212 350
212 264
213 352
213 320
213 359
214 257
214 357
214 301
214 323
215 251
215 229
215 312
216 249
217 307
217 346
217 349
217 329
217 300
217 246
218 309
218 227
218 232
218 234
218 267
218 269
218 247
219 252
219 221
220 327
221 243
221 252
221 250
221 248
222 344
222 288
222 330
223 251
223 229
223 336
223 312
224 343
224 321
224 358
224 345
225 295
225 240
225 338
226 298
226 262
226 263
226 233
227 232
227 269
227 247
227 234
227 267
227 309
228 271
228 333
229 312
229 336
229 251
229 285
230 236
231 294
231 356
232 269
232 234
232 309
233 298
234 267
234 269
234 247
234 309
235 297
235 299
235 317
235 281
236 310
237 325
237 254
237 283
237 361
237 296
238 284
238 314
238 268
239 265
239 259
239 302
239 303
239 241
239 347
240 295
241 303
241 347
241 302
241 259
241 265
242 290
242 354
242 304
242 245
243 252
243 250
243 248
244 311
244 316
244 334
245 290
245 354
246 329
246 300
246 307
246 346
246 349
247 269
247 309
248 252
251 336
251 312
253 290
253 354
254 325
254 283
254 361
254 296
255 350
255 264
255 306
255 341
256 305
256 353
256 279
256 313
256 319
257 357
257 301
258 351
259 265
259 302
259 303
259 347
260 270
260 293
260 339
261 351
262 298
263 298
264 350
264 282
264 342
264 306
264 341
265 302
265 303
265 347
266 297
266 299
266 317
266 281
267 269
267 309
268 360
268 280
268 314
268 284
269 309
270 293
270 339
271 333
272 331
272 340
272 278
273 324
273 318
273 335
273 308
274 337
274 277
274 315
274 355
274 276
275 322
275 326
275 292
275 286
276 355
276 337
276 277
276 315
277 315
277 337
277 355
278 340
278 331
279 353
279 313
279 289
279 305
279 319
280 314
280 360
280 284
281 291
281 297
281 299
281 317
282 350
282 341
283 325
283 361
283 296
283 348
284 360
284 314
285 312
286 322
286 292
286 326
286 328
287 327
288 330
289 313
289 305
289 319
290 354
290 304
291 299
291 297
291 317
292 322
292 326
292 328
294 356
294 332
295 338
296 348
296 325
296 361
297 299
297 317
299 317
300 329
300 307
300 346
300 349
301 357
301 323
302 347
302 303
303 347
304 354
305 353
305 313
305 319
306 341
306 350
306 342
307 349
307 346
307 329
308 335
308 324
308 318
311 316
311 334
312 336
313 353
313 319
314 360
315 337
315 355
316 334
318 324
318 335
319 353
320 352
320 359
321 345
321 358
321 343
322 326
322 328
323 357
324 335
325 361
325 348
326 328
329 346
329 349
330 344
331 340
332 356
337 355
341 350
341 342
342 350
343 358
345 358
346 349
348 361
352 359
