heur023_n_329_m_16183
1 291
1 3
1 142
1 277
1 151
2 129
2 259
2 134
2 9
2 42
2 265
2 46
2 81
2 50
2 211
2 85
2 61
2 222
3 145
3 114
3 80
4 186
4 214
4 189
4 126
4 206
4 39
4 104
4 100
4 158
4 143
5 120
5 131
5 40
5 102
5 319
5 303
5 69
5 63
5 152
5 180
6 324
6 144
6 281
6 62
7 74
7 133
7 88
7 225
7 122
7 280
7 276
7 187
7 286
8 57
9 265
9 259
9 129
9 53
9 81
9 211
9 147
9 283
9 222
10 250
10 236
10 307
10 195
10 192
10 228
10 234
10 299
10 109
10 110
10 240
10 308
10 184
11 18
11 19
11 272
11 239
11 256
11 200
11 328
11 148
11 157
11 220
11 29
12 321
12 322
12 72
12 285
12 252
12 318
12 232
12 146
12 274
12 127
13 263
13 298
13 302
13 288
13 268
13 317
13 294
13 284
13 278
14 75
14 48
14 21
14 87
14 24
14 90
14 93
15 306
15 315
15 213
15 231
15 197
15 135
15 165
16 311
16 182
16 159
17 164
17 230
17 169
17 79
17 305
17 178
17 154
17 95
17 64
17 84
18 272
18 328
18 148
18 157
18 29
19 272
19 148
19 157
19 29
20 76
21 75
22 306
22 315
22 213
22 231
22 197
22 135
22 101
22 165
23 76
23 269
23 82
23 179
23 191
24 90
24 87
24 75
24 57
24 59
25 296
25 312
25 128
25 138
25 35
25 196
25 163
25 170
25 77
25 237
26 257
26 193
26 204
26 242
26 188
26 254
26 121
26 116
26 262
26 255
27 270
27 287
27 98
27 107
27 311
27 320
27 323
27 49
27 182
27 55
27 159
28 190
28 289
28 89
29 148
29 239
29 272
30 190
30 289
30 309
30 89
31 120
31 131
31 40
31 102
31 319
31 303
31 69
31 63
31 152
31 180
32 327
32 96
32 293
32 261
32 264
33 176
33 250
33 236
33 307
33 195
33 192
33 228
33 234
33 299
33 109
33 110
33 240
33 308
33 184
34 251
34 105
34 171
34 175
35 163
35 196
35 77
35 52
35 117
35 125
35 170
35 237
35 128
35 65
35 153
35 296
35 138
35 43
35 174
35 312
35 58
36 74
36 133
36 88
36 225
36 122
36 280
36 276
36 187
36 286
37 293
37 96
37 233
37 261
37 38
37 327
38 327
38 96
38 261
38 264
38 233
39 214
39 186
39 124
39 189
39 126
39 104
39 100
39 158
39 143
40 319
40 180
41 136
41 251
41 44
41 171
41 175
42 129
42 259
42 265
42 53
42 81
42 211
42 147
42 85
42 283
42 222
43 153
43 174
43 296
43 312
43 128
43 138
43 65
43 58
43 196
43 163
43 170
43 77
43 237
43 117
44 136
44 238
44 47
44 249
44 251
44 329
44 105
44 203
44 108
44 171
44 207
44 175
44 316
45 275
45 115
45 297
45 202
45 139
45 300
45 219
45 210
45 83
45 149
45 91
46 129
46 211
46 147
46 283
46 222
47 249
47 251
47 105
47 203
47 171
47 175
49 182
49 159
49 311
50 211
50 222
50 283
50 147
50 129
50 259
50 265
50 53
51 245
51 258
51 235
51 215
51 168
51 185
52 163
52 196
52 125
52 170
52 237
52 128
52 65
52 153
52 296
52 138
52 174
52 312
53 129
53 259
53 265
53 81
53 85
53 283
53 61
54 258
54 185
55 182
55 159
55 311
56 96
56 261
56 327
57 75
57 87
57 90
57 93
58 128
58 296
58 138
58 312
58 196
58 163
58 170
58 77
58 237
59 75
59 90
60 161
60 218
60 201
60 194
60 243
61 211
61 222
61 283
61 147
61 129
61 259
61 265
62 281
62 267
62 324
62 99
62 198
62 103
63 102
63 319
63 152
63 180
64 230
64 79
64 305
64 95
65 128
65 153
65 296
65 138
65 312
65 196
65 163
65 170
65 77
65 237
66 263
66 298
66 302
66 288
66 268
66 317
66 294
66 284
66 278
67 289
67 309
67 89
68 161
68 218
68 201
68 194
68 243
68 166
68 208
69 319
69 152
69 180
70 229
70 221
70 132
70 216
70 199
70 172
70 183
71 132
71 216
71 199
71 172
71 183
72 321
72 322
72 252
72 318
72 232
72 146
72 274
72 127
73 289
73 314
73 309
73 89
73 123
73 190
74 88
74 225
74 122
74 280
74 276
74 160
74 187
74 286
74 111
75 90
75 87
75 97
75 93
76 226
76 227
76 106
76 269
76 78
76 271
76 82
76 179
76 92
76 191
77 163
77 196
77 125
77 117
77 128
77 153
77 296
77 138
77 174
77 312
79 154
79 164
79 305
79 230
79 169
79 178
79 84
80 291
80 142
80 277
80 151
81 211
81 147
81 283
81 222
81 129
81 259
81 265
83 297
83 253
83 115
83 275
83 150
84 230
84 169
84 305
84 154
84 95
85 211
85 147
85 283
85 222
85 129
86 198
86 324
86 144
88 225
88 133
88 280
88 276
88 160
88 187
88 286
89 289
89 309
89 314
89 137
89 112
89 177
89 118
89 123
89 190
90 97
90 93
91 297
91 253
91 115
91 275
91 150
94 325
94 326
94 279
94 209
94 205
94 248
94 217
94 224
94 167
94 140
94 301
94 212
94 310
94 156
95 154
95 164
95 305
95 230
95 169
95 178
96 233
96 181
96 293
96 264
96 304
96 244
96 313
96 327
98 311
98 182
98 159
99 198
99 324
99 144
99 281
100 104
100 158
100 206
100 186
100 124
100 189
100 126
101 165
101 135
101 231
101 173
101 119
102 120
102 131
102 319
102 303
102 152
102 180
103 198
103 324
103 144
104 143
104 206
104 214
104 186
104 124
104 189
104 126
105 171
105 175
105 136
105 251
107 311
107 182
107 159
108 171
108 175
108 136
108 251
109 184
109 192
109 240
109 234
109 228
109 130
109 195
109 176
109 307
109 250
110 184
110 192
110 240
110 234
110 299
110 228
110 308
110 130
110 195
110 176
110 307
110 250
111 187
111 286
111 225
111 280
111 133
111 276
111 122
112 137
112 289
113 198
113 324
113 144
114 291
114 142
114 277
114 151
115 150
115 297
115 202
115 139
115 300
115 219
115 210
115 149
115 253
116 262
116 255
116 193
116 204
116 188
117 196
117 163
117 170
117 237
117 128
117 296
117 138
117 312
118 289
119 315
119 213
119 231
119 197
119 135
119 165
120 319
120 303
120 152
120 180
121 262
121 255
121 193
121 204
121 242
121 188
122 225
122 133
122 280
122 276
122 160
122 187
122 286
123 137
123 309
124 186
124 214
124 189
124 126
124 206
124 158
124 143
125 196
125 163
125 170
125 237
125 128
125 296
125 138
125 312
126 186
126 214
126 206
126 158
126 143
127 232
127 274
127 252
127 285
127 318
128 153
128 296
128 174
128 312
128 196
128 163
128 170
128 237
129 259
129 265
129 211
129 147
129 283
129 222
130 250
130 236
130 307
130 195
130 192
130 228
130 234
130 299
130 240
130 308
130 184
131 319
131 152
131 180
132 290
132 260
132 229
132 292
132 247
132 221
132 216
132 199
132 172
132 183
133 225
133 280
133 276
133 160
133 187
133 286
134 283
135 197
135 231
135 173
135 213
135 315
136 249
136 238
136 203
136 171
136 207
136 175
136 316
137 190
137 289
137 309
137 314
138 153
138 296
138 174
138 312
138 196
138 163
138 170
138 237
139 297
139 253
139 275
139 150
140 224
140 212
140 301
140 310
140 167
140 325
140 326
140 266
140 141
140 205
140 209
140 279
140 248
140 217
141 266
141 325
141 326
141 279
141 205
141 248
141 217
141 224
141 167
141 301
141 212
141 310
141 156
142 145
143 158
143 206
143 214
143 186
143 189
144 281
144 267
144 324
144 246
144 198
145 291
145 277
145 151
146 232
146 274
146 252
146 285
146 318
147 259
147 265
148 256
148 200
148 328
148 157
148 220
148 239
148 272
149 297
149 253
149 275
149 150
150 275
150 297
150 202
150 300
150 219
150 210
151 277
153 296
153 312
153 196
153 163
153 170
153 237
154 305
154 230
155 185
155 258
156 224
156 212
156 301
156 310
156 167
156 325
156 326
156 266
156 205
156 209
156 279
156 248
156 217
157 200
157 220
157 239
157 272
158 206
158 214
158 186
158 189
159 320
159 323
159 270
159 311
159 287
160 187
160 286
160 225
160 280
160 276
161 201
161 194
161 243
161 166
161 208
161 162
161 282
161 295
162 194
162 201
162 218
163 170
163 237
163 296
163 174
163 312
164 305
164 230
165 197
165 231
165 173
165 213
165 315
166 201
166 194
166 218
166 208
166 295
167 224
167 301
167 212
167 310
167 325
167 326
167 266
167 205
167 209
167 279
167 248
167 217
168 185
168 258
168 235
168 241
168 245
168 215
169 230
169 305
170 196
170 296
170 174
170 312
171 329
171 203
171 207
171 316
171 238
171 249
171 251
172 216
172 199
172 290
172 260
172 229
172 292
172 247
172 221
173 306
173 315
173 213
173 231
173 197
174 296
174 312
174 196
174 237
175 329
175 203
175 207
175 316
175 238
175 249
175 251
176 250
176 236
176 307
176 195
176 192
176 228
176 234
176 299
176 240
176 308
176 184
177 289
178 230
178 305
179 269
179 226
180 303
181 261
181 264
182 320
182 323
182 270
182 311
182 287
183 216
183 199
183 290
183 260
183 229
183 292
183 247
183 221
184 240
184 234
184 299
184 228
184 308
184 195
184 307
184 250
185 258
185 235
185 241
185 245
185 215
185 223
186 189
186 206
187 225
187 280
187 276
188 257
188 242
188 193
188 254
188 262
188 255
189 214
189 206
190 289
190 314
191 271
191 226
192 240
192 234
192 299
192 228
192 308
192 195
192 307
192 250
193 242
193 204
194 243
194 218
194 208
194 282
194 295
195 236
195 250
195 228
195 234
195 299
195 240
195 308
196 237
196 296
196 312
197 231
197 306
197 213
197 315
198 324
198 267
198 246
198 281
199 290
199 260
199 229
199 292
199 247
199 221
200 328
201 243
201 218
201 208
201 282
201 295
202 297
202 253
202 275
203 329
203 251
204 257
204 242
204 254
204 262
204 255
206 214
207 251
208 282
208 295
208 243
208 218
209 325
209 279
209 248
209 224
209 301
209 310
210 253
210 275
211 283
211 259
211 265
212 248
213 306
213 315
215 258
215 235
215 245
216 290
216 260
216 229
216 292
216 247
216 221
218 243
218 282
218 295
219 297
219 253
219 275
220 328
222 283
222 259
222 265
225 280
225 276
225 286
226 269
227 271
228 299
228 308
228 234
228 240
228 236
228 307
228 250
231 315
232 321
232 322
232 252
232 285
232 318
233 261
233 293
233 264
233 327
234 299
234 308
234 236
234 307
234 250
235 245
236 307
237 296
237 312
238 251
238 316
239 328
240 299
240 308
240 307
241 258
242 262
242 255
243 295
244 261
245 258
248 326
248 266
248 301
249 251
250 307
250 299
250 308
251 329
251 316
252 321
252 322
252 285
252 274
253 300
253 275
254 262
254 255
257 262
259 283
261 293
261 264
261 304
261 313
261 327
263 302
263 284
264 304
264 293
264 313
264 327
265 283
267 324
268 302
268 284
270 311
272 328
273 302
273 284
273 278
274 321
274 322
274 285
274 318
275 297
275 300
276 286
278 288
278 294
278 302
278 317
280 286
281 324
284 288
284 294
284 298
284 302
284 317
285 321
285 322
285 318
287 311
288 294
288 302
289 314
289 309
293 327
294 317
294 298
294 302
297 300
299 307
301 326
302 317
304 327
307 308
311 320
311 323
318 321
318 322
