heur014_n_300_m_14191
1 149
1 134
1 162
1 75
1 117
1 214
1 159
2 149
2 134
2 75
2 210
2 117
2 214
2 159
3 224
3 202
3 144
3 178
3 141
3 160
3 261
3 265
3 27
3 157
4 174
4 173
4 30
4 31
4 163
4 282
4 156
5 138
5 123
5 262
5 112
5 179
6 138
6 135
6 79
6 123
6 262
6 179
7 232
7 267
7 108
7 111
7 258
7 176
8 32
8 160
8 25
8 27
8 157
8 265
8 261
8 224
8 202
8 178
9 160
9 25
9 27
9 157
9 265
9 261
9 224
9 202
9 178
9 181
10 224
10 202
10 178
10 181
10 265
10 25
10 27
10 157
11 218
11 116
11 118
11 242
11 268
11 296
11 41
11 34
12 121
12 188
12 201
12 142
12 102
12 167
12 168
12 42
12 59
13 298
13 130
13 266
13 89
13 154
13 155
13 92
14 187
14 174
14 173
14 163
14 236
14 244
14 282
14 156
14 285
15 217
15 218
15 116
15 118
15 242
15 268
15 296
15 41
15 34
16 148
16 180
16 84
16 85
16 184
16 166
16 158
16 238
17 298
17 130
17 266
17 270
17 89
17 155
18 121
18 188
18 201
18 142
18 102
18 167
18 168
18 42
18 59
19 130
19 137
19 266
19 270
19 89
19 154
19 155
19 92
19 298
20 105
20 140
20 49
20 113
20 120
20 58
20 284
20 62
20 287
21 130
21 266
21 270
21 89
21 154
21 155
21 92
21 298
21 300
22 225
22 131
22 80
22 56
22 250
22 251
22 127
22 254
22 255
23 168
23 167
23 59
23 102
23 201
23 142
23 121
23 188
24 96
24 103
24 281
24 278
24 192
24 207
24 243
24 249
24 93
25 157
25 160
25 265
25 261
25 224
25 202
25 141
25 144
26 225
26 131
26 80
26 250
26 251
26 127
26 254
26 255
27 160
27 157
27 33
27 265
27 261
27 202
27 141
27 144
28 273
28 274
28 209
28 220
28 221
28 283
28 275
28 293
29 273
29 274
29 209
29 220
29 221
29 190
29 283
29 275
29 293
30 173
30 174
30 170
30 236
30 244
30 282
30 285
31 173
31 174
31 170
31 163
31 236
31 244
31 282
31 156
31 285
32 160
32 157
32 265
32 261
32 224
32 202
32 141
32 144
32 178
33 157
33 160
33 265
33 261
33 224
33 202
33 141
34 268
34 242
34 116
34 118
35 103
35 192
35 207
35 243
35 249
35 93
36 231
36 248
36 94
36 223
37 105
37 140
37 284
38 219
38 262
38 98
38 138
38 208
38 83
38 212
38 123
39 129
39 132
39 177
39 133
39 128
39 161
39 259
39 260
39 101
39 153
40 292
40 231
40 272
40 248
40 252
40 94
40 223
41 294
41 242
41 116
41 118
41 217
42 168
42 167
42 102
42 201
42 121
42 188
43 112
43 179
43 98
43 135
43 138
43 123
44 113
44 105
44 140
45 129
45 101
45 153
46 216
46 258
46 104
46 176
46 257
46 99
46 228
46 232
46 267
46 108
46 111
46 95
47 153
47 128
47 260
47 101
47 129
47 133
48 216
48 258
48 104
48 176
48 99
48 228
48 232
48 267
48 108
48 111
48 87
48 95
49 120
49 113
49 105
49 140
50 175
50 280
50 235
50 237
51 230
51 203
52 280
52 277
52 237
53 153
53 128
53 259
53 101
53 124
53 129
53 133
54 247
54 186
54 175
54 280
54 277
54 235
54 237
55 139
55 256
55 253
56 250
56 251
56 131
56 229
56 127
56 254
56 255
57 197
57 230
57 264
57 203
57 91
57 165
58 140
58 287
59 168
59 167
59 201
59 142
59 188
60 165
60 230
60 264
60 203
60 91
61 230
61 203
61 81
61 91
61 169
61 165
62 105
62 140
62 120
63 280
63 235
63 237
64 241
64 109
64 151
64 193
64 289
64 291
64 227
64 204
64 205
64 213
64 183
64 222
65 241
65 106
65 109
65 151
65 193
65 289
65 291
65 227
65 204
65 205
65 213
65 183
65 222
66 114
66 115
66 110
66 119
66 240
66 239
66 195
66 198
67 100
67 107
67 276
67 152
67 269
68 288
68 295
68 297
68 139
68 143
68 256
68 253
69 288
69 297
69 191
69 139
69 143
69 256
69 253
70 114
70 115
70 110
70 119
70 240
70 239
70 198
70 88
71 210
71 206
71 214
71 117
71 126
71 215
71 149
72 292
72 231
72 248
72 94
72 223
73 88
73 82
73 195
73 198
73 110
73 239
73 240
73 114
73 115
73 119
74 100
74 107
74 276
74 152
74 269
75 210
75 206
75 214
75 117
75 126
75 215
76 295
76 139
76 143
76 253
77 88
77 82
77 110
77 239
77 240
77 114
77 115
77 119
78 292
78 97
78 231
78 248
78 252
78 94
78 223
78 290
79 208
79 135
79 138
79 262
79 112
79 179
80 229
81 264
81 197
81 203
81 230
81 165
82 195
82 198
82 110
82 239
82 240
82 115
82 119
83 208
83 212
83 135
83 98
83 262
83 112
83 179
84 184
84 180
84 148
84 150
84 234
84 238
85 184
85 180
85 148
85 150
85 166
85 158
85 234
85 238
86 185
86 189
86 200
86 199
86 233
86 226
86 263
86 172
86 279
87 111
87 257
87 267
87 232
87 95
87 258
87 216
88 195
88 198
88 110
88 239
88 240
88 114
88 119
89 137
89 154
89 266
89 270
89 300
90 185
90 189
90 200
90 199
90 233
90 226
90 263
90 172
90 146
90 147
90 279
91 264
91 197
91 203
91 230
91 169
91 165
92 137
92 155
92 266
92 270
92 298
92 300
93 249
93 243
93 192
93 207
93 281
94 231
94 223
94 248
94 292
94 286
95 257
95 228
95 232
95 111
95 176
95 216
96 281
96 278
96 192
96 243
96 249
97 231
97 223
97 248
97 292
97 290
97 286
98 135
98 208
98 112
98 179
98 219
99 111
99 257
99 267
99 176
99 216
100 125
100 182
100 152
100 276
100 269
100 271
101 153
101 161
101 129
101 132
101 177
102 201
102 142
102 121
102 188
103 281
103 192
103 207
103 243
103 249
104 258
104 216
104 267
105 113
105 120
106 241
106 245
106 145
106 151
106 193
106 291
106 227
106 204
106 205
106 183
106 222
107 164
107 125
107 182
107 269
107 271
108 257
108 267
108 258
108 176
108 216
109 241
109 245
109 193
109 291
109 227
109 204
109 205
109 211
109 213
109 183
109 222
110 239
110 195
110 198
111 257
111 232
111 228
111 176
111 216
112 219
112 135
112 138
112 212
112 123
113 284
113 140
114 195
114 198
116 217
116 218
116 242
116 294
117 215
117 206
117 210
117 159
117 196
117 134
117 149
118 217
118 242
118 294
119 240
119 239
119 195
119 198
120 284
120 287
120 140
121 201
121 167
122 177
123 208
123 138
123 179
123 219
124 177
125 152
125 269
125 271
126 214
126 210
126 159
126 194
126 196
127 225
127 229
127 250
127 251
127 254
127 255
128 177
129 177
129 153
130 154
130 266
130 298
130 300
131 225
131 229
131 254
131 255
132 177
132 260
133 260
134 196
134 194
134 210
134 214
134 215
135 208
135 212
135 138
135 262
135 179
135 219
136 182
136 269
136 271
137 154
137 155
137 266
137 270
137 298
137 300
138 208
138 212
138 262
138 179
138 219
139 295
139 297
139 191
141 178
141 181
141 224
141 202
141 160
141 261
141 265
141 157
142 201
142 188
142 167
142 168
143 295
143 297
143 191
144 178
144 181
144 224
144 202
144 160
144 261
144 265
145 241
145 245
145 193
145 227
145 204
145 205
145 211
145 213
145 183
145 222
146 171
146 279
146 226
146 199
146 200
146 233
146 189
147 171
147 172
147 263
147 226
147 199
147 200
147 233
147 185
148 184
148 180
148 166
148 158
148 234
148 238
149 196
149 194
149 162
149 206
149 210
149 214
149 215
149 159
150 184
150 180
150 166
150 158
150 234
150 238
151 241
151 245
151 193
151 227
151 204
151 205
151 211
151 213
151 222
152 164
152 182
152 269
152 271
153 259
153 177
154 266
154 270
154 298
155 266
155 270
155 298
155 300
156 236
156 244
156 282
156 285
156 170
156 173
156 174
156 187
157 261
157 224
157 202
157 178
157 181
158 180
158 184
158 234
158 238
159 210
159 206
159 214
159 215
159 194
159 196
160 265
160 261
160 224
160 202
160 178
160 181
161 259
161 177
162 210
162 214
162 215
162 194
162 196
163 236
163 244
163 282
163 285
163 170
163 173
163 174
163 187
164 276
164 269
164 271
165 230
165 203
166 180
166 184
166 234
166 238
167 201
167 188
168 201
169 197
169 230
169 264
169 203
170 173
170 236
170 244
170 282
170 285
171 279
171 226
171 233
171 185
171 189
172 279
172 263
172 226
172 199
172 200
172 185
172 189
173 187
173 244
173 282
173 285
174 187
174 236
174 282
175 246
175 247
175 280
175 277
176 258
176 216
176 257
176 267
177 259
177 260
178 261
178 265
179 219
179 262
179 208
179 212
181 261
181 265
182 276
182 269
182 271
183 289
183 291
183 227
183 204
183 205
183 211
183 213
183 222
183 241
183 245
185 200
185 199
185 233
185 263
185 279
186 246
186 247
186 277
187 282
187 285
189 200
189 199
189 233
189 226
189 263
189 279
190 221
190 273
190 274
190 283
190 299
190 275
190 293
191 288
191 256
191 253
192 249
192 243
192 278
193 289
193 291
193 227
193 204
193 213
193 241
193 245
194 206
194 210
194 214
194 215
195 239
195 240
196 206
196 210
196 214
196 215
197 230
198 239
198 240
199 233
199 226
199 263
199 279
200 233
200 226
200 263
200 279
202 261
202 265
203 264
204 211
204 213
204 289
204 291
204 227
204 222
204 241
204 245
205 211
205 213
205 289
205 291
205 241
205 245
207 249
207 243
207 278
207 281
209 283
209 275
211 289
211 291
211 227
211 222
213 289
213 291
213 227
213 222
213 241
213 245
216 228
216 232
217 242
217 296
218 242
218 268
220 274
220 283
220 299
220 275
220 293
221 273
221 274
221 283
221 299
221 275
221 293
222 289
222 291
222 241
222 245
223 248
223 252
223 272
223 292
223 290
223 286
224 261
224 265
225 250
225 251
226 263
226 279
227 289
227 291
227 241
227 245
228 257
228 267
228 258
229 250
229 251
229 254
229 255
230 264
231 248
231 252
231 272
231 292
231 290
231 286
232 257
232 267
232 258
233 263
233 279
235 280
235 277
235 247
236 282
236 285
237 280
237 277
237 247
241 289
241 291
242 296
242 294
243 278
243 281
244 282
244 285
245 289
245 291
246 280
246 277
247 280
247 277
248 272
248 292
248 290
248 286
249 278
249 281
252 290
253 288
253 295
253 297
256 288
256 295
256 297
266 298
266 300
268 294
269 276
270 298
270 300
271 276
273 283
273 275
273 293
274 299
274 275
274 293
275 299
275 293
283 299
283 293
286 292
288 295
290 292
