heur042_n_300_m_5764
1 208
1 231
1 237
2 4
2 32
2 121
2 54
2 55
2 58
2 59
2 89
2 91
3 258
4 54
4 55
4 58
4 59
4 89
4 91
5 208
5 231
5 237
6 21
6 26
6 230
7 13
7 29
7 62
7 137
7 141
7 150
7 105
7 125
7 207
7 280
8 14
8 94
9 21
9 26
9 230
10 208
10 231
10 237
11 57
11 66
11 78
11 85
11 100
11 143
11 281
12 206
12 246
12 265
12 214
12 215
12 245
13 137
13 141
13 150
13 105
13 125
13 207
13 280
15 92
15 154
15 172
15 180
15 283
15 289
16 18
16 24
16 31
16 227
18 227
19 49
19 122
19 126
19 128
19 231
19 234
19 238
19 239
19 241
19 244
19 287
22 49
22 122
22 126
22 128
22 231
22 234
22 238
22 239
22 241
22 244
22 287
23 33
23 148
23 184
23 205
24 227
27 260
27 269
27 278
27 44
27 48
28 152
28 236
28 82
28 87
28 112
28 145
28 162
28 170
28 174
28 176
28 179
28 220
28 226
28 232
29 137
29 141
29 150
29 105
29 125
29 207
29 280
30 73
30 74
30 88
31 227
32 54
32 55
32 58
32 59
32 89
32 91
33 148
33 184
33 205
34 121
34 54
34 55
34 58
34 59
34 89
34 91
35 57
35 66
35 78
35 85
35 100
35 143
35 281
36 49
36 122
36 126
36 128
36 231
36 234
36 238
36 239
36 241
36 244
36 287
37 198
37 212
37 222
38 258
39 252
39 258
41 68
41 84
41 135
41 43
42 68
42 84
42 135
42 43
45 252
45 258
46 73
46 74
46 88
46 253
47 80
47 206
47 214
47 215
47 245
47 246
47 265
49 208
49 231
49 237
49 239
50 73
50 74
50 88
51 80
51 206
51 214
51 215
51 245
51 246
51 265
52 121
52 54
52 55
52 58
52 59
52 89
52 91
53 183
53 187
53 201
55 58
55 91
56 57
56 66
56 78
56 85
56 100
56 143
56 281
57 66
57 85
57 143
57 281
59 91
60 96
60 127
60 159
60 185
60 210
60 266
60 272
60 285
61 96
61 127
61 159
61 185
61 210
61 266
61 272
61 285
62 137
62 141
62 150
62 105
62 125
62 207
62 280
63 212
64 183
64 187
64 201
65 163
65 224
65 233
65 146
65 70
65 106
65 129
65 230
66 281
67 107
67 116
67 154
67 172
67 180
67 283
67 289
68 135
69 271
69 131
69 136
69 151
69 192
69 94
70 230
71 142
71 243
71 247
71 284
71 113
71 115
71 133
71 104
71 94
71 131
71 136
71 151
71 192
71 271
72 275
73 253
73 256
73 273
74 253
74 256
74 273
75 163
75 224
75 233
75 146
75 106
75 129
75 230
76 121
76 89
76 91
77 165
77 173
77 178
77 196
77 183
77 187
77 201
78 85
78 143
78 281
79 268
79 119
79 202
79 209
79 213
79 252
79 258
80 206
80 246
80 265
80 214
80 215
80 245
81 88
81 253
81 256
81 273
82 162
82 170
82 176
82 179
83 117
83 177
83 181
83 198
83 282
84 135
85 281
86 95
86 144
86 211
86 190
86 193
86 194
86 227
87 162
87 170
87 179
88 253
88 256
88 273
89 91
90 276
90 291
90 293
90 195
90 299
93 168
93 182
95 190
95 193
95 194
95 227
96 159
96 210
97 195
97 216
97 235
97 276
97 291
97 293
97 299
98 107
98 116
98 154
98 172
98 180
98 283
98 289
99 107
99 116
99 154
99 172
99 180
99 283
99 289
100 143
100 281
101 158
101 168
101 182
102 206
102 214
102 215
102 245
102 246
102 265
103 260
103 269
103 278
104 131
104 136
104 151
104 192
104 271
105 125
105 207
105 280
106 230
107 154
107 172
107 180
107 283
107 289
108 121
109 110
109 168
109 182
109 255
109 259
109 277
109 279
109 286
109 296
110 158
110 168
110 182
111 137
111 141
111 150
111 125
111 207
111 280
112 162
112 170
112 179
113 131
113 136
113 151
113 192
113 271
114 124
114 140
114 274
114 228
114 160
114 167
114 203
114 204
114 298
114 300
115 131
115 136
115 151
115 192
115 271
116 154
116 172
116 180
116 283
116 289
117 212
118 260
118 269
118 278
119 252
119 258
120 127
120 159
120 185
120 210
120 266
120 272
120 285
122 208
122 231
122 237
123 212
124 228
124 167
124 188
124 197
124 203
124 204
124 295
124 298
124 300
126 208
126 231
126 237
127 159
127 210
128 208
128 231
128 237
129 230
130 163
130 224
130 233
130 146
130 230
131 192
132 165
132 173
132 178
132 196
132 183
132 187
132 201
133 136
133 151
133 192
133 271
134 155
134 164
134 253
136 192
137 207
137 280
138 155
138 164
139 155
139 164
140 228
140 167
140 188
140 197
140 203
140 204
140 295
140 298
140 300
141 207
141 280
142 243
142 247
142 284
142 151
142 192
142 271
143 281
144 190
144 193
144 194
144 227
145 162
145 170
145 179
146 230
147 168
147 182
147 255
147 259
147 277
147 279
147 286
147 296
149 177
149 181
149 198
149 282
150 207
150 280
151 192
152 236
152 162
152 170
152 174
152 176
152 179
152 220
152 226
152 232
153 211
153 190
153 193
153 194
153 227
155 253
155 256
155 273
156 195
156 216
156 235
156 276
156 291
156 293
156 299
157 168
157 182
157 255
157 259
157 277
157 279
157 286
157 296
158 255
158 259
158 277
158 279
158 286
158 296
160 188
160 197
160 204
160 295
160 298
160 300
161 200
161 229
161 270
162 220
162 226
162 232
163 230
164 253
164 256
164 273
165 178
165 183
165 187
165 201
166 184
166 205
167 188
167 197
167 204
167 295
167 298
167 300
168 255
168 259
168 277
168 279
168 286
168 296
169 200
169 229
169 270
170 220
170 226
170 232
171 228
171 274
171 188
171 197
171 203
171 204
171 295
171 298
171 300
172 180
173 178
173 183
173 187
173 201
174 179
175 177
175 181
175 198
175 222
175 282
176 179
177 198
177 212
177 222
178 183
178 187
178 201
179 220
179 226
179 232
181 198
181 212
181 222
182 255
182 259
182 277
182 279
182 286
182 296
185 266
185 210
186 199
186 218
186 221
186 240
186 249
189 200
189 229
189 270
190 227
191 260
191 269
191 278
193 227
194 227
196 201
199 218
199 221
199 240
199 249
200 248
200 264
200 275
202 252
202 258
203 204
203 295
203 298
203 300
206 214
206 215
206 245
209 252
209 258
211 227
213 252
213 258
216 276
216 291
216 293
216 299
217 218
217 221
217 240
217 249
218 249
219 281
221 249
223 260
223 269
223 278
224 230
225 240
225 254
225 249
228 295
228 298
228 300
229 248
229 264
229 275
234 237
235 276
235 291
235 293
235 299
240 249
242 274
242 295
242 298
242 300
243 271
247 271
250 276
250 291
250 293
250 299
251 262
251 297
252 258
261 274
261 295
261 298
261 300
262 297
263 270
263 264
263 275
267 297
270 275
274 295
274 298
274 300
276 299
291 299
292 297
293 299
294 295
294 298
294 300
