heur056_n_300_m_12131
2 237
2 244
2 247
2 60
2 88
2 117
3 201
3 210
3 172
3 192
3 228
4 229
4 269
4 270
4 71
4 75
4 87
4 34
4 63
5 74
5 66
5 83
5 118
6 93
6 100
6 105
6 223
6 230
6 20
6 277
6 280
6 284
7 208
7 160
7 168
7 171
7 196
7 253
7 273
8 10
8 23
8 201
8 203
8 210
9 48
10 201
10 203
10 210
10 172
10 228
11 94
11 213
11 214
11 219
11 220
12 160
12 168
12 171
12 196
13 53
13 41
13 48
13 59
14 23
14 201
14 203
14 210
15 280
15 284
16 229
16 269
16 270
16 71
16 75
16 87
16 34
16 63
17 99
17 101
17 142
17 60
17 88
17 117
17 237
17 244
17 247
18 163
18 184
18 246
19 94
19 213
19 214
19 219
19 220
21 237
21 244
21 247
21 60
21 88
21 117
22 74
22 66
22 83
22 118
23 201
23 210
23 172
23 192
23 228
24 229
24 269
24 270
24 71
24 75
24 87
24 34
24 63
25 27
25 30
25 61
25 43
25 51
25 85
25 106
25 121
25 296
25 299
26 201
26 203
26 210
27 43
27 45
27 51
27 296
27 298
27 299
28 277
28 280
28 284
29 30
29 61
29 45
29 51
29 85
29 106
29 121
30 43
30 45
30 51
30 85
30 106
30 121
30 296
30 298
30 299
31 208
31 212
31 160
31 168
31 171
31 196
31 253
31 273
31 287
32 61
32 43
32 85
32 106
32 121
33 163
33 184
33 246
35 109
35 127
35 37
35 48
35 53
35 59
36 37
36 48
36 53
36 59
37 41
38 44
38 98
38 109
38 127
38 41
38 53
38 59
39 44
39 98
39 109
39 127
39 41
40 139
43 85
43 106
43 121
43 298
43 299
44 98
44 127
44 48
44 53
44 59
45 85
45 106
45 121
45 296
46 98
46 109
46 127
46 48
46 59
47 77
47 112
47 166
47 279
47 282
47 294
49 94
49 213
49 214
49 219
49 220
50 66
50 83
50 118
51 85
51 106
51 121
51 296
53 59
54 163
54 184
54 246
55 99
55 101
55 142
55 60
55 88
55 117
55 237
55 244
55 247
56 237
56 244
56 247
56 60
56 88
56 117
57 99
57 101
57 142
57 60
57 88
57 117
57 237
57 244
57 247
58 74
58 66
58 83
58 118
61 85
61 106
61 121
61 296
61 298
61 299
62 202
65 94
65 214
67 83
67 118
68 144
68 159
68 173
68 187
68 211
68 235
68 248
68 251
68 264
69 70
69 73
72 74
74 83
74 118
76 144
76 159
76 173
76 187
76 211
76 235
76 248
76 251
76 264
77 279
79 108
79 125
80 238
80 255
80 291
81 202
82 243
82 250
82 268
82 271
82 272
82 275
82 295
82 297
82 300
84 236
84 267
84 108
84 125
85 296
85 298
85 299
86 139
86 148
90 94
90 214
91 280
92 243
92 250
92 268
92 271
92 272
92 275
92 295
92 297
92 300
94 213
94 219
94 220
95 108
95 125
96 243
96 250
96 268
96 271
96 272
96 275
96 297
96 300
97 112
97 166
97 279
97 282
97 294
99 117
101 117
102 230
102 277
103 140
103 155
103 202
104 202
105 206
105 280
106 296
106 298
106 299
107 155
107 202
111 155
111 202
112 282
113 186
113 197
113 199
113 224
113 278
113 122
113 129
114 186
114 224
115 166
115 279
115 282
115 294
116 180
116 169
116 281
116 290
119 180
119 169
119 182
119 276
120 238
120 255
120 291
121 296
121 298
121 299
123 155
123 202
124 200
124 160
124 168
124 171
124 196
124 287
126 186
126 197
126 224
126 129
128 256
128 260
128 288
128 139
131 202
132 174
132 180
132 190
132 169
132 176
132 290
134 200
134 160
134 168
134 171
134 196
135 165
135 177
135 193
135 225
135 227
135 245
135 258
135 262
135 266
135 274
135 285
135 292
136 202
137 144
137 159
137 173
137 187
137 211
137 235
137 248
137 251
137 264
138 249
138 261
138 265
140 202
141 238
141 255
141 291
142 237
142 244
142 247
143 249
143 261
143 265
144 248
144 264
145 256
145 260
145 288
146 165
146 177
146 193
146 225
146 227
146 245
146 258
146 262
146 266
146 274
146 285
146 292
147 255
147 291
149 249
149 261
149 265
150 256
150 260
150 288
151 183
151 175
151 195
151 216
151 221
151 232
151 259
152 163
152 184
152 246
153 175
153 195
153 216
153 221
153 232
153 259
154 195
154 216
154 221
154 232
154 259
155 202
156 183
156 175
156 195
156 216
156 221
156 232
156 259
157 164
157 178
157 163
157 184
157 246
158 163
158 184
158 246
159 248
159 251
159 264
160 253
160 273
160 287
161 291
162 195
162 216
162 221
162 232
162 259
164 184
164 246
165 274
165 285
165 292
166 282
167 184
167 246
168 171
168 196
168 253
168 273
168 287
169 290
170 200
170 208
170 212
170 171
170 196
170 253
170 273
170 287
171 253
171 273
171 287
173 248
173 251
173 264
175 221
175 232
175 259
177 225
177 227
177 245
177 258
177 262
177 266
177 274
177 285
177 292
178 184
178 246
180 182
180 290
181 283
181 286
181 289
181 205
181 238
181 255
181 291
183 195
183 216
183 221
183 232
183 259
185 283
185 286
185 289
185 205
185 238
185 255
185 291
186 197
186 278
187 248
187 251
187 264
189 279
189 282
189 294
190 276
190 281
190 290
191 193
191 225
191 227
191 245
191 258
191 262
191 266
191 274
191 285
191 292
193 227
193 266
193 274
193 285
193 292
194 207
194 215
194 279
194 282
194 294
195 221
195 232
195 259
196 253
196 273
196 287
199 278
200 253
200 273
200 287
201 228
203 228
204 213
204 214
204 219
204 220
205 238
205 255
205 291
206 277
207 279
207 282
207 294
208 287
209 215
209 279
209 282
209 294
210 228
211 251
211 264
212 253
212 273
212 287
214 219
214 220
215 279
215 282
215 294
216 221
216 232
216 259
217 226
218 226
222 263
222 294
224 278
225 274
225 292
227 274
227 285
227 292
230 280
230 284
231 252
233 283
233 286
233 289
233 238
233 255
233 291
234 263
234 294
235 251
235 264
239 241
239 254
241 252
242 263
242 294
243 268
243 271
243 295
250 268
250 271
250 295
263 279
263 282
263 294
266 274
266 285
266 292
272 295
272 300
275 295
275 300
283 291
286 291
289 291
297 300
