heur046_n_300_m_13150
1 71
2 95
2 155
3 78
5 42
5 97
5 164
5 14
5 94
6 109
6 93
6 285
7 255
7 35
7 24
7 132
8 143
8 262
8 135
9 129
9 32
9 244
11 141
11 133
11 189
11 225
11 227
11 230
11 259
11 283
12 125
12 198
12 74
12 101
12 170
12 197
12 212
12 229
12 245
13 69
13 145
13 291
14 94
15 69
15 288
15 145
15 161
15 203
16 96
16 70
16 87
16 151
16 165
16 220
16 238
16 239
16 247
16 257
17 173
17 201
17 30
17 71
17 181
18 52
18 126
18 148
18 168
18 209
18 67
18 191
19 77
19 217
19 61
19 75
19 171
19 182
20 300
20 59
21 249
21 114
21 163
22 213
22 249
22 114
22 163
23 56
23 195
23 24
23 35
24 132
25 143
25 262
25 154
25 135
26 61
26 75
26 123
26 171
26 182
26 251
27 107
27 64
27 100
27 115
27 117
27 139
27 224
27 254
27 290
27 113
28 88
28 83
28 116
28 218
28 59
28 76
28 127
28 278
28 300
29 159
29 175
29 216
29 261
30 50
30 181
30 36
30 71
31 128
31 252
31 46
31 233
31 264
32 244
32 267
33 40
33 285
34 134
34 292
34 104
34 214
34 110
35 132
36 71
37 44
37 158
37 97
38 186
38 276
38 80
38 140
38 199
38 84
38 176
38 286
39 135
39 72
40 93
40 109
40 285
41 174
41 237
42 97
42 164
43 294
43 146
43 81
43 103
43 269
43 133
43 141
43 189
43 225
43 227
43 230
43 259
43 283
43 296
44 79
44 144
44 158
44 210
44 271
44 94
44 97
44 164
45 48
45 69
45 145
45 161
45 275
45 288
45 291
46 62
47 166
47 232
47 297
47 119
47 78
48 69
48 145
48 161
48 291
49 299
49 55
49 85
49 90
49 111
49 152
50 181
50 71
51 261
52 126
52 168
52 148
52 67
53 122
53 136
53 159
53 175
53 216
53 219
53 293
53 153
53 192
53 236
53 242
53 261
54 157
54 285
55 85
55 90
56 255
56 132
57 69
57 145
57 161
57 288
57 291
58 245
58 101
58 229
60 169
60 222
60 83
60 88
60 116
60 187
60 76
60 127
60 278
60 300
61 75
61 123
61 162
61 171
61 182
61 240
61 251
63 228
63 112
63 80
63 84
63 176
63 186
64 254
64 100
64 115
64 117
64 139
64 113
65 124
65 106
65 114
65 163
65 213
65 249
66 93
66 109
66 285
67 260
68 86
68 298
68 93
68 109
68 285
69 288
69 145
69 161
69 291
69 203
70 239
70 257
72 131
72 82
72 95
72 155
73 129
73 183
73 226
73 244
73 246
73 256
73 267
74 101
74 197
74 212
74 229
75 123
75 251
75 182
75 240
75 171
76 278
76 300
77 162
77 171
77 182
80 188
80 84
80 176
80 286
81 103
81 268
81 269
81 141
81 230
81 259
81 283
81 296
82 92
82 155
83 116
83 218
83 127
83 278
83 300
84 176
85 152
85 90
85 111
86 285
87 151
87 239
87 238
87 257
88 187
88 116
88 218
88 127
88 278
88 300
89 167
89 206
89 279
90 111
91 277
91 253
91 299
91 111
91 152
92 155
93 285
96 151
96 165
96 220
96 239
96 247
96 257
98 216
98 159
98 153
98 236
98 242
98 261
99 214
99 273
100 139
100 113
101 197
101 229
102 256
102 244
102 267
103 268
103 269
103 133
103 189
103 227
103 230
103 259
103 283
104 214
104 110
106 249
106 114
106 163
107 115
107 117
107 224
107 254
107 290
108 263
108 120
108 138
108 166
108 232
108 266
108 297
109 285
112 270
112 140
112 176
112 186
112 188
112 199
112 286
114 163
115 117
115 139
116 218
116 127
116 300
118 124
118 163
118 213
118 249
120 250
120 166
120 232
120 266
120 297
121 270
121 176
121 186
121 188
122 136
122 159
122 175
122 216
122 219
122 293
122 153
122 192
122 236
122 242
122 261
123 182
123 171
124 163
125 198
125 170
125 197
125 212
125 229
125 245
126 209
126 168
126 148
126 184
126 191
127 278
127 300
128 252
128 156
128 200
128 233
128 264
128 215
128 258
129 183
129 256
129 244
129 267
130 223
130 204
130 174
130 237
131 155
133 259
133 296
133 230
133 283
134 273
134 214
135 155
136 219
136 159
136 175
136 216
136 153
136 236
136 242
137 221
137 160
137 174
137 185
137 196
137 204
137 223
137 237
138 250
138 166
138 232
138 266
138 297
140 176
141 189
141 225
141 227
141 230
141 259
141 283
142 178
142 163
142 213
142 249
143 241
143 262
143 154
143 190
143 194
143 155
144 164
145 161
145 291
145 203
146 268
146 269
146 189
146 227
146 259
146 283
147 245
148 177
148 184
148 191
149 201
149 181
150 205
150 299
150 152
151 238
151 257
153 261
154 155
156 233
156 264
157 298
157 285
158 210
158 271
158 164
159 242
160 174
161 291
161 203
162 171
162 182
162 251
165 247
165 239
165 238
165 257
166 232
166 297
168 177
168 184
168 191
168 260
169 187
169 300
170 212
170 245
170 229
172 214
173 201
173 181
174 237
175 216
175 192
175 236
175 242
175 261
176 286
178 213
178 249
179 193
179 208
179 206
179 272
180 287
180 263
180 250
180 232
180 266
180 297
182 240
183 256
183 244
183 267
185 223
185 204
185 237
186 276
186 188
186 199
186 286
187 278
187 300
191 260
195 255
196 204
196 237
197 229
198 212
198 229
200 233
200 264
202 218
202 300
205 253
205 299
206 279
207 269
207 227
207 230
207 259
207 283
208 279
211 294
211 268
211 269
211 227
211 259
211 283
212 245
212 229
213 249
216 236
216 242
216 261
217 295
219 293
219 236
219 242
219 261
220 239
220 247
220 257
222 300
224 290
224 254
226 246
226 244
226 267
227 283
227 230
228 270
228 276
228 286
231 279
232 297
233 264
233 258
234 294
234 268
234 269
234 259
234 283
235 280
236 261
238 257
239 257
241 262
243 274
243 281
244 267
246 256
246 267
247 257
248 276
250 266
250 297
252 264
252 258
253 299
259 296
259 283
263 297
265 279
266 297
268 269
268 283
269 283
269 296
270 276
270 286
273 292
274 281
275 288
275 291
277 299
278 300
287 297
288 291
294 296
