heur059_n_300_m_7867
1 98
1 105
1 244
1 249
1 276
2 237
2 250
2 254
3 93
3 265
4 98
4 105
4 244
4 249
4 276
6 72
6 168
6 268
6 272
6 284
6 285
6 296
7 28
8 45
8 50
8 80
8 104
8 146
8 156
8 271
8 291
8 292
8 294
8 297
8 298
8 299
9 28
9 74
9 140
10 75
10 78
10 160
11 33
11 34
11 93
11 224
11 236
11 265
11 267
12 72
12 168
12 268
12 272
12 284
12 285
12 296
13 170
13 172
13 28
13 55
13 74
13 140
14 72
14 168
14 268
14 272
14 284
14 285
14 296
15 170
15 172
15 28
15 74
15 140
16 245
16 246
16 247
16 31
16 58
16 75
16 160
17 107
17 182
17 32
17 38
17 70
18 101
18 114
18 130
18 149
18 197
18 240
18 277
18 286
18 289
19 49
19 54
19 45
19 50
19 80
19 104
19 146
19 156
19 271
19 291
19 292
19 294
19 297
19 298
19 299
20 107
20 182
20 32
20 38
20 70
20 155
21 65
21 77
21 128
21 163
21 39
21 57
21 76
21 108
21 126
21 129
21 132
21 142
22 33
22 34
22 93
22 224
22 236
22 265
22 267
23 51
23 116
23 180
23 293
24 73
24 82
24 85
25 27
25 36
25 47
25 215
25 218
25 280
25 30
25 161
25 167
25 179
25 200
25 219
25 228
25 258
25 290
26 237
26 250
26 254
27 215
27 218
27 280
27 30
27 161
27 167
27 179
27 228
27 258
27 290
29 247
29 31
29 58
29 75
29 160
30 200
30 205
30 258
30 219
30 228
30 290
30 161
30 167
30 179
31 75
31 78
31 160
32 121
32 155
32 176
32 275
32 282
32 295
33 93
33 265
33 267
34 93
34 224
34 265
34 267
35 73
35 82
35 85
36 215
36 218
36 280
36 161
36 167
36 179
36 219
36 228
36 258
36 290
37 89
37 124
37 125
37 143
37 199
37 216
37 201
37 204
37 233
38 121
38 155
38 176
38 275
38 282
38 295
39 76
39 108
39 126
39 132
39 206
40 269
40 281
40 288
40 64
40 93
40 224
40 236
40 265
40 267
42 52
42 86
42 51
42 293
43 73
43 82
43 85
45 104
45 146
45 156
45 291
45 292
45 294
45 298
45 299
46 175
47 215
47 280
47 161
47 167
47 179
47 228
47 258
47 290
48 217
48 220
48 232
48 98
48 105
48 244
48 249
48 276
49 50
49 80
49 104
49 146
49 271
49 291
49 292
49 294
49 297
49 298
49 299
50 104
50 146
50 156
50 291
50 294
50 299
51 116
51 119
51 180
51 256
51 264
51 293
52 116
52 119
52 180
52 256
52 264
52 293
54 80
54 104
54 146
54 156
54 271
54 291
54 292
54 294
54 297
54 298
54 299
55 74
55 140
56 101
56 114
56 130
56 149
56 197
56 240
56 277
56 286
57 76
57 108
57 126
57 132
57 142
57 206
58 75
58 78
58 160
59 175
60 180
60 256
60 293
61 89
61 124
61 125
61 143
61 199
61 216
61 201
61 204
61 233
62 70
62 275
63 181
63 191
63 203
63 166
63 173
63 183
64 93
64 224
64 236
64 265
64 267
65 77
65 128
65 163
65 76
65 108
65 126
65 129
65 132
65 142
65 206
66 170
66 172
66 74
66 140
67 84
67 171
68 122
68 195
68 186
68 202
69 269
69 281
69 288
69 93
69 224
69 236
69 265
69 267
70 121
70 155
70 176
70 275
70 282
70 295
71 120
71 181
71 191
71 203
71 248
72 168
72 268
72 272
72 274
72 284
72 285
72 296
77 108
77 126
77 129
77 132
77 142
77 206
79 110
79 122
79 195
79 169
79 186
79 193
79 202
80 104
80 146
80 156
80 271
80 291
80 292
80 294
80 297
80 298
80 299
81 86
81 293
83 120
83 123
83 137
83 181
83 190
83 191
83 203
83 221
83 248
86 116
86 119
86 180
86 256
86 264
86 293
87 255
87 260
87 287
87 261
87 270
87 279
87 212
87 234
87 235
87 251
87 278
88 148
88 196
88 209
88 231
90 196
90 209
91 118
91 127
91 147
91 153
91 158
91 164
91 171
91 238
92 192
92 194
92 211
92 253
92 273
92 94
92 102
93 224
93 236
93 265
93 267
95 186
95 193
95 202
96 175
97 111
97 135
97 141
97 151
97 159
97 189
98 244
98 249
98 276
99 103
99 113
99 115
99 133
99 148
99 196
99 209
99 231
100 192
100 194
100 211
100 253
100 273
100 283
100 102
101 277
101 286
101 289
103 196
103 209
103 231
104 292
104 294
104 291
105 244
105 249
105 276
106 147
106 152
106 153
106 158
106 164
106 171
106 238
107 155
107 176
107 275
107 282
107 295
108 132
108 142
109 118
109 127
109 147
109 152
109 153
109 158
109 164
109 171
109 238
110 193
112 237
112 250
112 254
113 196
114 130
114 240
114 277
114 286
114 289
115 133
115 196
115 231
116 256
116 293
117 244
117 249
117 276
118 147
118 152
118 164
118 171
118 238
120 173
120 181
120 183
120 191
120 203
120 248
122 169
122 186
122 210
123 181
123 183
123 191
123 203
123 248
124 143
124 216
124 204
124 233
125 143
125 199
125 216
125 201
125 204
125 233
126 132
126 142
127 147
127 152
127 158
127 164
127 171
127 238
128 129
128 132
128 142
128 206
129 132
129 142
129 206
130 277
130 286
130 289
131 133
131 148
131 196
131 209
131 231
133 196
133 209
133 231
134 149
134 197
134 240
134 277
134 286
136 217
136 220
136 232
136 244
136 249
136 276
137 181
137 183
137 191
137 203
137 248
138 141
138 151
138 159
138 189
139 141
139 151
139 159
139 189
141 189
143 204
144 166
144 181
144 190
144 191
144 203
145 151
145 159
145 189
146 292
146 294
146 291
147 164
147 171
147 238
148 209
149 240
149 277
149 286
149 289
150 151
150 159
150 189
151 189
152 164
152 171
152 238
153 158
153 171
153 238
154 193
154 202
155 282
156 292
156 294
156 291
156 298
157 177
157 175
158 164
158 171
158 238
159 189
163 206
164 171
165 223
165 262
165 245
165 246
165 247
168 268
168 272
168 274
168 284
168 285
168 296
174 254
176 282
178 232
178 244
178 249
178 276
180 256
180 293
181 183
182 275
182 282
182 295
184 254
186 193
186 202
187 234
187 235
187 251
188 254
190 191
190 203
192 253
192 273
192 283
194 253
194 273
194 283
195 202
195 210
197 240
197 277
197 286
197 289
198 259
199 204
200 228
200 290
205 219
205 228
205 290
207 255
207 260
207 287
207 279
207 212
207 234
207 235
207 278
208 259
211 253
211 273
211 283
212 234
212 235
212 251
213 300
213 237
213 250
213 254
214 255
214 260
214 287
214 261
214 270
214 279
214 234
214 235
214 251
214 278
215 219
215 228
215 258
215 290
216 233
217 244
217 249
217 276
218 219
218 228
218 258
218 290
220 244
220 249
220 276
222 255
222 260
222 287
222 261
222 270
222 279
222 234
222 235
222 251
222 278
223 247
225 227
225 259
226 227
227 259
229 245
230 300
230 237
230 250
230 254
232 244
232 249
232 276
239 241
239 253
239 273
239 283
240 277
240 286
240 289
241 253
241 273
241 283
243 300
243 250
243 254
252 300
252 254
255 261
255 270
255 279
255 278
258 290
260 261
260 270
260 279
260 278
261 278
263 300
265 267
266 300
268 285
270 278
271 291
274 284
274 285
280 290
291 297
291 298
291 299
292 299
294 297
294 298
