heur044_n_300_m_3234
2 162
2 164
2 179
2 245
2 106
2 170
2 203
2 243
4 132
4 12
4 15
4 70
4 81
4 85
4 133
4 143
4 187
5 40
6 174
6 65
6 75
6 76
6 80
6 163
6 165
6 232
6 263
6 298
7 189
7 217
7 226
7 235
7 22
7 33
7 40
7 103
9 10
9 11
9 173
13 173
14 100
14 157
14 218
14 240
14 255
14 280
14 74
14 86
14 117
14 149
16 101
16 285
16 119
16 156
16 207
16 212
16 68
17 27
18 82
18 88
18 89
18 198
18 128
18 258
18 260
18 272
18 275
18 278
18 286
18 295
18 296
19 174
19 65
19 75
19 76
19 80
19 163
19 165
19 232
19 263
19 298
20 21
20 35
20 95
20 132
20 70
20 81
20 85
20 133
20 143
20 187
21 132
21 70
21 81
21 85
21 133
21 143
21 187
22 40
23 120
23 224
23 150
23 155
23 160
23 188
24 55
24 63
24 94
24 104
25 47
25 131
25 237
25 246
25 279
25 284
26 27
28 216
28 68
28 101
28 119
28 156
28 207
28 212
28 285
30 42
30 55
30 59
30 63
30 94
30 104
31 174
31 65
31 75
31 76
31 80
31 163
31 165
31 232
31 263
31 298
32 185
32 123
32 147
32 161
32 197
32 249
32 273
32 276
32 282
32 288
33 40
34 174
34 65
34 75
34 76
34 80
34 163
34 165
34 232
34 263
34 298
35 132
35 70
35 81
35 85
35 133
35 143
35 187
36 93
36 134
36 173
37 47
37 131
37 237
37 246
37 279
37 284
37 292
38 99
38 111
38 289
39 154
39 159
39 169
39 239
39 114
39 134
39 173
41 162
41 164
41 179
41 245
41 106
41 170
41 203
41 243
42 55
43 53
43 71
43 107
43 229
43 192
43 194
43 215
43 261
43 120
43 150
43 155
43 160
43 188
43 224
43 244
43 300
44 46
45 214
45 46
48 174
48 65
48 75
48 76
48 80
48 163
48 165
48 232
48 263
48 298
49 162
49 164
49 179
49 245
49 106
49 170
49 203
49 243
50 131
50 237
50 246
50 279
50 284
50 292
51 199
51 223
51 231
51 277
52 109
53 192
53 194
53 215
53 261
53 120
53 150
53 155
53 160
53 188
53 224
53 244
53 300
57 181
57 151
57 152
57 190
58 61
58 64
58 66
58 201
58 291
60 121
60 216
60 68
60 101
60 119
60 156
60 207
60 212
60 285
62 181
62 151
62 152
62 190
64 66
64 201
65 163
65 165
65 232
65 298
67 131
67 237
67 246
67 279
67 284
67 292
69 90
69 116
71 192
71 194
71 215
71 261
71 120
71 150
71 155
71 160
71 188
71 224
71 244
71 300
72 109
73 189
73 217
73 226
73 235
73 103
75 80
75 76
75 163
75 263
75 165
75 232
75 298
76 163
76 165
76 232
76 298
77 109
78 99
78 111
78 289
79 154
79 159
79 169
79 239
79 114
79 134
79 173
80 163
80 263
80 165
80 232
80 298
82 128
82 258
82 260
82 272
82 275
82 278
82 286
82 295
82 296
83 185
83 123
83 147
83 161
83 197
83 249
83 273
83 276
83 282
83 288
84 90
84 116
85 143
85 187
87 124
87 139
87 172
87 290
87 94
87 104
87 168
88 128
88 258
88 260
88 272
88 275
88 278
88 286
88 295
88 296
89 128
89 260
89 272
89 275
89 278
89 286
89 295
89 296
91 259
91 109
92 259
92 109
93 173
95 132
95 133
95 143
95 187
96 98
96 108
96 259
96 109
97 214
98 259
98 109
100 218
100 240
100 255
100 280
100 117
100 149
101 119
101 156
101 207
101 212
102 189
102 217
102 226
102 235
102 103
107 192
107 194
107 215
107 261
107 120
107 150
107 155
107 160
107 188
107 224
107 244
107 300
108 259
108 109
110 135
110 138
112 294
112 254
112 271
112 287
112 126
112 146
113 294
113 254
113 256
113 271
113 287
113 126
113 146
114 134
114 173
115 116
115 166
115 171
115 220
115 253
120 150
120 155
120 160
120 188
121 216
121 156
121 207
121 212
121 285
122 201
122 291
123 161
124 168
125 145
127 294
127 254
127 271
127 287
127 146
128 258
128 260
128 272
128 275
128 278
128 286
128 295
128 296
129 137
129 182
129 281
130 201
130 291
132 133
132 143
132 187
133 143
134 173
135 138
136 145
139 168
140 214
141 154
141 159
141 169
141 239
141 173
142 145
142 148
142 178
142 180
142 193
142 204
142 208
142 248
147 161
148 180
148 193
148 248
151 199
151 223
151 231
151 277
152 199
152 223
152 231
152 277
153 214
154 173
157 218
157 240
157 255
157 280
158 166
158 171
158 220
158 253
159 173
162 170
162 203
162 243
163 165
163 232
163 298
164 170
164 203
164 243
166 171
166 253
167 214
169 173
171 253
174 232
174 263
174 298
175 250
175 242
175 266
176 182
176 281
177 214
178 180
178 248
179 203
179 243
180 193
180 248
181 190
181 199
181 223
181 231
181 277
183 214
184 257
184 281
185 197
185 249
185 273
185 276
185 282
185 288
186 189
186 217
186 226
186 235
190 199
190 223
190 231
190 277
191 294
191 254
191 256
191 271
191 287
192 224
192 244
192 300
194 224
194 244
194 300
195 217
195 226
195 235
196 289
197 273
197 276
197 282
197 288
198 258
198 260
198 272
198 275
198 278
198 286
198 295
198 296
202 218
202 240
202 255
202 280
204 248
205 289
206 239
208 248
209 257
209 281
210 214
213 257
213 281
215 224
215 244
215 300
216 285
219 250
219 242
219 266
220 253
221 291
225 283
225 291
227 289
228 289
229 261
229 244
229 300
230 259
233 249
233 273
233 276
233 282
233 288
234 289
237 284
238 283
238 291
241 277
244 300
246 284
247 251
247 257
247 281
249 273
249 276
249 288
250 266
251 257
251 281
252 270
257 281
260 278
260 286
261 300
263 298
264 289
265 281
267 281
268 283
268 291
272 295
274 283
274 291
279 284
283 291
