heur021_n_320_m_13507
1 136
1 111
1 149
1 123
1 126
1 210
4 197
4 198
4 208
4 213
4 185
5 208
5 213
8 244
9 193
9 261
9 170
10 142
10 110
10 121
12 203
13 223
13 53
15 288
15 302
15 243
15 308
15 85
15 313
15 316
15 319
16 204
17 270
20 129
20 277
21 154
21 217
23 215
24 122
29 133
29 294
29 49
29 60
31 244
32 271
32 246
32 207
34 163
34 150
35 100
35 196
36 182
36 300
38 66
38 172
38 115
41 100
41 196
42 273
43 154
43 217
44 196
45 273
46 154
46 217
47 115
47 172
48 244
49 133
49 292
50 115
50 172
51 236
51 206
51 146
52 131
52 278
52 184
52 124
52 191
53 223
54 106
54 120
54 63
55 284
55 291
56 301
56 112
57 273
58 154
58 217
59 301
59 112
60 133
60 292
61 115
61 172
62 273
63 128
63 106
63 237
63 119
63 120
64 100
64 196
65 194
65 258
65 229
65 230
65 201
65 188
66 115
66 172
69 144
70 154
70 217
71 199
71 218
71 137
71 245
72 115
72 172
73 284
73 291
75 284
75 291
77 147
77 157
78 259
78 260
78 305
78 274
78 255
79 242
80 301
80 112
81 301
81 112
83 144
84 244
85 288
85 302
85 243
85 308
85 313
85 316
86 116
89 242
90 116
91 301
91 112
92 116
93 262
93 232
93 296
93 238
93 249
94 160
95 284
95 291
96 268
97 116
98 160
99 160
101 181
101 256
102 116
103 152
103 139
103 140
103 135
105 254
107 160
108 116
109 207
111 210
111 205
112 301
115 155
115 172
115 221
117 297
118 183
123 210
123 205
124 278
124 184
124 191
125 224
125 190
126 210
126 205
127 278
127 184
127 191
130 183
131 278
131 184
131 191
133 294
133 292
134 147
136 210
136 205
137 195
137 218
137 219
137 245
138 147
141 171
143 282
147 162
147 157
148 282
149 210
149 205
154 217
155 172
161 293
161 311
161 287
165 278
165 184
165 191
172 221
174 278
174 191
175 282
178 190
180 190
182 225
182 227
182 264
182 265
182 235
182 300
184 191
186 282
187 190
188 230
190 192
190 224
191 278
194 230
195 245
199 245
200 242
201 230
205 210
207 271
207 246
207 248
207 252
211 242
215 298
215 303
215 304
215 307
215 309
215 315
218 245
219 245
225 300
227 300
229 230
230 258
234 272
235 300
240 272
241 272
253 272
263 306
264 300
265 300
266 272
269 285
276 282
284 291
285 317
285 314
292 294
