heur037_n_347_m_31752
1 138
2 138
11 55
14 233
14 154
14 180
14 196
15 329
15 54
16 250
16 263
17 83
19 83
20 125
21 83
25 344
28 259
31 156
32 195
32 159
33 72
35 60
36 175
36 167
36 108
40 195
40 159
46 195
46 159
47 83
48 332
48 310
48 317
51 339
51 270
55 252
56 144
56 126
57 212
58 254
59 271
61 203
63 134
63 145
69 151
70 254
71 237
73 128
73 116
77 161
77 158
78 144
78 126
82 343
82 188
86 125
88 258
88 246
91 138
93 237
96 237
97 334
108 172
108 175
109 166
109 153
110 210
117 322
121 337
126 144
126 177
126 150
135 192
136 326
138 221
139 332
139 310
140 204
142 204
143 192
144 177
144 150
145 198
146 204
147 204
148 192
154 205
157 192
160 337
169 298
171 330
171 331
171 276
171 255
180 205
190 228
196 205
205 233
211 290
211 295
211 304
214 291
214 293
214 279
214 315
226 332
235 328
239 280
241 338
248 261
248 278
248 281
248 282
248 251
248 286
251 261
251 278
251 281
251 282
251 286
255 276
261 281
261 278
264 302
266 302
267 313
267 302
275 289
275 287
276 330
276 331
276 335
291 315
293 315
