heur030_n_330_m_5613
1 52
1 140
2 58
2 100
2 141
2 205
4 52
4 140
5 52
5 140
6 153
6 190
6 191
7 143
7 277
8 239
9 90
9 91
9 92
10 143
10 277
11 52
11 140
12 57
12 63
13 220
14 220
15 220
16 220
17 239
18 143
18 277
19 239
20 274
21 274
22 152
23 263
23 198
24 274
25 114
26 305
26 307
26 115
27 263
27 198
28 136
29 263
29 198
30 136
31 239
35 136
39 96
39 98
39 99
39 260
39 95
44 117
45 287
45 243
45 217
45 111
46 65
47 177
47 180
47 133
49 287
49 243
49 217
49 111
50 287
50 243
50 217
50 111
51 281
51 272
52 140
53 281
53 272
56 175
57 63
58 205
60 219
60 221
60 222
61 274
62 114
64 306
67 160
67 144
67 146
67 123
68 201
68 166
69 163
70 308
71 163
72 308
73 280
73 162
74 306
75 202
75 154
76 308
77 280
77 162
79 238
81 104
81 105
81 110
81 279
83 325
84 325
85 200
86 200
88 256
88 258
88 142
88 254
88 255
89 289
89 290
89 293
89 301
89 315
89 327
94 281
94 272
95 99
95 260
96 99
96 260
98 260
99 260
100 205
102 114
104 279
105 279
106 214
107 163
108 306
109 181
110 279
111 243
111 217
111 287
112 181
113 280
113 162
115 305
115 307
116 122
119 325
120 192
120 194
120 155
120 195
120 204
120 283
123 144
123 146
123 149
123 150
126 252
128 329
128 326
129 252
135 165
141 205
142 256
142 258
142 254
142 255
143 277
144 160
145 214
146 160
147 214
148 248
148 257
148 259
149 160
150 160
151 181
154 202
155 204
155 283
156 202
157 235
158 292
158 230
158 231
158 232
158 234
159 238
161 235
162 280
164 320
164 322
164 318
164 319
165 171
165 173
166 201
167 273
169 273
170 273
181 188
189 223
189 278
192 204
192 283
193 294
194 204
194 283
195 204
195 283
196 294
197 294
198 263
199 294
204 283
208 317
209 317
211 286
212 286
213 300
215 282
216 300
217 243
217 287
223 228
223 229
223 278
225 278
228 278
229 278
230 292
231 292
232 292
234 292
240 275
240 276
240 271
247 317
250 317
251 286
253 300
261 285
262 285
272 281
284 302
285 297
289 327
290 315
293 315
301 327
302 321
311 323
311 324
311 328
315 327
