heur034_n_345_m_6830
6 121
16 211
18 96
19 274
20 325
22 139
24 208
27 314
27 51
35 277
37 300
38 179
41 318
45 135
48 62
53 331
54 292
55 86
59 303
61 215
63 251
63 252
65 264
70 317
71 234
73 345
74 321
76 82
79 138
80 169
87 341
88 127
93 230
94 184
94 307
98 211
99 168
101 295
103 283
107 334
109 275
113 126
115 218
118 296
119 332
122 240
124 178
125 183
128 328
132 235
134 152
163 268
171 270
172 271
182 304
182 310
185 340
191 315
192 338
192 308
193 246
198 280
205 237
207 256
220 302
224 239
233 343
249 255
251 252
257 269
286 293
301 319
304 310
308 338
309 339
311 324
