heur016_n_300_m_15456
1 276
4 160
8 66
8 61
8 152
12 96
12 98
12 132
14 107
14 68
14 119
17 118
18 120
18 117
19 54
26 281
27 298
28 292
30 216
31 209
33 209
35 289
36 283
37 283
43 285
45 57
45 76
60 257
62 252
62 254
68 107
68 119
72 116
74 238
74 159
82 143
83 291
83 286
83 185
83 189
85 251
90 290
91 249
91 123
91 243
96 132
98 132
100 194
104 223
109 149
109 263
110 169
110 174
113 179
113 167
115 202
122 202
123 249
124 294
127 294
128 161
130 181
131 172
134 181
135 240
139 156
141 266
144 240
147 266
149 263
158 262
159 238
163 284
164 203
165 213
165 206
167 237
173 280
173 267
176 218
177 273
179 237
185 286
186 260
188 273
196 245
198 277
198 295
204 229
207 245
225 270
260 275
