heur026_n_330_m_1370
1 67
2 114
6 325
8 30
9 31
9 65
10 235
11 308
13 268
13 276
16 300
17 53
19 91
20 42
22 246
25 274
28 187
29 164
31 65
33 121
33 154
33 131
34 217
36 261
38 156
41 183
45 159
47 292
49 240
49 97
54 68
56 250
57 245
60 193
61 195
63 236
64 151
71 241
72 215
75 262
75 248
83 242
84 117
86 152
87 288
88 225
88 196
95 139
97 240
98 232
101 175
102 203
103 190
104 107
108 158
113 224
116 312
121 154
121 131
122 237
122 169
124 199
128 290
130 273
131 154
132 328
135 267
136 207
141 142
157 314
161 222
165 320
169 237
178 210
180 260
181 223
189 295
191 323
192 205
196 225
198 209
200 284
219 310
220 298
226 256
247 311
248 262
268 276
271 318
280 297
293 330
309 326
