heur036_n_347_m_17983
1 271
1 158
3 270
6 271
6 158
7 239
8 270
10 237
11 196
13 32
13 268
13 192
15 209
16 286
20 315
20 154
24 69
25 315
25 154
26 34
26 259
26 218
28 56
28 131
29 270
31 196
32 192
32 268
32 173
32 241
33 86
34 262
34 259
34 218
35 302
36 53
37 237
39 271
39 158
40 98
40 43
40 69
41 301
42 237
43 69
46 209
47 209
51 286
52 332
53 111
54 332
56 131
59 332
60 216
60 198
60 199
63 301
65 242
65 230
65 215
65 257
67 301
68 315
68 154
69 98
70 303
71 303
72 283
74 97
74 148
75 81
75 249
77 211
77 310
78 80
80 94
81 249
83 303
86 87
90 276
90 141
90 159
100 211
100 310
103 211
103 310
106 267
109 132
110 132
114 295
123 228
127 217
127 282
129 175
129 167
144 179
150 297
154 315
155 334
155 319
158 271
160 303
163 217
163 282
164 328
165 240
165 219
165 189
170 333
176 252
178 330
180 340
180 342
180 343
189 226
190 338
190 335
192 241
203 212
203 278
204 214
205 211
205 310
207 214
208 336
208 291
208 293
208 254
211 310
211 312
212 278
214 294
217 282
218 259
218 262
218 265
219 226
224 245
226 240
228 309
228 231
230 257
234 245
241 268
245 307
248 328
254 291
254 336
254 293
256 286
259 265
259 262
269 302
310 312
319 331
331 334
