heur019_n_300_m_28765
1 160
1 161
1 163
1 165
1 166
1 176
1 242
1 158
1 198
2 258
2 210
3 210
4 271
4 278
5 195
5 196
5 189
5 191
6 210
7 210
8 210
9 258
9 210
9 233
10 222
13 222
14 210
14 233
18 144
18 281
18 285
20 222
23 283
27 283
28 185
28 237
29 171
31 171
33 171
36 283
37 164
37 200
38 171
39 171
40 168
41 168
42 168
43 171
44 168
45 209
45 211
45 212
45 214
45 216
45 190
46 160
46 166
46 158
47 168
48 168
49 168
50 168
51 276
56 219
58 276
61 276
63 286
66 276
67 193
67 179
67 180
67 182
67 186
67 187
68 219
70 288
72 288
76 288
77 219
78 194
78 199
78 213
79 274
79 277
79 278
80 164
81 164
81 200
83 226
83 228
83 181
83 162
84 164
84 200
85 222
86 164
88 245
88 251
89 164
93 202
94 202
95 280
96 281
96 285
97 164
97 200
98 202
99 202
99 280
107 188
107 183
109 164
109 200
111 290
111 297
111 298
111 299
111 300
111 260
112 188
112 183
113 201
113 205
113 208
113 215
114 188
114 183
115 167
115 156
116 188
116 183
117 188
117 183
118 188
118 284
119 185
120 188
120 284
121 185
121 207
122 185
123 185
124 273
124 275
124 277
124 278
125 185
125 207
126 185
127 278
128 188
129 185
131 281
131 285
132 211
132 216
132 218
132 190
136 271
136 272
136 278
141 258
141 210
142 169
142 170
142 172
142 173
142 175
142 177
142 178
144 281
145 185
146 168
148 171
149 200
149 279
151 249
151 257
152 223
154 249
154 289
154 223
154 257
155 249
155 289
155 223
155 257
156 249
156 289
156 223
156 257
158 242
159 242
160 242
161 242
162 225
162 226
162 227
162 228
162 230
162 235
162 220
163 242
164 279
165 242
166 242
167 249
167 289
167 223
167 257
176 242
181 225
181 226
181 227
181 228
181 230
181 235
181 220
183 284
185 237
188 284
189 224
191 224
192 224
194 270
195 224
196 224
197 224
198 242
199 262
199 264
199 265
199 266
199 267
199 268
199 269
199 270
200 279
207 237
210 258
210 233
213 262
213 264
213 265
213 266
213 267
213 268
213 269
213 270
