heur033_n_330_m_13861
1 94
2 94
3 94
4 94
5 105
5 153
5 253
6 144
6 150
6 152
7 103
7 161
8 105
8 153
8 253
9 105
9 153
9 253
10 105
10 153
10 253
11 105
11 153
11 253
12 319
13 319
14 231
14 232
14 234
14 238
14 240
15 319
16 92
17 92
18 258
19 92
20 92
21 173
22 133
23 133
24 176
24 177
24 235
24 174
25 133
26 200
26 201
26 203
26 236
26 249
28 173
33 258
34 258
35 258
36 187
36 190
36 304
37 165
38 165
39 258
40 165
41 165
42 241
42 242
42 243
42 245
42 247
42 223
42 56
43 258
44 320
44 321
44 322
44 328
44 178
44 315
45 175
46 175
47 69
48 55
48 319
48 58
49 106
49 107
49 114
49 111
50 67
51 70
51 206
52 196
52 211
52 261
53 70
53 206
54 70
54 206
55 319
56 241
56 242
56 243
56 245
56 247
56 223
57 70
57 206
58 319
62 165
66 175
67 92
69 175
70 95
70 206
71 216
71 214
72 179
73 179
74 179
76 179
77 179
78 179
79 233
79 226
81 105
81 153
81 253
82 103
83 320
83 321
83 322
83 328
83 178
83 315
85 103
86 195
86 229
86 112
86 248
89 160
89 166
89 180
89 116
90 204
90 205
90 209
90 210
90 213
95 206
97 256
97 259
97 246
97 250
97 251
97 252
101 134
101 135
101 136
101 170
101 171
101 172
101 237
101 164
103 113
103 161
105 153
105 253
109 161
110 295
110 296
110 297
110 298
110 140
110 300
112 248
116 180
116 169
117 288
117 290
117 291
117 292
117 293
117 294
117 313
117 181
120 152
123 219
124 219
126 192
126 193
126 194
126 188
126 189
126 191
127 227
127 266
127 184
127 222
128 219
129 219
130 224
130 225
130 228
130 230
130 272
130 306
131 219
134 237
134 164
135 237
135 164
136 237
136 164
140 295
140 296
140 297
140 298
140 300
144 152
146 199
147 199
153 253
154 304
156 304
157 304
160 180
160 169
162 304
163 299
163 301
163 302
163 303
163 305
163 314
164 170
164 171
164 172
164 237
166 180
166 169
167 239
168 219
169 180
170 237
171 237
172 237
174 235
176 235
177 235
178 320
178 321
178 322
178 328
178 315
181 288
181 290
181 291
181 292
181 293
181 294
181 313
182 274
182 198
182 207
184 287
185 273
187 304
190 304
195 248
195 229
196 211
196 261
197 271
197 286
200 249
202 215
202 217
202 218
202 220
202 221
208 239
211 261
222 287
223 241
223 242
223 243
223 245
223 247
224 272
226 233
227 287
231 238
231 240
236 249
239 254
263 327
265 327
266 287
267 327
268 327
269 327
270 327
276 286
288 313
290 313
291 313
292 313
