heur023_n_329_m_16183
1 79
4 86
4 103
5 102
6 307
6 180
7 315
15 202
15 253
17 41
21 187
22 132
22 104
22 75
22 123
22 158
24 187
29 110
31 136
31 251
35 316
36 315
39 71
39 211
40 280
40 276
45 324
48 312
49 115
53 286
54 96
54 261
54 297
55 115
58 289
63 148
68 327
69 148
70 146
71 206
71 211
73 305
73 230
74 325
74 172
75 104
75 132
75 158
75 123
76 168
76 106
76 92
88 284
88 177
92 168
94 95
95 141
96 297
104 132
108 228
110 157
116 278
118 234
121 278
122 284
122 177
123 132
129 271
131 154
131 283
132 158
133 325
133 172
139 166
142 213
147 302
150 324
151 213
152 307
154 283
156 324
163 179
164 283
167 214
171 244
172 325
175 203
175 207
177 284
179 196
180 307
183 246
186 201
186 194
197 264
198 272
198 239
198 282
202 253
206 211
209 269
213 267
230 255
231 252
242 306
255 305
257 306
261 297
272 282
277 318
291 318
294 300
