heur031_n_330_m_7270
1 97
1 221
5 99
6 207
6 61
7 99
9 252
9 253
10 312
10 315
10 309
11 207
11 61
12 190
12 84
13 164
13 237
14 190
14 84
15 89
17 190
23 168
23 83
25 45
25 166
26 45
26 166
27 45
27 166
29 136
29 122
30 96
30 210
30 211
30 212
30 275
33 136
33 122
36 138
36 284
36 245
36 287
38 289
38 314
38 302
38 313
39 172
39 200
40 172
40 200
43 172
43 200
45 166
47 257
48 257
50 257
51 304
53 176
53 178
53 215
53 228
55 288
55 305
55 308
55 303
57 300
57 167
58 170
58 90
58 93
59 164
59 237
61 207
63 160
64 160
66 266
66 267
66 268
66 87
68 160
70 225
71 244
74 225
75 251
75 213
77 273
78 172
78 200
80 273
84 190
85 152
85 188
85 151
86 205
87 267
87 266
87 268
92 137
92 179
92 139
92 285
94 265
96 210
96 211
96 212
96 275
97 221
102 264
104 264
105 264
106 217
106 218
106 261
106 263
107 248
107 194
108 117
109 244
110 204
111 273
112 244
113 281
115 204
116 229
117 145
121 229
122 136
124 173
128 272
128 260
128 271
131 150
133 150
134 265
135 283
135 258
135 259
137 285
138 284
138 245
138 287
139 285
141 164
141 237
146 299
146 293
146 327
146 320
147 208
147 209
147 206
153 279
156 279
159 174
161 316
164 237
165 173
167 300
171 262
172 200
174 239
174 195
175 262
176 228
178 228
179 285
180 243
180 282
181 243
181 282
182 243
182 282
191 281
192 204
193 281
197 231
198 231
199 231
201 231
203 316
210 275
211 275
212 275
215 228
227 323
227 286
227 297
234 281
246 316
247 274
247 276
247 277
249 307
249 301
254 310
258 283
259 283
260 272
260 271
286 297
288 305
288 308
288 303
293 320
297 323
299 320
