heur025_n_329_m_32168
5 206
5 182
7 185
7 132
7 248
11 242
11 236
11 141
11 194
12 41
12 203
12 219
12 207
12 112
12 27
13 49
15 185
15 132
19 185
19 132
21 160
26 245
31 197
31 186
31 325
35 145
39 96
39 225
39 187
39 227
42 252
43 172
51 172
57 173
57 232
58 232
61 172
65 115
66 323
67 115
68 172
70 115
74 191
77 326
79 155
80 251
87 188
89 139
89 148
89 125
95 155
96 227
100 122
100 175
115 180
121 170
121 166
122 169
127 218
128 168
128 162
128 167
132 185
132 248
133 309
135 328
138 178
151 204
151 253
153 307
153 196
153 286
156 309
157 176
157 171
157 183
171 192
173 232
176 192
178 275
178 228
185 248
187 227
189 309
196 308
198 214
199 311
216 259
222 259
225 227
232 323
251 274
286 308
299 318
307 308
