heur039_n_361_m_13593
2 79
3 219
3 204
3 167
4 232
4 242
4 246
7 111
8 194
11 81
11 104
15 31
18 169
18 188
18 196
18 324
19 156
19 28
20 145
20 325
20 55
21 356
21 295
24 73
32 214
33 228
33 236
33 247
34 244
35 194
36 214
37 81
37 104
38 115
39 132
39 110
45 168
45 215
46 241
47 73
54 168
54 215
57 267
63 178
65 296
65 179
70 141
73 100
77 257
78 141
81 143
81 104
82 174
82 210
82 211
84 119
85 199
92 141
96 282
96 300
96 255
97 120
102 245
102 117
102 109
102 118
104 143
106 313
106 316
108 144
108 361
111 284
111 286
113 341
114 353
116 281
116 235
116 342
116 231
121 225
122 225
124 229
126 244
127 144
127 361
128 144
128 361
130 332
133 224
134 225
135 344
135 333
135 358
135 207
135 357
136 180
136 198
138 224
144 361
148 308
149 176
150 264
150 309
150 206
155 227
160 306
162 177
162 197
163 275
163 301
163 263
168 215
173 208
174 291
174 210
174 211
174 212
175 327
183 194
184 227
187 205
189 205
193 222
196 324
201 209
205 270
206 251
207 357
217 267
221 354
221 260
221 230
223 272
223 340
226 267
227 259
237 272
237 340
238 332
240 272
240 340
241 293
244 350
251 264
251 309
254 298
254 355
261 332
265 283
272 340
280 351
302 351
323 337
344 357
351 360
357 358
