heur014_n_300_m_14191
2 216
2 258
2 202
13 214
15 166
15 158
17 278
17 268
19 59
19 102
22 284
23 224
23 95
24 256
24 253
25 207
25 225
26 284
29 68
29 76
31 60
33 207
33 225
35 227
36 80
39 147
40 168
42 224
42 95
46 175
48 98
48 175
53 57
53 280
54 120
55 152
55 276
55 93
57 280
61 279
68 298
71 114
71 110
73 232
77 160
80 136
81 282
86 272
86 211
88 218
90 211
93 152
93 276
95 224
96 184
97 237
98 175
100 128
101 154
103 184
107 185
107 241
107 189
113 265
115 215
115 180
115 138
119 180
119 138
125 234
125 238
133 167
138 215
138 180
141 173
141 174
160 232
167 177
180 215
182 296
182 294
183 259
183 231
185 241
186 240
187 262
189 241
191 250
191 251
194 274
196 274
202 216
202 258
207 225
211 272
217 255
220 254
221 254
222 248
231 259
233 295
236 242
268 278
