heur032_n_330_m_9770
1 283
2 160
3 159
4 198
4 192
5 132
5 101
11 120
13 94
16 303
17 209
18 280
20 98
21 237
27 88
28 224
31 167
34 294
35 308
39 252
44 307
45 248
45 330
45 295
48 174
51 127
52 296
53 141
54 204
61 97
62 92
69 122
71 89
72 201
73 93
77 318
79 272
81 134
83 131
85 282
90 140
90 292
91 100
93 114
99 212
101 132
102 247
105 241
105 263
106 284
108 245
110 264
115 316
117 165
126 225
133 269
137 274
140 292
149 299
158 325
164 238
170 326
177 229
179 281
186 323
187 305
187 207
189 297
192 198
211 239
217 328
241 263
251 289
257 276
257 322
260 271
285 317
