heur011_n_250_m_6574
4 152
5 165
8 40
13 163
16 192
16 104
19 78
21 43
22 248
23 51
24 178
25 74
26 200
26 53
27 98
28 77
29 62
29 173
30 179
31 166
33 157
35 60
36 79
36 238
38 238
38 79
41 210
42 79
42 238
44 105
44 76
45 124
45 68
47 158
53 200
54 80
55 168
61 138
62 173
65 162
67 212
68 124
69 216
70 103
73 84
75 94
76 105
79 238
83 249
83 234
85 160
86 164
90 172
91 109
92 159
95 164
102 213
104 130
104 192
106 247
107 143
111 156
111 240
118 216
119 131
119 229
126 193
130 192
134 186
140 163
153 183
154 241
156 240
163 217
165 214
190 244
196 208
222 246
