heur049_n_300_m_17695
1 32
1 38
1 39
1 43
1 85
2 125
4 125
5 297
5 182
5 248
5 251
5 285
5 133
6 106
6 112
6 116
6 121
7 275
8 125
9 131
9 136
9 114
9 148
10 88
12 36
12 37
12 41
12 44
12 97
14 88
15 88
16 86
17 275
17 276
18 36
18 41
18 44
18 97
19 106
19 112
19 116
19 121
20 86
21 86
23 129
24 129
25 129
26 129
27 129
29 183
31 292
31 300
31 145
32 85
33 183
34 85
35 183
36 97
37 97
38 85
39 85
40 245
40 247
40 249
40 250
40 156
41 97
42 183
43 85
44 97
45 284
46 284
47 294
47 295
47 298
47 255
47 270
48 284
49 284
51 167
51 168
51 169
51 170
51 171
51 172
57 97
59 113
59 215
60 113
60 272
60 215
61 163
62 260
62 279
62 200
63 260
63 279
63 200
64 274
65 274
66 240
66 81
66 199
67 279
67 200
68 163
68 141
68 142
68 144
68 147
68 151
69 274
70 274
71 100
71 101
71 102
71 103
71 105
71 87
72 240
72 199
73 240
73 199
74 240
74 199
75 240
75 199
76 286
77 272
77 215
78 272
78 215
79 286
79 161
79 241
80 286
80 161
80 241
81 240
81 199
82 286
83 272
83 215
87 105
90 194
90 190
91 210
92 210
93 281
93 210
94 281
94 210
95 96
96 291
98 281
98 210
107 237
108 124
108 204
109 124
109 204
111 158
111 149
111 150
111 268
111 176
113 272
113 215
114 131
114 136
117 257
117 254
117 252
117 253
117 261
118 124
118 204
120 124
120 204
124 204
126 257
126 252
126 253
126 254
126 261
133 297
133 182
133 248
133 285
137 228
137 229
137 232
137 233
141 163
142 163
144 163
145 296
145 292
145 300
146 228
146 229
146 232
146 233
147 163
149 268
150 268
150 176
151 163
155 179
155 221
155 289
156 245
156 247
156 249
156 250
157 273
158 268
158 176
160 234
160 242
161 286
161 241
162 228
162 229
162 232
162 233
182 297
184 289
200 260
251 285
255 293
255 294
255 295
255 299
264 280
270 293
270 294
270 295
270 298
270 299
285 297
