heur006_n_180_m_6067
1 58
1 40
1 128
1 105
1 118
1 91
1 154
2 58
2 40
2 128
2 118
2 91
2 154
3 102
3 103
3 106
4 134
4 146
4 180
4 55
4 26
6 64
6 67
6 74
6 75
6 144
6 86
6 165
7 96
7 98
7 95
7 88
8 58
8 128
8 105
8 118
8 91
8 154
9 96
9 97
9 98
9 95
9 88
10 153
11 109
11 110
11 117
11 122
11 157
11 76
12 126
12 172
12 107
12 148
12 167
13 132
13 138
13 139
13 140
13 120
13 123
13 99
13 22
14 136
14 142
14 145
14 111
15 70
15 72
15 61
16 68
16 71
16 168
16 46
16 47
16 80
16 49
16 174
16 51
16 52
17 107
17 172
17 148
17 24
17 126
17 167
19 58
19 40
19 128
19 105
19 118
19 154
21 83
21 84
22 99
22 132
22 138
22 139
22 140
22 115
22 120
23 81
24 126
24 107
26 130
26 137
26 180
26 55
27 129
28 135
30 43
30 62
30 65
34 43
34 62
34 65
37 89
37 90
37 92
37 131
38 43
38 62
38 65
39 77
40 128
40 105
40 91
40 154
42 128
42 105
42 118
42 91
42 154
44 77
45 108
45 78
45 113
45 116
45 125
46 168
47 80
49 80
49 168
50 143
51 168
52 80
52 168
52 174
54 162
54 169
54 158
54 159
54 124
55 130
55 134
55 146
57 164
57 166
57 163
58 105
58 91
58 154
59 108
59 116
59 125
60 170
60 85
63 170
63 85
64 144
64 133
67 133
67 165
68 168
70 94
71 168
71 174
73 125
74 165
75 165
76 171
76 109
76 117
76 122
76 157
78 108
78 113
78 114
78 116
78 121
79 173
79 177
79 178
79 179
81 161
82 135
85 100
85 170
86 133
88 97
88 98
88 101
89 131
91 105
91 118
91 154
92 131
93 141
99 132
99 138
99 139
99 140
100 170
104 152
104 156
105 128
105 154
107 172
107 148
107 167
109 157
109 171
110 157
110 171
111 136
111 142
111 145
111 127
112 152
112 156
117 157
117 171
118 128
118 154
122 157
122 171
124 160
124 162
124 169
126 172
126 148
128 154
133 144
133 165
143 176
143 179
157 171
