heur005_n_160_m_4015
1 49
3 112
3 140
4 60
4 130
5 143
6 18
6 97
6 78
11 55
11 76
12 130
13 158
13 55
13 76
14 55
14 76
15 112
15 140
16 97
16 78
17 139
18 97
18 78
19 146
20 146
20 152
22 125
22 36
22 111
23 139
24 139
25 115
25 141
25 89
26 104
26 132
26 80
26 90
27 146
28 39
29 63
29 115
30 143
33 154
33 143
36 125
36 111
37 154
37 143
38 120
38 137
38 116
42 114
45 72
45 77
45 56
46 57
46 59
46 62
50 83
51 72
51 77
51 56
52 109
52 142
52 94
52 81
53 72
53 77
53 56
54 115
54 141
54 89
55 158
56 77
60 102
60 130
63 115
63 141
63 89
65 159
66 108
66 101
67 82
68 134
68 119
71 118
72 77
75 118
76 158
78 97
80 104
81 142
85 120
87 133
88 133
90 132
90 122
90 104
94 142
96 136
96 145
96 135
96 144
100 138
100 149
110 131
110 127
111 125
116 120
117 124
117 151
119 134
120 137
128 155
129 155
140 157
146 152
