heur028_n_330_m_3253
1 310
2 106
2 277
3 54
3 218
4 97
4 135
4 296
4 93
4 94
4 95
5 106
5 277
6 106
6 277
7 219
7 75
7 155
8 106
8 277
9 256
9 258
9 255
9 253
9 254
9 223
10 106
10 277
11 219
11 75
11 155
12 39
13 132
13 172
13 90
13 275
14 232
14 233
14 234
14 273
15 84
15 125
15 78
16 244
17 244
18 219
18 75
18 155
19 166
19 207
20 244
21 244
22 212
23 244
24 212
25 235
25 114
25 115
25 152
25 153
26 193
26 274
26 191
30 235
30 114
30 115
30 152
30 153
31 200
33 130
33 51
33 120
34 192
34 150
34 151
34 189
34 190
35 200
36 218
36 54
37 200
38 305
38 261
38 294
38 297
38 245
39 50
40 130
40 51
40 120
43 121
43 162
43 123
43 122
43 323
46 219
46 75
46 155
48 113
48 173
49 219
49 75
49 155
51 130
51 120
52 247
53 104
53 105
53 102
54 218
55 65
55 66
55 68
55 61
55 76
55 246
57 324
57 325
57 327
58 167
59 167
60 213
60 328
60 112
61 76
61 246
62 199
62 241
62 159
63 213
63 328
63 112
64 213
64 328
64 112
65 76
65 246
66 76
66 246
67 265
68 76
68 246
69 265
70 265
71 268
71 317
72 265
73 268
73 317
74 265
75 219
75 155
76 246
81 116
82 230
82 214
83 116
85 230
85 214
86 230
86 214
87 113
87 173
88 113
88 173
89 113
89 173
90 275
91 247
92 247
93 296
94 296
95 296
97 296
98 170
99 195
99 196
99 197
99 198
99 143
100 167
101 167
103 213
103 328
103 112
106 277
108 141
110 147
110 156
110 117
110 119
112 328
112 144
112 213
113 131
113 173
115 152
115 153
115 235
117 147
119 147
120 130
121 323
122 323
123 323
124 230
124 214
126 230
126 214
128 289
128 259
128 295
129 250
129 251
129 252
129 276
129 240
132 275
133 175
133 176
133 177
133 179
133 154
133 194
134 291
134 272
135 296
139 170
140 288
140 290
140 316
140 285
140 286
140 287
141 145
141 146
141 148
141 188
142 257
142 262
142 263
142 264
142 165
142 326
143 196
143 197
143 198
143 195
144 213
144 328
147 156
154 174
154 175
154 176
154 177
154 179
155 219
157 182
161 227
161 266
161 269
161 271
162 323
165 257
165 262
165 263
165 264
165 326
170 180
172 275
174 194
175 194
176 194
177 194
179 194
183 260
184 260
185 260
187 260
206 228
206 229
206 231
206 267
206 270
213 328
214 230
222 307
222 312
222 281
222 315
222 318
223 256
223 258
223 253
223 254
223 255
224 260
227 242
231 267
238 298
240 276
240 250
240 251
240 252
242 266
242 269
242 271
245 261
245 294
245 297
245 305
248 321
248 322
248 282
248 319
250 276
251 276
252 276
257 326
262 326
263 326
264 326
268 317
272 291
278 298
279 298
281 307
281 312
281 315
281 318
285 316
286 316
287 316
288 316
290 316
298 320
