heur003_n_120_m_2588
1 50
2 35
2 50
3 50
4 55
5 55
6 57
7 101
7 73
7 95
7 97
8 37
9 71
9 65
11 29
11 57
13 71
13 65
14 96
14 41
14 108
14 49
15 47
16 105
16 46
16 48
16 59
16 60
17 120
17 45
18 113
18 110
19 113
20 109
20 99
21 109
21 99
22 113
23 39
23 102
24 39
24 102
24 84
25 60
26 30
27 39
27 102
27 84
28 71
29 57
31 51
32 86
33 98
33 83
35 50
38 52
39 102
39 84
40 74
40 106
40 56
41 96
41 108
42 94
43 81
44 52
45 120
45 118
46 105
47 75
48 105
49 96
49 88
49 108
54 80
54 117
54 103
56 106
56 116
56 119
59 105
60 105
60 77
61 78
61 112
62 91
62 107
63 98
63 83
65 71
66 112
69 93
72 109
73 92
74 116
74 119
75 100
76 114
76 111
78 112
85 109
85 99
88 108
92 97
97 115
103 117
104 117
106 119
