heur035_n_345_m_17798
10 91
10 69
10 63
12 99
15 244
19 132
24 216
25 221
27 302
27 318
30 132
31 112
32 81
33 216
34 112
35 98
35 116
35 94
36 169
36 234
36 163
37 229
45 229
46 217
46 238
46 176
47 79
48 221
50 307
52 307
54 159
55 284
55 338
56 229
57 128
57 111
57 130
58 60
58 77
58 70
58 263
59 132
61 112
63 268
64 68
65 193
67 213
68 133
68 270
68 95
69 268
74 216
79 197
79 190
79 191
82 264
91 268
94 333
96 241
96 262
96 257
96 260
97 129
97 261
98 333
102 159
105 229
106 344
106 265
109 140
109 123
109 147
111 130
113 307
116 333
117 233
117 236
117 254
117 134
121 289
121 293
124 153
124 189
124 157
126 210
126 220
126 199
128 130
129 261
131 292
134 233
134 236
134 254
135 253
137 316
142 252
142 228
142 273
150 345
153 157
157 189
161 336
164 292
173 302
173 318
175 336
177 283
179 240
179 245
179 247
184 336
194 340
196 307
201 324
205 340
211 296
211 303
218 283
224 340
226 283
229 251
235 283
239 324
246 327
246 319
260 262
265 344
266 288
266 315
267 342
271 279
271 282
274 288
274 315
279 282
284 338
285 299
288 315
299 312
302 318
335 336
