heur012_n_250_m_20035
1 52
2 164
2 165
2 166
2 71
2 168
2 93
3 70
3 75
3 57
3 60
4 63
5 173
5 174
5 175
5 169
6 117
7 66
7 67
7 59
9 171
10 192
11 26
11 27
11 29
11 28
16 68
18 68
20 114
20 115
20 116
20 118
20 120
20 121
20 123
21 171
22 30
22 68
24 63
26 183
27 183
28 183
29 183
30 68
36 54
36 246
37 54
37 246
38 215
38 94
38 191
39 54
39 246
40 54
40 246
41 54
41 246
42 54
42 246
43 54
43 246
44 230
44 231
44 232
44 233
44 235
44 237
44 240
45 142
46 142
47 142
48 142
49 196
49 209
50 196
50 209
52 96
52 130
52 98
52 99
52 90
52 92
52 95
55 202
55 203
55 205
55 206
55 172
57 133
60 133
61 208
61 212
61 213
63 217
63 219
63 221
63 222
70 133
71 93
75 133
76 154
81 186
83 186
87 186
93 179
93 189
93 180
94 191
96 160
101 215
101 191
102 208
102 212
102 213
103 218
104 218
107 218
108 218
109 194
109 199
109 200
109 201
109 244
110 218
112 194
112 199
112 200
112 201
112 244
117 184
119 218
122 218
124 210
125 210
130 160
153 207
154 207
155 207
156 207
157 207
158 200
158 201
158 244
159 207
166 180
167 208
167 212
167 213
167 185
169 176
169 177
169 178
170 200
170 201
170 244
172 202
172 203
172 205
172 206
187 236
192 204
200 244
