heur022_n_322_m_14226
2 98
6 242
7 130
11 203
14 49
16 56
17 233
24 165
25 268
26 92
27 94
27 183
29 83
29 153
32 284
34 204
36 55
48 170
53 266
58 267
61 156
63 218
63 291
63 109
64 295
66 164
68 249
73 317
74 289
76 305
76 222
79 152
81 190
84 187
94 183
97 197
100 225
105 228
109 291
109 218
110 227
111 239
114 185
115 278
120 235
127 303
128 256
131 177
136 316
138 209
141 174
141 155
155 174
158 281
168 205
171 246
171 245
178 231
180 201
187 276
188 289
189 300
199 290
199 206
206 290
218 291
241 312
253 314
269 298
285 287
