heur038_n_361_m_7987
1 77
2 200
8 241
11 293
14 264
15 299
17 99
17 340
22 159
25 187
28 138
31 306
31 140
34 56
34 352
35 36
38 317
39 52
39 239
44 89
46 334
47 207
48 73
50 253
50 357
52 239
59 285
60 353
63 221
66 112
67 278
71 237
80 336
86 190
90 210
93 257
95 280
99 340
102 127
106 318
109 320
113 243
113 124
114 305
115 170
118 234
122 150
124 243
125 209
126 148
128 311
131 189
132 178
133 349
140 306
149 177
155 185
162 355
176 359
181 256
184 261
196 246
213 361
228 240
248 284
250 277
251 267
253 357
259 360
276 302
289 320
294 298
300 301
354 358
