heur007_n_200_m_6731
1 43
1 140
1 47
2 193
2 34
3 164
3 172
3 195
5 105
5 103
7 142
7 189
8 160
8 114
8 163
9 164
9 172
10 81
10 191
13 116
13 183
15 165
15 76
15 86
16 169
16 200
17 39
18 39
19 92
19 126
20 155
21 50
21 189
23 152
23 149
24 161
25 161
27 166
28 161
29 192
30 84
31 143
31 98
34 132
35 104
35 105
35 103
36 158
38 70
38 73
38 82
38 85
40 65
40 170
40 120
41 65
41 170
41 120
42 156
42 54
43 179
43 130
45 143
45 98
47 179
47 130
48 156
48 96
50 189
50 142
51 161
53 96
54 96
54 156
55 145
55 137
58 87
59 119
61 136
61 146
61 138
64 128
65 120
67 145
67 137
68 182
68 100
69 125
70 139
73 139
74 167
75 147
76 106
77 145
77 137
78 109
79 147
80 191
81 177
81 191
82 139
85 139
88 199
89 175
89 181
93 133
95 128
98 143
99 181
100 182
106 165
107 121
108 176
108 178
110 129
110 131
110 134
110 118
114 160
114 162
115 151
118 134
118 129
118 131
121 185
121 190
121 159
130 140
130 179
132 193
133 188
133 173
137 145
140 179
142 189
148 157
151 174
159 185
164 195
168 200
