heur027_n_330_m_2256
1 290
2 48
9 305
9 267
13 108
15 133
16 283
17 146
19 82
34 318
34 86
35 241
35 299
36 211
38 203
38 116
41 115
44 190
45 261
49 99
51 221
51 292
56 232
58 186
59 196
71 328
72 282
73 319
81 147
81 210
85 270
86 318
93 125
94 101
98 114
100 200
100 251
102 135
103 150
103 194
104 280
105 330
109 304
110 214
113 231
116 203
117 131
121 249
123 205
126 202
128 230
129 246
132 227
132 189
141 163
144 242
147 210
150 194
151 161
154 252
160 255
162 224
166 213
167 275
170 287
175 229
175 322
180 265
181 316
188 264
189 227
191 256
198 288
200 251
201 239
212 311
220 240
221 292
225 307
229 322
241 299
250 260
257 271
263 309
267 305
276 325
