heur009_n_250_m_1450
3 46
4 183
5 83
6 184
6 39
7 106
8 162
11 183
13 168
13 92
14 143
15 186
17 194
17 172
17 151
18 158
19 102
20 114
20 166
22 50
22 44
22 86
25 158
28 218
28 132
29 187
31 216
31 205
31 94
33 127
33 51
33 141
33 89
38 110
39 184
40 174
42 113
42 66
43 208
43 116
44 86
45 65
45 57
45 188
47 218
47 132
48 59
49 250
50 86
51 127
51 141
51 89
52 209
53 138
53 207
54 82
55 68
56 138
56 207
57 188
58 97
58 175
62 209
65 188
66 113
69 169
69 171
74 101
75 112
75 101
76 121
81 239
83 126
84 154
89 141
89 127
90 121
91 98
92 168
93 130
93 249
94 205
94 216
97 175
103 120
103 125
105 201
106 131
107 197
107 189
107 206
114 166
116 208
117 201
122 224
128 186
129 219
130 249
132 218
133 135
134 225
134 215
137 177
137 178
138 207
140 225
144 233
144 230
146 219
147 237
148 167
151 194
155 244
156 180
157 198
157 199
160 182
161 241
161 235
167 227
172 194
185 222
189 206
197 206
200 238
200 246
200 204
204 238
204 246
205 216
213 221
