heur017_n_300_m_15641
1 294
2 294
3 281
3 299
5 271
5 254
5 289
5 132
6 137
6 139
7 281
7 299
10 281
10 299
11 271
11 254
11 132
15 177
15 178
15 185
15 214
18 99
19 99
24 184
24 242
24 181
25 99
26 155
26 216
28 155
28 216
31 277
31 269
32 121
34 82
34 70
34 71
34 136
37 252
37 164
37 149
38 121
42 292
42 293
42 300
42 127
43 131
43 134
43 135
47 279
49 172
50 117
51 172
52 117
53 172
54 117
56 66
56 69
56 61
58 225
58 239
60 115
60 107
60 228
60 285
62 279
65 150
68 296
68 297
68 241
71 136
72 262
75 262
76 262
78 295
80 295
82 136
85 295
94 140
95 256
96 261
97 256
98 261
100 244
100 190
101 298
101 291
102 190
103 167
107 228
107 285
109 256
112 296
112 297
112 241
114 266
114 275
115 228
116 266
116 275
118 266
118 275
123 160
123 145
123 147
123 157
125 205
127 300
129 200
129 201
129 202
129 209
130 140
132 289
132 271
132 254
133 150
138 237
141 167
149 211
149 252
152 207
155 216
159 189
163 207
164 211
164 252
166 189
168 255
180 272
180 270
180 278
194 255
194 217
195 255
196 255
198 280
205 253
208 284
212 250
217 255
219 250
221 284
241 296
241 297
243 283
243 286
