heur051_n_300_m_20122
5 158
8 282
10 282
15 146
15 284
15 279
17 277
20 242
20 243
20 246
21 277
22 277
23 202
23 244
24 292
25 202
25 244
28 168
28 162
28 165
29 155
29 148
29 150
29 285
32 292
33 292
35 244
39 225
39 226
39 189
39 229
40 256
44 144
44 145
44 147
48 292
53 238
56 230
57 238
58 196
58 211
63 227
64 293
64 286
64 216
65 236
66 258
70 213
71 247
74 236
75 247
76 247
77 196
77 211
79 194
79 188
79 190
82 236
88 258
93 154
96 241
105 242
105 243
105 246
106 202
106 244
107 222
110 173
112 231
116 173
118 158
119 173
120 198
121 237
121 254
121 164
123 248
123 257
123 252
123 253
128 267
128 268
128 262
128 281
129 238
135 256
137 230
138 230
140 230
141 274
141 249
141 271
142 274
142 249
142 271
143 274
143 249
143 271
146 284
146 279
148 285
150 285
153 183
155 285
175 296
175 299
205 273
206 283
209 272
216 289
216 295
216 286
218 272
221 272
234 287
245 283
247 280
249 274
249 271
250 296
250 299
250 294
262 281
286 295
