heur020_n_320_m_5905
1 117
8 9
8 249
10 194
10 116
12 127
17 286
20 124
20 150
21 293
24 205
27 100
28 258
28 30
29 166
30 258
33 115
34 180
35 189
35 292
36 182
37 122
37 288
38 39
41 230
48 77
61 88
62 215
63 90
64 213
64 272
67 111
68 105
69 210
70 185
71 72
79 269
82 211
89 245
93 294
93 125
95 281
96 112
96 161
102 137
103 284
103 299
104 230
107 297
112 161
116 194
119 178
122 288
124 150
125 294
129 175
130 207
131 202
134 176
139 287
139 216
140 145
144 186
148 262
151 220
153 193
153 157
153 319
157 193
157 319
159 169
171 174
172 304
177 302
189 292
193 319
204 229
210 231
212 226
224 301
229 243
233 312
244 300
248 257
259 309
263 306
284 299
285 298
