heur024_n_329_m_27115
1 250
1 26
4 250
4 26
5 45
7 24
7 226
13 56
13 195
15 165
15 17
17 165
17 22
19 172
19 183
22 165
23 296
26 250
27 212
28 96
28 95
36 211
43 132
43 228
45 79
46 170
51 201
56 195
61 76
66 324
66 201
74 251
78 80
86 156
87 145
93 145
102 203
103 232
103 188
104 156
105 145
121 241
121 301
129 326
129 327
130 154
132 228
140 154
144 251
147 233
148 215
155 311
157 198
160 307
160 286
166 198
171 277
172 208
175 243
175 246
176 257
183 208
187 230
187 284
187 255
187 315
188 235
188 229
188 232
201 324
203 206
218 302
224 294
229 232
230 284
230 255
230 315
232 235
253 277
255 284
284 315
