heur008_n_250_m_1045
1 138
1 139
1 142
1 147
1 148
1 87
2 198
2 78
2 39
2 117
2 136
5 203
5 96
5 170
7 247
7 186
7 210
8 203
8 96
8 170
9 165
9 172
9 155
10 219
10 59
11 227
13 237
13 242
13 243
15 88
15 129
15 67
15 46
16 227
17 203
17 96
17 170
18 227
19 227
20 203
20 96
20 170
21 227
22 33
23 108
23 245
26 31
26 159
28 140
28 72
28 80
29 31
29 159
30 241
30 244
31 159
32 66
32 75
32 55
32 135
32 163
35 140
35 72
35 80
38 130
38 131
38 134
38 127
38 174
39 78
39 198
39 117
39 136
40 178
40 187
41 140
41 72
41 80
42 68
42 71
42 73
42 74
42 145
42 60
42 63
44 132
45 195
45 188
45 183
45 104
46 67
46 129
46 88
47 58
47 116
51 164
51 235
51 99
53 164
53 235
53 99
54 164
54 235
54 99
55 135
55 163
57 193
57 168
58 116
59 219
60 145
61 164
61 235
61 99
63 145
64 164
64 235
64 99
66 135
66 163
67 129
67 88
68 145
70 208
70 249
70 189
71 145
72 140
72 80
73 145
74 145
75 135
75 163
76 176
78 198
78 117
78 136
80 140
84 169
84 171
84 173
84 175
87 138
87 139
87 142
87 147
87 148
88 129
96 203
96 170
99 164
99 235
102 143
104 195
104 188
104 183
107 232
108 245
109 143
111 229
112 236
112 246
112 239
113 144
114 233
114 158
115 229
117 198
117 136
118 229
119 229
120 143
121 150
121 223
122 143
124 232
125 143
127 174
128 149
130 174
131 174
133 149
134 174
135 163
136 198
137 204
137 151
137 153
137 154
137 156
137 157
141 230
146 200
146 185
146 180
146 191
150 223
151 204
152 177
153 204
154 204
156 204
157 204
158 233
164 235
168 193
170 203
178 187
179 190
181 250
182 184
184 192
186 247
186 210
189 208
189 249
194 250
196 250
197 201
199 250
208 249
210 247
236 246
239 246
241 244
