heur004_n_140_m_3014
1 105
2 118
3 39
3 70
3 38
4 45
5 78
5 118
6 128
6 129
6 130
6 42
6 79
6 131
7 65
7 73
7 80
8 26
8 105
8 121
9 102
9 91
9 92
9 93
9 95
9 119
9 58
9 44
9 103
9 88
10 132
10 61
10 123
10 50
10 52
11 57
11 126
12 96
12 97
12 107
12 113
12 68
13 81
13 86
13 104
14 128
14 129
14 130
14 131
14 42
14 79
15 138
15 139
15 140
15 133
15 127
15 100
15 98
16 19
16 65
16 73
16 80
17 65
17 73
18 64
18 34
18 30
19 65
19 73
19 80
20 132
20 122
20 123
20 61
20 50
20 52
21 105
21 121
21 26
22 25
22 34
23 64
23 30
24 105
24 121
25 64
25 34
25 30
26 121
27 47
27 48
27 51
27 94
28 41
29 41
31 41
34 64
36 41
37 41
38 70
39 70
42 129
42 130
42 128
42 131
43 67
43 101
43 60
44 119
44 91
44 95
44 103
45 71
47 56
50 132
50 122
50 123
50 61
50 52
52 61
57 126
58 102
58 119
58 92
60 82
60 101
61 132
61 122
62 76
62 109
62 110
62 111
62 112
63 77
65 80
67 82
67 101
68 96
68 97
68 113
69 101
72 135
74 101
75 135
76 110
76 112
78 118
79 128
79 129
79 130
79 131
81 104
82 89
82 101
83 114
83 115
83 116
84 114
84 115
84 116
85 134
86 104
87 114
88 102
88 103
88 91
88 95
90 134
90 108
91 119
91 103
92 119
93 119
93 103
95 119
98 133
98 136
98 139
98 127
99 120
100 133
100 136
100 137
100 138
100 139
100 140
100 127
100 125
102 119
103 119
105 121
106 120
108 134
128 130
