heur010_n_250_m_4507
1 96
1 87
1 234
2 96
2 87
2 234
3 152
4 131
4 125
4 54
4 105
5 96
5 87
5 234
6 152
7 152
8 152
9 133
9 134
9 135
9 138
9 141
9 145
9 84
9 198
10 36
10 39
10 40
10 51
10 61
10 156
10 223
11 96
11 87
11 234
12 152
13 152
14 174
14 226
14 42
15 174
15 226
15 42
16 205
16 161
16 29
16 58
17 205
17 161
17 29
17 58
18 174
18 226
18 42
19 205
19 161
19 29
19 58
20 174
20 226
20 42
21 205
21 161
21 29
21 58
22 121
22 114
22 122
22 212
23 205
23 161
23 29
23 58
24 174
24 226
24 42
25 174
25 226
25 42
26 155
26 143
27 155
27 143
28 155
28 143
29 161
29 205
29 58
30 224
30 129
30 210
30 214
30 216
30 218
31 155
32 117
33 117
33 120
34 100
34 95
35 117
35 120
36 156
36 223
37 221
38 150
38 221
39 156
39 223
40 156
40 223
41 221
42 226
42 174
43 221
44 221
45 115
46 227
46 110
46 231
48 115
50 98
50 79
50 80
50 81
50 82
50 97
51 156
51 223
52 130
52 127
56 165
57 111
57 113
58 161
58 205
59 228
59 229
59 232
59 236
59 245
60 78
61 156
61 223
62 165
63 165
65 165
66 162
66 76
66 157
66 158
66 159
69 119
71 119
73 193
73 167
73 168
73 169
73 173
73 175
73 144
73 182
74 192
74 197
74 188
74 190
74 191
76 162
76 157
76 158
76 159
77 102
77 211
78 178
78 183
78 184
78 185
78 186
83 163
83 164
83 166
83 170
83 172
84 133
84 134
84 135
84 138
84 141
84 145
84 198
85 187
85 230
85 154
86 187
86 230
86 154
87 234
88 187
88 230
88 154
89 187
89 230
89 154
90 102
90 211
91 102
91 211
92 195
92 196
92 199
92 200
92 202
92 108
92 124
92 176
93 102
93 211
94 102
94 211
96 234
99 225
99 219
99 220
99 222
99 151
99 116
102 211
103 208
103 201
103 203
103 207
108 195
108 196
108 199
108 200
108 202
108 176
110 227
110 231
112 160
112 153
112 204
112 241
112 140
112 189
114 212
116 225
116 151
116 219
116 220
116 222
118 171
118 179
118 180
118 181
118 215
121 212
122 212
123 179
123 180
123 181
123 215
123 171
124 195
124 196
124 199
124 200
124 202
124 176
129 224
129 210
129 214
129 216
129 218
133 198
134 198
135 198
137 206
137 194
138 198
139 206
139 194
140 160
140 204
140 153
140 189
141 198
142 165
143 155
144 193
144 167
144 168
144 169
144 173
144 175
144 182
145 198
150 221
151 225
151 219
151 220
151 222
153 204
153 241
153 189
154 230
154 187
156 223
160 204
160 241
160 189
161 205
167 193
167 182
168 193
168 182
169 193
169 182
171 179
171 180
171 181
171 215
173 193
173 182
174 226
175 193
175 182
179 215
180 215
181 215
187 230
189 204
189 241
194 206
204 241
