heur029_n_330_m_4329
3 256
3 294
5 161
5 162
10 325
10 267
11 325
11 267
13 129
14 129
17 197
19 102
20 102
21 197
23 199
23 121
31 164
35 174
36 216
36 178
39 215
40 213
40 254
42 185
42 259
42 183
43 318
43 278
44 313
44 311
44 103
46 201
51 238
52 268
53 268
54 238
56 206
60 186
63 229
64 199
64 121
65 257
65 142
66 279
67 173
69 279
71 140
74 174
75 139
82 328
83 260
85 227
86 328
87 228
87 270
89 320
89 204
90 302
90 310
90 159
91 187
93 241
94 241
95 308
97 206
98 308
101 188
103 313
103 311
107 140
110 210
110 250
110 195
113 314
114 305
114 315
117 277
117 284
120 196
120 141
120 181
121 199
122 221
122 223
122 261
123 182
124 194
130 226
130 317
130 169
131 226
131 317
131 169
132 288
135 203
137 263
141 196
142 257
148 220
148 222
151 314
155 291
155 309
155 271
159 310
159 302
169 226
169 317
177 203
181 196
183 259
185 259
195 210
195 250
204 320
212 243
217 280
219 280
223 261
226 317
236 289
236 239
239 289
240 245
246 316
246 324
262 326
267 325
271 291
277 284
286 316
286 324
291 309
316 324
