heur051_n_300_m_20122
1 178
1 145
2 272
2 226
3 250
4 235
4 255
5 243
6 276
6 207
7 183
8 264
8 227
9 153
10 160
11 200
12 151
13 214
14 206
15 209
16 222
17 262
18 223
19 147
20 250
21 197
22 160
23 164
23 221
24 284
24 280
25 281
26 270
27 149
28 243
29 270
30 249
31 257
32 209
33 174
34 238
35 237
36 237
37 158
38 199
39 267
39 269
40 261
41 282
41 188
42 229
42 175
43 169
43 275
44 217
45 261
46 273
46 194
47 199
48 148
49 219
50 153
51 179
51 155
52 177
52 256
53 174
54 189
55 217
56 238
57 147
58 190
59 246
60 214
61 183
62 219
63 249
64 287
65 184
65 198
66 240
66 165
67 293
68 277
68 247
69 171
70 233
70 254
71 190
72 200
73 260
74 285
74 212
75 281
76 300
76 187
77 299
77 239
78 298
78 196
79 201
79 258
80 151
81 234
82 189
83 292
84 203
85 246
86 173
87 218
88 144
89 166
90 252
91 206
92 156
92 232
93 182
93 213
94 170
94 248
95 150
95 271
96 149
97 292
98 294
98 225
99 171
100 262
101 154
102 283
103 167
103 152
104 283
105 185
105 180
106 148
107 163
107 296
108 204
108 295
109 252
110 203
111 265
111 186
112 218
113 197
114 211
114 268
115 231
116 223
117 231
118 144
119 253
120 259
120 172
121 234
122 293
123 257
124 205
124 215
125 158
126 220
126 236
127 210
127 274
128 245
128 266
129 159
129 168
130 288
130 191
131 228
131 241
132 195
132 161
133 166
134 154
135 253
136 192
136 263
137 287
138 157
139 173
140 146
140 208
141 176
141 193
142 162
142 278
143 222
150 271
157 289
162 278
163 296
169 275
181 279
187 300
188 282
191 288
194 273
196 298
202 290
204 295
207 276
210 274
211 268
212 285
216 297
224 286
225 294
226 272
228 241
230 279
239 299
242 297
244 286
247 277
251 290
260 291
267 269
280 284
