heur051_n_300_m_20122
1 236
2 281
2 300
3 255
4 265
6 279
6 234
7 179
7 150
8 249
9 160
10 220
11 145
13 146
13 299
14 215
14 278
15 221
16 160
19 237
21 238
21 205
22 199
26 249
27 274
28 231
30 207
31 211
31 266
32 263
34 192
35 264
37 261
39 190
39 151
40 244
41 144
42 149
45 298
46 235
46 233
47 239
47 214
48 200
49 145
50 292
51 232
51 245
53 274
54 213
55 187
58 149
59 105
60 253
60 156
61 237
62 261
63 177
64 241
65 138
66 144
67 276
68 68
68 212
69 243
70 187
71 207
72 188
73 226
73 166
74 216
74 258
75 159
77 162
77 290
78 155
78 212
80 192
82 178
83 164
84 273
86 204
87 256
87 242
89 188
90 184
93 288
96 221
97 248
100 201
103 199
104 240
104 277
106 169
106 185
107 147
109 263
110 229
111 178
112 209
112 196
113 236
114 181
114 282
115 231
116 208
116 197
118 264
119 159
120 288
120 201
122 200
125 193
127 269
128 153
128 225
129 267
131 155
131 293
132 243
133 152
133 173
134 244
135 204
136 268
136 182
137 171
137 251
139 292
140 198
140 228
142 184
143 296
143 168
146 299
147 276
155 293
161 283
162 290
163 294
163 298
164 289
165 295
168 296
176 280
176 284
181 282
182 268
183 295
215 278
229 291
230 286
234 279
240 277
246 273
250 272
252 267
280 284
