heur049_n_300_m_17695
1 16
1 116
2 99
2 75
2 152
3 249
3 98
4 47
4 181
5 29
5 108
5 297
6 300
6 116
7 72
7 128
8 163
9 30
9 101
9 236
9 63
11 220
12 64
12 51
12 156
13 129
14 159
14 290
14 117
14 158
15 173
15 36
16 300
17 276
17 259
18 107
18 257
18 192
19 126
19 78
19 227
19 168
20 111
20 237
20 286
21 85
21 232
21 136
21 73
22 299
22 242
23 65
23 250
23 271
23 260
24 237
25 71
26 49
26 163
27 263
28 80
28 82
28 102
28 228
29 108
29 297
30 101
30 236
31 266
31 148
31 197
32 212
33 229
33 131
33 226
34 133
34 198
34 105
35 275
35 103
35 242
36 235
36 251
36 173
37 110
37 100
38 297
39 162
39 298
39 241
39 104
40 76
40 268
41 148
41 266
41 197
42 188
42 190
42 292
42 120
43 291
43 264
44 86
44 128
45 273
45 287
46 97
46 243
48 76
48 268
49 163
49 203
49 248
50 93
50 202
50 295
50 182
51 146
51 156
52 238
52 270
52 281
52 279
53 97
53 132
53 243
54 233
54 207
54 185
56 206
56 247
56 144
56 106
57 212
58 262
58 127
58 201
58 90
60 230
61 255
61 223
61 161
62 275
62 213
63 101
63 236
64 146
64 156
65 271
65 260
65 189
66 212
67 190
67 109
67 178
67 199
68 276
68 259
69 276
69 259
70 77
70 215
70 94
71 267
71 277
71 274
72 86
73 85
73 232
74 255
74 223
75 152
77 215
77 134
78 126
78 227
78 168
79 282
79 124
79 121
80 228
81 249
83 83
83 193
83 294
84 280
84 246
84 153
85 232
85 136
86 128
88 170
88 166
89 210
89 191
89 265
90 127
90 262
90 201
91 221
91 220
92 135
92 176
92 231
92 289
93 202
93 182
94 215
94 134
95 177
96 155
96 169
96 171
96 278
97 243
98 249
100 139
100 261
101 236
102 228
102 240
104 162
104 241
104 298
105 198
106 144
106 206
107 257
107 143
107 192
108 297
109 145
109 178
109 199
110 139
110 261
111 237
112 294
112 193
112 272
113 239
114 170
114 166
115 133
117 205
117 296
118 221
118 220
119 150
119 194
120 128
120 188
120 292
121 282
121 224
122 284
123 268
124 282
125 180
125 254
126 168
127 262
127 201
129 289
129 214
130 166
131 229
131 197
131 226
132 243
133 198
135 231
136 232
137 180
137 254
138 230
139 261
140 239
140 164
140 219
141 216
141 234
141 208
142 256
142 287
143 257
143 192
144 247
145 178
145 199
147 215
147 229
147 226
148 266
148 197
149 264
149 291
149 235
150 167
150 245
151 177
153 258
153 246
154 185
154 233
155 169
155 171
155 278
157 179
157 225
157 183
158 235
158 285
158 290
159 285
159 290
160 264
161 255
161 223
162 298
162 241
174 293
182 295
184 211
188 292
190 292
193 294
195 299
204 299
205 293
205 296
211 218
263 263
264 291
272 272
272 294
