heur049_n_300_m_17695
1 222
1 101
1 177
2 72
2 110
2 275
2 241
2 216
3 209
3 43
3 264
3 140
3 125
4 245
4 122
4 33
4 83
5 279
5 201
5 115
5 202
7 60
8 92
8 111
9 225
9 199
9 235
9 60
10 106
10 278
10 142
10 161
11 39
11 160
11 63
12 224
13 272
13 99
13 133
13 104
14 30
14 130
15 28
16 77
16 69
17 207
17 157
17 290
17 114
17 287
18 208
19 290
19 157
19 207
19 114
19 287
20 252
20 187
20 121
20 249
20 243
21 237
21 93
22 160
22 39
22 232
22 63
23 77
23 178
23 69
23 262
24 167
24 46
24 47
24 51
24 55
25 237
25 93
26 92
27 246
27 146
29 251
29 299
29 266
30 130
31 289
31 159
31 129
31 197
32 86
32 298
32 76
33 122
33 245
34 281
34 171
35 168
35 253
35 206
36 95
36 212
37 97
37 233
37 254
38 281
38 171
39 232
39 160
40 108
40 183
41 86
41 298
41 76
42 108
42 183
43 264
43 209
43 294
43 292
44 54
44 277
44 210
45 169
45 221
45 234
45 172
46 167
47 167
48 276
48 231
48 61
49 169
49 234
49 172
49 221
50 254
50 97
50 233
51 167
52 158
52 174
52 124
53 79
53 247
53 132
53 128
53 236
54 277
54 141
54 210
55 167
56 171
56 281
57 255
57 118
57 184
58 206
58 168
59 107
59 109
59 239
60 225
60 198
60 199
60 235
60 248
60 173
61 276
61 231
61 127
62 180
62 244
62 117
62 154
63 232
64 88
64 131
64 200
65 117
65 180
65 244
65 154
66 256
66 113
66 181
66 214
67 205
67 78
67 182
68 184
68 255
68 118
69 77
69 178
69 262
70 260
70 170
70 119
71 277
71 210
72 275
72 241
72 110
72 216
73 180
73 154
75 81
75 196
75 103
76 298
77 178
77 262
78 150
78 205
78 182
79 247
79 128
80 273
80 190
80 230
80 282
81 196
82 170
82 260
83 122
83 245
84 267
84 138
85 147
85 270
85 268
86 298
87 138
88 131
88 200
89 268
89 270
90 135
90 155
90 165
90 300
90 283
91 295
91 297
91 274
92 191
93 237
94 257
95 212
95 144
95 156
96 153
96 227
97 136
97 233
97 254
98 145
98 149
98 263
98 137
99 272
100 179
100 242
100 193
100 203
101 213
101 222
101 177
102 246
102 146
103 196
104 272
105 227
106 278
106 142
106 296
106 161
107 239
107 204
108 183
109 239
109 204
110 241
110 275
111 191
112 271
112 143
112 151
113 181
113 256
113 214
113 134
114 290
114 207
114 287
115 202
116 165
116 283
117 244
117 180
117 154
118 255
118 184
119 260
119 170
120 179
120 193
120 242
120 203
121 252
121 187
121 243
122 245
123 180
123 244
125 294
126 163
126 228
126 293
127 231
127 276
128 247
129 289
129 197
131 200
132 247
132 236
133 272
134 181
134 214
135 165
135 283
136 254
136 233
137 263
138 267
139 265
140 264
140 294
140 292
141 277
141 210
142 278
142 296
142 223
143 229
143 271
144 212
145 263
146 246
147 270
147 268
148 234
148 221
148 169
148 172
149 263
150 205
150 182
151 271
151 229
152 175
152 291
155 165
155 300
155 283
156 212
157 207
157 290
157 287
158 174
159 289
159 197
160 232
161 296
161 223
162 175
162 291
162 218
163 293
165 300
166 295
166 297
175 291
177 222
180 244
188 295
188 297
198 225
209 264
209 294
209 292
218 291
219 224
223 296
228 293
258 285
264 294
264 292
266 299
274 297
274 295
278 296
283 300
