heur051_n_300_m_20122
1 265
1 186
2 270
3 249
4 235
5 230
6 276
6 207
6 261
7 144
8 264
8 227
8 165
9 251
9 145
10 230
11 217
12 151
13 148
13 243
14 188
15 209
15 155
16 222
17 262
18 231
19 166
20 219
21 197
22 150
23 164
23 221
24 280
26 195
28 150
29 270
30 296
31 153
32 257
32 228
33 174
34 230
35 237
36 72
37 158
38 186
38 265
39 267
39 269
39 226
41 212
42 229
43 275
44 234
45 202
45 290
45 175
46 273
46 200
46 281
47 270
48 148
48 243
49 195
50 153
51 189
52 177
52 240
52 181
53 174
53 205
53 190
54 189
55 217
56 238
56 295
57 147
58 296
59 246
60 214
61 234
62 219
63 258
64 287
65 184
65 198
67 293
68 262
69 194
69 300
70 233
70 254
71 187
71 185
72 180
73 260
74 203
76 300
76 194
77 299
77 239
77 245
78 298
78 196
79 201
79 250
80 151
81 262
82 189
83 292
84 203
85 246
86 173
88 262
89 166
90 258
91 188
92 156
92 149
93 213
93 182
93 159
94 170
94 248
95 271
97 292
98 294
98 225
99 171
100 262
101 154
102 283
103 167
103 152
103 232
103 268
104 283
106 282
107 291
108 204
110 266
111 265
111 186
113 260
114 211
115 231
116 144
117 276
117 207
117 261
118 144
119 253
120 259
120 172
121 234
122 293
123 257
123 228
124 215
125 158
126 205
126 174
126 190
127 210
127 274
128 266
130 282
131 241
132 195
133 166
134 162
134 278
135 253
136 192
136 263
136 256
136 297
136 247
137 276
137 207
137 261
138 157
138 169
139 173
140 235
141 176
141 193
142 292
143 222
157 289
160 218
161 272
162 278
167 268
168 286
169 289
175 290
191 288
192 297
194 300
196 298
200 273
200 281
202 290
207 276
208 288
210 274
212 285
224 286
225 294
226 269
238 295
239 299
244 286
245 299
247 297
252 288
256 297
260 291
261 276
263 297
267 269
