heur049_n_300_m_17695
7 296
11 260
12 225
12 289
12 280
16 271
16 164
20 33
20 37
20 52
20 51
26 269
26 274
31 122
33 34
35 122
42 141
42 144
46 122
54 124
58 124
59 80
60 102
60 80
64 81
65 102
65 77
65 78
65 80
65 83
66 124
76 164
76 181
76 169
76 290
77 145
77 137
78 146
78 137
79 131
79 136
79 127
80 145
80 146
83 145
83 137
87 264
87 176
87 278
98 204
98 175
102 145
102 146
106 264
106 265
106 267
106 176
106 272
106 194
106 278
110 288
110 239
110 191
116 161
148 300
163 256
176 278
180 226
180 285
192 299
194 263
197 299
202 277
209 224
214 237
226 298
242 299
259 278
265 278
277 299
285 298
