heur051_n_300_m_20122
2 228
3 168
4 215
4 288
6 228
7 261
8 241
9 188
10 193
11 226
12 251
18 246
22 293
23 159
23 296
27 279
31 207
32 161
33 299
36 281
39 199
42 192
43 282
44 233
45 212
46 149
46 230
49 164
50 244
58 149
70 222
75 207
77 246
78 144
79 207
80 255
90 276
91 204
94 243
95 229
96 264
96 292
101 191
102 297
103 290
103 270
105 257
105 249
109 198
110 257
110 160
118 283
119 177
122 233
123 169
124 190
126 272
130 181
132 166
134 222
137 154
137 184
142 213
143 225
145 291
154 290
163 285
164 280
164 275
170 290
227 292
238 298
243 279
246 277
262 289
