heur050_n_300_m_19207
2 80
2 48
3 294
7 265
8 156
14 49
28 150
42 119
44 139
45 290
47 112
49 147
51 170
52 217
53 146
55 239
59 209
59 193
65 143
67 258
69 109
71 282
72 292
73 288
74 280
75 293
77 273
78 117
82 103
90 201
91 191
93 205
97 166
98 141
99 277
100 234
101 267
102 289
107 137
112 218
112 230
112 267
113 287
114 269
115 300
116 212
116 135
119 229
126 198
128 203
130 145
132 223
138 275
146 211
151 245
152 274
153 259
169 266
173 259
187 220
192 266
195 209
208 300
220 254
221 293
226 246
226 257
242 273
248 300
251 297
260 298
261 297
268 285
276 286
279 285
