heur049_n_300_m_17695
2 245
3 107
4 165
6 58
8 132
9 97
9 275
10 82
10 260
11 153
14 239
16 131
19 299
23 100
23 148
24 122
27 195
28 79
31 288
31 136
32 130
33 153
34 177
35 198
37 208
42 82
42 78
46 169
49 112
50 88
51 224
52 238
55 267
57 266
57 135
63 112
64 241
67 243
68 153
68 250
70 101
71 212
72 168
73 219
74 229
74 119
75 259
75 266
76 298
80 187
81 193
84 212
85 247
85 276
88 126
90 235
92 139
96 196
96 204
102 277
107 192
110 192
113 252
113 207
117 294
117 170
120 225
120 223
125 166
127 244
128 277
132 161
133 179
137 281
139 252
140 226
150 227
154 198
154 251
157 191
157 201
160 247
172 291
202 298
210 296
