heur042_n_300_m_5764
1 211
2 280
2 263
3 130
3 60
4 49
4 199
5 152
5 92
6 228
6 28
7 166
7 165
8 131
8 171
9 79
10 235
11 249
11 292
12 187
12 254
13 209
13 47
14 26
14 102
15 194
15 282
16 233
17 288
17 39
18 100
19 103
19 196
20 217
21 141
21 98
22 101
23 119
23 77
24 219
24 91
25 250
25 63
26 102
27 287
27 86
28 228
29 79
30 90
31 111
31 67
32 124
32 93
33 193
33 206
34 202
34 236
35 271
35 36
36 271
37 74
38 48
39 288
40 195
40 80
41 157
41 300
42 266
42 201
43 283
43 185
44 203
44 257
45 299
45 46
46 299
47 209
49 199
50 68
51 147
52 128
52 294
53 108
54 75
54 105
55 269
56 204
56 179
57 133
57 114
58 276
58 96
59 76
59 198
60 130
61 146
61 270
62 191
62 180
63 250
64 94
64 268
65 123
65 95
66 233
67 111
69 273
69 142
70 274
70 224
71 112
71 244
72 260
72 190
73 161
73 121
75 105
76 198
77 119
78 175
78 168
80 195
81 89
81 177
82 211
83 253
83 167
84 108
85 231
85 170
86 287
87 178
88 184
88 210
89 177
90 239
91 219
92 152
93 124
94 268
95 123
96 276
97 286
97 126
98 141
99 110
99 138
100 251
101 237
103 196
104 255
104 230
106 214
106 139
107 259
107 172
109 163
109 150
113 162
113 246
114 133
115 192
115 213
116 186
116 293
117 264
117 205
118 297
118 240
120 265
120 207
121 161
122 127
125 145
125 153
127 183
128 294
129 169
129 197
131 171
132 281
132 232
134 156
135 256
135 137
136 217
140 272
140 181
142 273
143 245
144 225
145 153
146 270
147 284
148 188
148 149
149 188
150 163
151 235
154 234
155 229
156 277
157 300
158 218
158 267
159 173
159 215
160 275
160 220
162 246
164 222
164 279
165 166
167 253
168 175
170 231
172 259
173 215
174 289
174 212
176 243
176 252
178 241
179 204
180 191
181 272
182 247
182 291
184 210
185 283
186 293
187 254
189 208
190 260
192 213
193 206
194 282
200 238
200 298
201 266
202 236
203 257
205 264
207 265
208 221
212 289
216 296
216 290
222 279
223 229
224 274
226 269
227 278
227 242
230 255
232 281
240 297
242 278
243 252
247 291
248 261
249 292
258 262
258 285
261 295
262 285
263 280
290 296
