heur006_n_180_m_6067
1 170
1 46
1 54
1 90
1 95
2 71
2 152
2 154
2 24
2 59
3 167
3 55
3 106
3 98
4 142
4 180
4 146
4 120
4 99
4 140
5 133
5 52
5 159
6 132
6 92
7 116
7 174
7 134
7 67
8 121
8 31
8 126
8 104
8 51
9 105
9 60
9 156
9 93
9 91
9 177
10 28
10 103
10 63
10 139
10 125
11 159
11 112
11 133
11 52
12 138
12 49
12 68
12 79
13 150
13 66
13 57
13 124
14 154
14 152
15 159
15 52
15 133
15 112
16 155
16 113
16 100
16 135
16 61
17 119
17 143
17 74
17 101
17 128
17 107
18 65
18 86
18 38
18 123
18 69
18 56
19 123
19 69
19 65
19 56
19 38
20 48
20 149
20 130
20 22
20 58
21 32
21 25
21 70
21 97
21 175
22 58
22 130
22 149
23 166
23 75
23 102
23 141
24 71
24 154
24 152
25 87
25 175
26 109
26 132
26 171
27 170
27 90
27 54
28 103
28 63
28 139
28 76
28 125
29 109
29 171
29 132
30 137
30 64
30 41
30 96
31 88
31 126
31 104
32 175
32 97
32 70
32 87
33 72
33 157
33 111
33 131
33 89
34 44
34 148
34 178
34 77
35 129
35 42
35 160
35 158
36 75
36 141
36 166
36 102
37 75
37 102
37 141
37 166
38 56
38 86
38 65
38 69
39 50
39 114
39 163
39 144
39 117
39 164
40 167
40 98
41 96
41 137
42 158
42 168
42 160
42 129
43 176
43 165
44 80
44 77
44 148
45 118
45 165
45 85
46 170
47 149
47 130
48 130
48 149
49 79
49 138
50 164
50 144
50 163
50 117
51 104
51 126
51 88
51 121
52 159
53 129
53 158
53 160
53 168
54 170
54 95
54 90
55 167
55 172
55 98
56 86
56 123
57 147
57 115
57 124
57 150
58 149
58 130
59 152
59 154
60 91
60 93
60 156
60 177
61 155
61 135
62 169
62 83
62 82
62 136
63 103
63 139
63 125
63 76
64 96
65 86
66 150
66 124
66 147
67 151
67 134
68 145
68 138
69 123
70 87
71 154
71 152
72 131
72 111
72 157
72 78
72 89
73 165
73 85
74 101
74 119
74 143
75 166
75 141
75 102
76 125
76 139
76 103
77 94
77 178
78 111
79 145
80 94
80 178
81 122
81 127
81 162
81 161
81 173
81 179
82 169
82 136
82 110
82 108
83 110
83 108
83 169
84 138
84 145
85 118
85 165
87 97
88 104
88 121
89 131
89 157
89 111
90 170
91 156
91 105
92 132
93 105
93 156
94 148
95 170
96 137
98 167
98 172
99 146
99 140
100 135
100 155
101 143
101 128
102 141
102 166
103 139
103 125
104 126
105 177
105 156
106 172
106 167
107 143
107 128
108 169
108 136
109 132
109 171
110 169
110 136
111 131
111 157
112 159
112 133
113 135
113 155
114 163
115 150
115 147
115 124
116 153
116 134
116 174
116 151
117 144
117 164
117 163
118 165
119 128
119 143
120 140
120 146
120 180
121 126
122 173
122 162
122 127
122 179
122 161
124 150
125 139
127 161
127 179
127 173
131 157
132 171
133 159
134 151
134 153
135 155
138 145
140 180
140 146
142 180
144 164
147 150
148 178
151 174
153 174
156 177
161 173
162 179
162 173
165 176
