heur007_n_200_m_6731
1 84
1 31
2 33
3 61
4 193
4 164
5 75
6 162
7 161
8 141
9 133
9 200
10 30
12 143
13 69
14 93
15 39
15 86
16 199
16 82
17 120
17 104
18 143
19 97
20 77
21 194
21 107
22 76
23 43
23 148
24 77
25 99
26 163
26 63
27 196
28 93
29 87
30 90
31 84
32 162
33 179
34 151
34 73
35 75
36 152
37 125
37 167
38 140
39 86
40 140
41 134
41 157
42 178
42 55
43 148
44 152
45 70
45 139
46 114
46 135
47 175
47 81
48 190
48 169
49 128
50 68
50 174
51 129
51 91
52 144
52 95
53 101
54 186
54 113
55 178
56 195
57 69
58 124
58 67
59 94
59 155
60 116
61 109
62 65
62 172
63 163
65 172
66 122
66 159
67 124
70 139
71 146
72 191
72 100
73 151
74 158
78 126
78 147
79 138
79 150
80 158
81 175
82 199
83 128
85 117
85 182
87 96
88 145
88 181
89 142
89 119
92 195
94 155
95 144
97 171
98 168
99 187
101 176
102 131
102 188
103 166
103 127
104 120
105 137
106 141
107 194
108 137
110 123
110 154
111 197
112 177
112 149
113 186
114 135
115 153
115 184
116 132
117 182
118 156
119 142
121 183
121 160
122 159
123 154
125 167
126 147
127 166
130 196
131 188
133 200
134 157
136 197
138 150
145 181
146 165
149 177
153 184
156 185
160 183
161 170
164 193
168 192
169 190
180 189
180 198
