heur012_n_250_m_20035
1 115
1 101
2 168
2 117
2 37
3 106
4 54
5 166
5 108
6 65
6 165
6 102
7 106
9 54
10 107
10 123
10 157
10 32
11 43
11 72
11 92
11 120
11 153
12 106
13 65
13 165
13 102
14 36
14 104
15 101
15 115
16 101
16 115
17 51
17 62
18 54
19 108
19 166
19 34
20 119
20 121
20 82
21 44
21 169
22 91
22 73
22 50
22 192
22 35
23 116
23 64
23 42
24 118
24 173
24 49
25 154
25 30
26 75
26 174
26 241
26 103
27 68
27 219
27 225
27 207
27 114
27 74
28 248
28 54
28 235
29 200
29 245
29 59
30 239
30 187
30 180
30 154
30 142
31 107
31 157
31 123
31 206
32 123
32 157
32 206
32 107
33 143
33 231
33 196
33 209
33 132
34 108
34 166
34 56
34 222
35 236
35 192
35 73
36 230
36 60
36 176
36 104
36 215
37 117
37 178
37 168
37 130
38 109
38 184
38 125
38 201
38 63
39 141
39 242
39 234
39 211
39 135
39 128
40 156
40 111
40 250
40 246
40 237
40 127
41 55
41 243
41 159
41 185
41 204
42 144
42 116
42 136
42 64
43 226
43 153
43 120
43 72
44 249
44 169
44 179
45 132
45 231
45 143
45 196
46 249
46 179
46 169
47 164
47 139
48 201
48 63
48 184
48 125
48 109
49 173
49 126
49 52
49 118
49 228
50 73
50 192
50 236
51 85
51 218
51 203
53 84
53 95
53 80
55 78
55 204
56 222
56 166
57 89
57 99
57 93
58 77
58 86
59 200
59 79
60 215
61 83
61 224
62 85
62 218
62 203
63 201
63 184
64 76
66 85
66 203
66 218
67 95
67 80
67 84
68 207
68 219
69 86
69 77
70 84
70 95
70 80
71 224
71 83
72 92
73 236
73 91
74 219
74 225
74 207
75 81
75 90
76 116
77 161
77 155
78 185
81 174
81 103
82 193
82 119
83 122
83 160
85 203
86 161
86 155
87 170
87 244
87 113
88 105
88 189
88 247
89 182
90 103
90 174
90 241
92 120
93 240
93 229
93 182
94 121
94 193
94 119
96 197
96 106
97 164
98 247
98 105
99 229
99 240
100 169
101 138
101 137
102 238
102 149
103 241
104 215
104 176
105 233
106 194
107 206
108 222
109 201
109 184
110 195
110 171
110 202
110 145
111 127
112 217
112 220
112 191
113 199
113 129
113 214
114 225
114 219
114 207
115 138
115 137
116 136
116 144
117 178
117 130
117 221
118 228
119 193
119 133
121 193
121 133
122 224
123 206
124 188
124 205
124 150
124 213
125 201
125 184
126 173
127 156
129 170
130 168
131 160
134 162
134 167
139 151
139 164
142 154
145 171
146 163
146 152
148 163
148 152
149 165
150 158
150 172
151 208
151 212
152 210
152 216
154 180
154 187
154 239
155 227
157 206
158 213
158 205
159 204
160 224
161 227
162 217
162 220
163 216
163 210
163 183
164 212
164 208
165 238
166 222
167 220
167 191
167 217
168 221
169 249
169 179
170 214
170 244
171 195
171 232
171 202
172 205
173 228
174 241
175 202
175 232
177 223
181 223
185 204
186 247
189 247
190 223
192 236
195 202
195 232
198 223
