heur024_n_329_m_27115
1 165
2 34
4 321
5 251
7 216
9 129
10 303
11 43
12 323
13 308
14 136
15 259
17 61
18 79
22 283
24 62
26 237
27 217
29 82
30 35
31 64
33 117
36 238
39 63
40 132
41 81
42 328
44 185
45 306
48 175
49 90
51 130
53 312
54 296
56 272
57 104
58 72
65 145
66 135
68 252
73 310
74 223
75 138
76 77
80 179
84 269
88 199
89 260
94 137
95 243
96 197
99 248
102 218
103 274
105 257
110 215
111 141
114 255
115 292
116 324
119 265
121 122
123 325
124 273
125 184
126 320
128 147
133 166
134 242
140 277
143 201
144 161
148 191
150 177
152 322
153 294
156 266
157 213
158 186
159 196
160 316
163 278
164 233
167 285
168 194
170 286
171 212
172 192
173 245
176 219
180 249
182 305
183 304
187 253
188 256
189 293
190 198
195 247
200 211
202 280
204 329
206 302
208 231
209 297
222 291
225 315
226 289
227 262
228 240
229 276
230 319
232 298
234 287
235 311
239 281
241 261
254 307
258 318
264 301
275 299
284 295
300 327
