heur039_n_361_m_13593
1 160
1 304
2 293
2 103
3 351
3 22
4 231
4 237
5 40
5 58
6 150
6 308
7 215
7 9
8 163
8 344
9 215
10 62
10 140
11 131
11 100
12 181
12 122
13 233
13 264
14 327
15 283
17 257
17 220
18 69
18 355
19 67
19 137
20 112
20 204
21 201
21 89
22 351
23 228
23 339
24 263
24 123
26 227
26 53
27 357
27 189
28 337
28 322
29 48
30 356
30 133
31 148
31 184
32 170
32 272
33 313
33 288
34 109
34 208
35 111
35 71
36 135
36 271
37 95
37 251
38 145
38 301
39 294
39 309
40 58
41 285
42 195
42 155
43 324
43 176
44 317
44 147
45 318
45 336
46 102
47 77
47 311
48 85
49 200
49 260
50 76
50 187
51 325
51 266
52 54
53 227
54 190
55 168
55 352
56 278
57 295
57 265
59 188
59 206
60 66
60 298
61 361
62 140
63 129
63 81
64 105
64 94
65 278
66 298
67 137
68 124
68 126
69 355
70 338
71 111
72 310
72 169
73 182
73 291
74 253
74 235
75 216
75 132
76 187
77 311
78 114
79 321
79 277
80 192
80 221
81 129
82 328
82 177
83 349
84 359
84 183
86 244
86 274
88 178
89 201
90 186
90 175
91 202
91 230
92 338
93 107
95 251
96 299
96 335
97 157
97 296
98 218
98 262
99 300
100 131
101 116
102 171
104 223
104 302
106 249
106 153
107 156
108 178
110 141
112 204
113 128
113 290
114 276
115 179
115 172
116 275
117 297
117 258
118 361
119 139
119 196
120 226
120 284
121 306
121 286
122 181
123 263
124 126
125 159
125 214
127 312
127 162
128 290
130 209
130 213
132 216
133 356
134 315
136 246
136 149
138 287
138 211
139 196
141 164
142 285
143 268
143 154
144 270
144 254
145 301
146 303
146 267
147 317
148 184
149 246
151 283
152 194
152 224
153 249
154 268
155 195
157 296
159 214
160 304
161 173
161 210
162 312
163 344
165 193
165 259
167 238
168 352
169 310
170 272
172 179
174 348
175 186
180 327
182 291
183 359
185 243
185 332
188 206
189 357
191 207
191 248
192 221
193 259
194 224
197 320
199 346
199 340
200 260
202 230
205 281
205 261
207 248
217 329
217 316
218 262
219 239
222 358
222 319
223 302
225 236
225 240
226 284
229 354
229 342
232 326
232 331
233 264
234 241
234 333
238 256
239 347
242 320
243 332
244 274
250 360
250 279
252 315
254 270
255 323
255 341
258 297
261 281
265 295
266 325
267 303
269 348
273 307
273 305
277 321
279 360
280 345
282 334
286 306
288 313
289 350
292 350
294 309
299 335
300 353
314 334
316 329
318 336
319 358
322 337
323 341
326 331
330 345
340 346
342 354
343 349
