heur010_n_250_m_4507
1 49
1 167
1 64
1 176
1 42
2 36
2 197
2 65
2 215
2 157
3 211
3 192
3 56
3 35
4 144
4 160
4 46
4 76
5 216
5 78
5 205
5 183
5 62
6 210
6 28
6 32
6 165
6 99
7 166
7 106
7 235
7 191
7 140
8 40
8 122
8 126
8 91
8 47
9 56
9 35
9 211
9 192
10 238
10 119
10 127
10 96
10 136
11 50
11 228
11 79
11 67
11 58
12 34
12 57
12 185
13 52
13 124
13 151
13 85
14 185
14 57
14 34
15 89
15 134
15 250
15 239
15 150
16 200
16 163
16 123
16 194
16 108
17 52
17 151
17 124
17 85
18 246
18 43
18 53
18 189
18 70
19 169
19 81
19 61
19 45
20 162
20 145
20 223
20 227
20 95
21 128
21 38
21 112
21 33
22 184
22 198
22 146
22 224
22 63
23 33
23 128
23 112
23 38
24 161
24 72
24 218
24 59
24 54
25 169
25 81
25 61
25 45
26 209
26 240
26 177
26 138
26 174
27 115
27 111
27 237
27 203
27 233
28 99
28 165
28 210
29 116
29 202
29 90
29 114
30 225
30 74
30 229
30 98
30 226
31 107
31 220
31 207
31 73
31 75
32 165
32 210
32 99
33 112
33 128
34 57
34 185
35 56
35 211
36 215
36 197
36 157
36 65
37 125
37 102
37 195
37 84
37 103
38 128
39 147
39 208
39 88
40 91
40 122
41 82
41 204
41 118
41 156
41 186
42 64
42 176
42 167
43 246
43 70
43 189
44 147
44 88
44 208
45 169
45 61
45 81
46 160
46 76
46 144
47 126
47 91
48 80
48 110
48 93
48 179
48 55
49 176
49 167
49 64
50 58
50 79
50 228
50 67
51 202
51 116
51 90
52 124
52 85
52 151
53 189
53 246
54 161
54 218
55 80
55 93
55 179
56 192
56 211
57 185
58 79
59 161
59 218
60 170
60 181
60 132
60 100
61 81
61 169
62 216
62 78
62 183
62 205
63 198
63 184
63 224
63 146
64 167
64 176
65 215
65 197
65 157
66 187
66 212
66 164
66 159
66 190
67 228
67 79
68 247
68 206
68 101
68 193
68 154
69 245
69 221
69 199
70 189
70 246
71 199
71 245
71 221
72 161
72 218
73 220
73 207
74 98
74 225
74 229
74 226
75 107
75 207
75 220
76 144
76 160
77 217
77 182
77 109
78 216
78 205
78 183
79 228
80 179
80 110
81 169
82 204
82 156
82 118
82 186
83 217
83 109
83 182
84 103
84 195
84 125
84 102
85 151
85 124
86 175
86 219
86 243
86 148
86 135
87 241
87 222
87 231
87 232
87 152
88 147
88 208
88 117
89 239
89 250
89 150
89 134
90 114
90 202
90 116
91 126
91 122
92 141
92 234
92 142
92 178
93 179
93 110
94 178
94 141
94 234
94 142
95 162
95 223
95 227
95 145
96 119
96 238
96 127
96 136
97 217
97 182
97 109
98 225
98 229
98 226
99 165
99 210
100 170
100 181
100 230
100 132
101 206
101 154
101 247
101 193
102 195
103 195
104 168
104 143
104 244
104 131
104 139
105 172
105 196
105 158
105 201
106 191
106 166
106 235
107 207
107 220
108 163
108 194
108 200
109 217
109 182
110 179
111 233
111 203
111 237
112 128
113 248
113 180
113 173
113 249
114 202
115 203
115 233
115 237
116 202
117 208
117 147
118 156
118 204
118 186
119 136
119 238
119 127
120 172
120 158
120 196
120 201
121 188
121 153
121 133
121 242
121 214
123 194
123 163
123 200
124 151
125 195
127 238
129 221
129 245
129 199
130 248
130 249
130 173
130 180
131 168
131 244
132 170
132 230
132 181
133 153
133 242
133 188
133 214
134 250
134 239
135 243
135 219
135 175
136 238
137 213
137 155
137 171
138 174
138 240
138 209
138 177
139 168
139 244
140 235
140 191
140 166
141 178
141 234
142 178
142 234
143 244
143 168
144 160
145 227
145 223
145 162
146 224
146 184
146 198
147 208
148 243
148 219
148 175
149 213
149 171
149 155
150 250
150 239
152 231
152 241
152 222
152 232
153 214
153 242
153 188
154 247
154 206
154 193
155 236
155 213
156 204
156 186
157 215
157 197
158 196
158 201
159 190
159 187
159 212
161 218
162 227
162 223
163 200
163 194
164 212
164 190
164 187
165 210
166 191
166 235
167 176
168 244
170 181
170 230
171 236
171 213
172 196
172 201
173 248
173 249
173 180
174 177
174 209
174 240
175 219
175 243
177 240
177 209
178 234
180 248
181 230
182 217
183 205
183 216
184 224
186 204
187 212
188 214
188 242
189 246
190 212
191 235
192 211
193 247
193 206
196 201
197 215
198 224
199 221
199 245
203 237
203 233
206 247
209 240
213 236
214 242
219 243
221 245
222 232
222 241
222 231
223 227
225 229
225 226
231 241
