heur005_n_160_m_4015
1 139
1 80
2 66
2 93
3 36
4 34
5 145
6 24
7 92
7 69
8 119
8 135
9 74
9 25
10 38
10 72
11 21
11 79
12 122
12 75
13 123
13 49
14 111
14 159
15 131
15 53
16 155
17 34
18 150
18 117
19 115
19 56
20 145
21 79
22 155
23 81
23 32
24 107
25 74
26 31
26 142
27 68
27 120
28 98
28 116
29 106
30 104
31 142
33 146
33 128
35 124
35 65
36 105
37 114
37 63
38 72
39 96
39 73
40 106
41 70
41 141
42 112
42 67
43 149
43 54
44 64
45 125
45 95
46 129
46 118
47 77
47 137
48 64
49 123
50 82
50 154
51 132
51 61
52 151
52 127
53 131
54 149
55 136
55 85
56 115
57 94
58 157
58 147
59 89
60 89
62 152
62 99
63 114
65 124
67 112
68 120
70 141
71 143
71 121
73 96
75 122
76 156
77 137
78 102
80 139
82 154
83 102
84 101
85 136
86 100
87 153
87 126
88 101
90 160
91 104
95 125
97 109
98 116
100 144
103 158
103 113
108 134
108 110
109 133
110 134
111 159
113 158
117 150
118 129
119 135
121 143
126 153
128 146
130 138
130 140
147 157
148 156
