heur031_n_330_m_7270
1 213
1 268
2 135
3 325
3 246
5 93
6 279
6 250
8 167
8 162
10 316
10 161
11 71
11 106
12 159
12 245
13 327
14 44
14 31
15 134
16 327
18 229
18 116
19 119
19 292
20 90
20 255
21 93
22 56
22 154
23 204
24 153
25 276
25 260
26 123
26 183
27 128
27 138
28 153
29 244
29 137
30 103
30 314
32 89
33 267
33 295
34 140
34 261
35 181
35 170
37 234
37 226
38 249
38 147
39 97
39 112
40 204
41 305
42 148
42 221
43 322
43 207
45 319
45 222
46 275
46 118
47 92
47 113
48 91
48 104
49 320
49 176
50 124
50 212
51 238
51 139
52 274
52 132
53 66
53 168
54 237
54 152
55 310
55 155
56 154
57 134
58 239
58 271
59 324
60 324
61 88
61 194
62 302
62 190
63 99
63 273
64 264
64 127
65 209
65 312
66 168
67 80
67 328
68 172
68 230
69 89
71 106
72 189
72 278
73 135
74 178
74 227
75 122
75 210
76 266
76 150
77 144
77 252
78 247
78 300
79 96
79 298
80 328
81 305
82 208
82 281
83 206
83 185
84 179
84 263
85 236
85 290
86 258
86 108
87 303
87 174
88 194
90 255
91 104
92 113
94 216
94 146
95 288
95 100
96 298
97 112
98 142
98 184
99 273
100 288
101 214
101 240
102 269
102 198
103 314
105 169
105 115
107 164
107 285
108 258
109 157
109 280
110 317
110 205
111 293
114 248
114 129
115 169
116 229
117 262
118 275
119 292
120 219
120 297
121 192
121 291
122 210
123 183
124 212
125 217
125 306
126 284
126 270
127 264
128 138
129 248
130 180
130 175
131 289
131 223
132 274
133 199
133 224
136 231
136 265
137 244
139 238
140 261
141 177
141 243
143 321
144 252
145 321
146 216
147 249
148 221
149 313
149 202
150 266
151 171
151 215
152 237
155 310
156 262
157 280
158 307
159 245
160 308
160 326
161 316
162 167
163 329
163 233
164 285
165 232
165 196
166 311
166 242
170 181
171 215
172 230
173 195
173 225
174 303
176 320
177 243
178 227
179 263
182 253
182 241
185 206
186 330
186 197
187 318
187 259
188 293
189 278
190 302
191 211
191 277
192 291
193 251
193 304
195 225
196 232
197 330
198 269
199 224
200 287
200 228
201 218
201 272
202 313
203 307
205 317
207 322
208 281
209 312
211 277
213 268
214 240
217 306
218 272
219 297
220 296
220 301
222 319
223 289
226 234
228 287
231 265
233 329
235 299
235 282
236 290
239 271
241 253
242 311
246 325
247 300
250 279
251 304
254 286
256 315
256 309
257 286
259 318
260 276
267 295
270 284
282 299
283 294
294 323
308 326
