heur014_n_300_m_14191
1 220
2 11
3 194
4 120
6 75
7 271
8 158
9 284
10 85
12 215
13 92
14 50
15 256
16 183
17 82
18 268
19 117
20 240
21 225
22 280
23 74
24 277
25 282
26 149
27 41
28 36
29 89
30 61
31 278
32 261
33 252
34 279
35 84
37 131
38 98
39 238
40 244
42 233
43 295
44 121
45 270
47 113
48 242
51 118
52 71
53 87
54 222
55 249
56 255
57 212
58 203
59 292
60 140
62 83
63 258
64 257
65 241
66 168
67 291
68 109
69 167
70 107
72 275
73 100
76 246
77 154
78 205
79 221
80 217
81 111
86 272
88 179
91 99
93 160
94 129
95 124
96 276
97 209
101 112
102 274
103 289
104 174
105 164
106 200
108 195
110 201
114 281
115 214
116 191
119 263
122 173
123 186
125 230
126 198
127 245
128 229
130 243
132 202
133 188
134 234
135 216
136 264
137 273
138 165
139 251
141 156
142 206
143 294
144 296
145 163
146 181
147 187
148 286
150 193
151 266
152 185
153 227
155 232
157 211
159 170
161 231
162 208
166 192
169 283
171 299
172 239
175 207
176 265
177 259
178 269
180 228
182 300
184 248
189 247
190 204
196 285
197 260
199 287
210 235
213 237
218 288
219 254
223 298
224 267
226 253
236 297
250 290
262 293
