heur017_n_300_m_15641
1 193
1 61
2 298
2 109
3 198
3 120
4 216
5 66
5 195
6 188
6 154
7 110
8 104
9 215
9 294
10 291
10 174
11 251
11 79
12 103
12 162
13 164
14 81
14 228
15 153
15 69
16 90
16 83
17 159
17 206
18 136
18 271
19 151
20 130
21 296
21 207
22 102
23 275
24 186
24 71
25 226
25 166
26 287
27 300
28 67
28 224
29 173
30 187
30 285
31 266
31 248
32 259
33 115
34 104
35 133
35 184
36 106
37 260
37 73
38 243
38 143
39 93
39 111
40 242
40 156
41 87
41 269
42 177
42 86
43 101
43 70
44 110
45 158
46 84
46 262
47 273
47 113
48 233
48 205
49 272
49 204
50 92
51 261
51 97
52 74
52 237
53 106
54 270
54 214
55 220
55 175
56 221
56 227
57 124
57 213
58 158
59 278
59 88
60 268
60 202
61 193
62 72
62 190
63 274
64 179
65 183
65 168
66 195
67 224
68 203
68 289
69 153
71 186
72 190
73 260
74 237
75 151
76 282
76 211
77 141
77 180
78 208
78 157
79 251
80 284
80 163
82 247
83 90
84 262
85 255
86 177
87 269
88 278
89 247
91 246
91 281
94 254
94 182
95 167
96 160
97 261
98 218
98 256
99 191
99 280
100 239
102 142
103 162
105 299
105 252
107 290
107 249
108 192
108 212
109 298
112 146
112 244
113 273
114 196
114 267
115 189
116 172
116 200
117 209
117 230
118 263
118 138
119 152
119 245
120 198
121 235
121 241
122 144
122 181
123 140
123 265
124 213
125 225
126 277
126 137
127 297
127 155
128 160
129 147
129 264
130 253
131 219
132 258
132 161
134 167
135 223
135 231
136 271
137 277
139 194
139 286
140 265
141 180
143 243
144 181
145 222
145 238
146 244
147 264
148 219
149 169
149 229
150 217
150 293
152 245
154 188
155 297
156 242
157 208
159 206
161 258
164 199
165 239
166 226
170 300
171 295
174 291
175 220
176 276
178 287
185 283
187 285
191 280
194 286
196 267
197 275
201 274
202 268
203 289
204 272
207 296
210 283
211 282
214 270
216 292
217 293
218 256
232 255
234 250
234 288
236 276
240 279
240 257
246 281
248 266
249 290
