heur009_n_250_m_1450
2 55
3 9
4 107
5 32
6 63
7 75
8 171
11 126
12 50
13 29
14 97
15 123
16 21
17 52
18 92
19 132
20 137
22 133
23 119
24 243
25 245
26 117
27 84
28 238
30 233
31 33
34 155
35 131
36 114
37 57
38 190
39 62
40 226
41 109
42 71
43 113
44 45
46 139
47 51
48 69
49 135
53 141
54 89
56 112
58 234
59 183
60 138
61 247
64 160
65 235
66 169
67 179
68 100
70 95
72 193
73 79
74 161
76 81
77 158
78 128
80 83
82 172
85 96
86 130
87 188
88 237
90 116
91 101
93 163
94 184
98 186
99 102
103 173
104 211
105 152
106 124
108 194
110 244
111 145
115 207
118 227
120 147
121 192
122 162
125 217
127 156
129 212
134 230
136 208
140 242
142 177
143 218
144 220
146 178
148 182
149 219
150 224
151 216
153 222
154 170
157 203
159 215
164 248
165 166
167 204
168 228
174 189
175 198
176 214
180 213
181 209
185 210
187 229
191 197
195 225
196 236
199 246
200 240
201 239
202 249
205 250
206 232
221 231
223 241
