heur049_n_300_m_17695
1 222
1 35
1 101
2 72
2 110
2 167
3 209
3 43
3 264
3 140
4 241
4 156
4 178
5 279
5 201
5 276
6 122
6 245
6 33
6 218
7 128
8 144
8 96
9 257
9 292
9 94
9 282
10 106
10 278
10 142
11 39
11 160
11 63
12 113
12 256
12 181
12 66
13 272
13 58
13 133
14 30
14 130
14 182
15 210
15 223
16 156
17 207
17 132
17 157
17 247
18 83
18 116
18 103
19 290
19 252
19 187
19 121
20 137
20 226
20 194
21 125
21 237
21 93
21 283
22 114
22 220
22 269
23 46
23 199
23 275
24 127
24 77
24 97
25 167
25 110
25 72
26 253
26 206
26 34
26 29
27 134
27 246
27 225
27 146
28 211
28 238
28 192
29 253
29 206
30 182
30 130
31 287
31 289
31 159
31 129
32 86
32 298
32 76
33 218
33 122
33 245
34 253
34 206
35 213
35 222
35 101
36 80
36 186
36 273
36 197
37 210
37 223
38 281
38 171
39 232
39 160
40 249
40 224
40 219
41 86
41 298
41 76
42 111
42 214
42 300
42 191
43 264
43 209
44 54
44 161
44 277
45 169
45 221
45 234
46 204
46 199
46 275
47 210
47 223
48 276
48 279
48 201
49 216
49 154
49 153
49 227
50 254
50 163
51 265
51 195
51 112
51 139
52 177
52 158
52 174
52 235
53 79
53 105
53 151
53 266
54 277
54 161
55 99
55 233
55 215
56 281
56 171
56 143
57 255
57 118
57 184
58 168
58 133
59 230
59 198
59 202
59 92
60 164
60 185
60 250
60 261
61 285
61 190
62 229
62 271
62 107
62 239
63 232
64 263
64 88
64 131
64 243
65 117
65 180
65 244
66 256
66 113
66 181
67 200
67 205
67 78
68 184
68 255
68 118
69 286
69 299
69 208
69 251
70 170
70 260
70 119
71 161
71 277
72 167
72 110
73 219
73 224
73 249
74 182
75 236
75 81
75 196
75 203
76 298
77 127
77 231
78 200
78 150
78 205
79 151
79 266
80 186
80 273
80 197
81 203
81 236
81 196
82 170
82 260
83 228
84 267
84 138
85 147
85 270
85 268
86 298
87 138
88 243
88 131
89 268
89 270
90 135
90 155
90 165
90 166
91 295
91 297
91 274
92 198
92 230
92 202
93 125
93 283
93 237
94 282
94 292
94 257
95 212
95 96
95 144
96 212
96 144
97 231
97 127
98 145
98 176
98 172
98 149
99 215
99 233
100 179
100 242
100 193
101 213
101 222
102 173
102 284
102 280
103 228
104 240
104 293
104 259
105 266
105 151
106 278
106 142
106 296
107 239
107 271
108 183
108 123
109 123
109 183
110 167
111 191
111 214
111 300
112 139
112 195
112 265
113 181
113 256
114 189
114 269
114 220
115 123
115 183
116 228
117 244
117 180
117 294
118 255
118 184
119 260
119 170
120 179
120 193
120 242
121 252
121 187
122 245
122 218
123 183
124 233
124 215
125 283
125 237
126 163
126 254
127 231
128 285
129 287
129 289
130 182
131 263
131 243
132 247
132 207
133 168
133 272
134 225
135 166
135 165
136 254
136 163
137 194
137 258
137 226
138 267
138 288
139 265
140 264
141 192
141 211
141 238
142 278
142 296
143 171
143 281
144 212
145 172
145 176
146 225
146 246
147 270
147 268
148 234
148 221
148 169
149 172
150 205
150 200
151 266
152 175
152 262
152 291
153 216
154 227
154 216
155 166
155 165
156 178
156 241
157 207
157 247
158 174
158 235
158 177
159 289
159 287
160 232
161 277
162 175
162 262
162 291
174 177
175 291
180 294
180 244
188 295
188 297
191 214
191 300
208 299
209 264
214 300
217 293
219 224
237 283
240 293
244 294
251 286
257 292
259 293
262 291
267 288
274 297
274 295
278 296
282 292
286 299
