heur004_n_140_m_3014
1 139
1 78
1 81
1 134
2 40
2 120
2 129
2 107
3 40
3 120
3 107
3 129
4 90
4 114
4 47
4 99
5 95
5 34
5 9
6 62
6 87
6 39
6 121
6 135
7 112
7 35
7 73
7 56
8 90
8 99
8 114
8 47
9 95
9 63
9 34
9 137
10 75
10 58
10 29
10 133
11 74
11 52
11 106
12 74
12 52
12 106
12 51
13 113
13 68
13 136
13 46
14 113
14 136
14 46
14 68
15 124
15 102
15 38
16 19
16 70
16 79
16 53
17 56
17 35
17 112
17 73
18 38
18 102
18 80
18 124
19 122
19 79
19 53
20 96
20 109
20 86
20 45
20 30
21 44
21 123
21 43
22 77
22 98
22 125
22 118
22 117
23 132
23 48
23 37
23 111
23 94
24 126
24 50
24 131
24 92
24 57
25 115
25 140
25 49
25 103
26 58
26 75
27 72
27 61
27 119
27 65
29 58
29 133
29 75
30 86
30 96
30 109
31 88
31 59
31 105
31 91
32 42
32 108
32 127
32 41
33 59
33 91
33 105
33 88
34 137
34 95
34 63
35 73
35 112
36 93
36 55
36 83
36 130
36 54
37 132
37 94
37 111
37 48
38 124
39 121
39 87
39 62
39 135
40 107
40 129
40 120
41 64
41 108
41 127
42 108
42 64
42 127
43 66
43 123
44 123
44 66
44 69
45 96
45 109
46 68
46 136
47 99
47 90
48 132
48 111
49 100
49 103
49 115
49 140
50 126
50 131
51 106
52 74
53 122
54 130
54 93
56 112
56 73
57 92
57 131
57 126
58 133
59 88
60 110
60 84
60 71
61 97
61 72
61 119
62 121
62 135
62 87
64 127
64 108
65 72
65 119
65 97
66 123
66 69
67 71
67 110
67 84
68 113
68 136
69 123
71 89
71 110
72 119
72 97
74 106
75 133
76 101
76 116
76 104
77 118
77 98
78 139
78 134
78 138
79 122
80 102
81 139
81 138
81 134
83 93
83 130
84 110
84 89
85 104
85 116
85 101
86 109
86 96
87 121
87 135
88 105
88 91
89 110
90 114
92 126
92 131
94 132
94 111
96 109
97 119
98 117
98 118
99 114
100 140
100 115
101 116
101 128
102 124
103 140
103 115
104 116
104 128
107 129
108 127
111 132
113 136
115 140
116 128
117 125
118 125
120 129
121 135
