heur016_n_300_m_15456
1 254
2 136
3 43
4 256
5 260
6 241
7 77
8 187
9 264
10 265
11 94
12 283
13 295
14 281
15 148
16 104
17 55
18 32
19 174
20 159
21 166
22 69
23 139
24 269
25 215
26 227
28 192
29 106
30 219
31 176
33 253
34 297
35 178
36 258
37 92
38 172
39 158
40 250
41 228
42 127
44 89
45 189
46 279
47 118
48 131
49 190
50 144
51 222
52 237
53 183
54 292
56 96
57 209
58 198
59 138
60 229
61 188
62 177
63 212
64 142
65 200
66 108
67 180
68 277
70 145
71 113
73 195
74 231
75 288
76 235
78 259
79 251
81 225
82 109
83 248
84 125
85 216
86 232
87 268
88 117
90 236
91 290
93 214
95 171
97 184
98 150
99 167
100 182
101 210
102 173
103 153
105 242
107 207
110 234
111 276
112 245
114 194
115 221
116 196
119 255
120 285
121 203
122 140
123 206
124 278
126 230
128 175
129 208
130 170
132 149
133 294
134 146
135 163
137 287
141 191
143 271
147 240
151 289
152 238
154 274
155 270
156 213
157 246
160 185
161 286
162 202
164 179
165 262
169 263
181 249
186 284
193 299
197 233
199 252
201 261
205 223
211 298
218 300
220 280
224 244
226 273
239 275
243 272
247 293
257 296
266 291
267 282
