heur028_n_330_m_3253
1 13
1 80
1 58
1 227
2 201
2 176
2 270
2 181
3 216
3 239
4 216
4 239
5 64
5 260
5 62
6 289
6 290
6 191
6 55
7 168
7 217
7 241
7 259
8 229
8 196
8 101
8 51
9 296
9 184
9 307
9 207
10 287
10 218
10 326
10 261
11 119
11 328
11 244
11 187
12 149
12 144
12 158
12 98
13 58
13 227
13 80
14 61
14 258
14 86
14 266
15 180
15 279
15 265
15 312
16 48
16 214
16 131
16 108
17 122
17 285
17 300
18 133
18 50
18 233
18 190
19 300
19 122
19 285
20 299
20 99
20 246
20 53
21 45
21 147
21 169
22 78
22 211
22 107
22 52
23 132
23 87
23 281
24 92
24 174
24 282
24 286
25 319
25 271
25 262
25 173
26 329
26 302
26 125
26 171
27 219
27 118
27 248
28 161
28 44
29 148
29 164
29 203
29 81
30 304
30 57
30 97
31 235
31 208
31 129
32 301
32 243
32 222
33 248
33 118
33 219
34 94
34 103
34 298
35 216
35 239
36 83
36 110
36 60
36 154
37 161
37 44
38 123
38 198
38 142
39 245
39 247
39 127
39 264
40 281
40 132
40 87
41 178
41 280
41 252
42 222
42 301
42 243
43 269
43 56
43 140
43 257
44 161
45 71
45 169
45 147
46 251
46 253
46 76
46 88
47 170
47 186
47 150
48 214
48 108
48 131
49 200
49 77
49 100
49 277
50 233
50 190
50 133
51 196
51 229
51 101
52 211
52 107
52 78
53 246
53 299
53 99
54 324
54 315
54 327
54 294
55 191
55 290
55 289
56 269
56 257
56 140
57 304
57 73
58 227
58 80
59 249
59 215
59 234
59 113
60 154
60 110
60 83
61 86
61 266
61 258
62 260
63 175
63 311
63 183
64 260
65 124
65 135
65 145
65 204
66 89
66 137
66 95
67 212
67 141
67 134
68 112
68 90
68 163
68 128
69 193
69 177
69 323
69 308
70 103
70 94
70 298
71 169
71 147
72 238
72 172
73 304
73 97
74 151
74 153
74 143
74 93
75 208
75 235
75 129
76 251
76 253
76 88
77 200
77 100
77 277
78 107
78 211
79 178
79 252
79 280
80 227
81 164
81 203
81 148
82 150
82 170
82 186
83 154
83 110
84 212
84 141
84 134
85 278
85 189
85 159
85 292
86 258
86 266
87 281
87 132
88 253
88 251
89 137
89 95
90 128
90 163
90 112
91 106
91 250
91 284
91 152
92 282
92 286
92 174
93 153
93 151
93 143
94 298
94 103
96 317
96 139
96 255
96 162
97 304
98 158
98 149
98 144
99 299
99 246
100 277
100 200
101 196
101 229
102 210
102 224
102 291
102 226
103 298
104 179
104 195
104 109
104 283
105 121
105 309
105 197
105 322
106 250
106 284
106 152
107 211
108 131
108 214
109 283
109 179
109 195
110 154
111 206
111 240
111 199
111 267
112 163
112 128
113 215
113 249
113 234
114 297
114 130
114 167
114 320
115 238
115 172
116 172
116 238
117 232
117 325
117 314
117 236
118 219
118 248
119 328
119 187
119 244
120 310
120 202
120 306
120 316
121 322
121 197
121 309
122 285
122 300
123 142
123 198
124 145
124 204
124 135
125 329
125 302
125 171
126 160
126 228
126 192
126 182
127 245
127 247
127 264
128 163
129 208
129 235
130 320
130 297
130 167
131 214
132 281
133 233
133 190
134 212
134 141
135 204
135 145
136 268
136 305
136 321
136 273
138 318
138 220
138 225
138 256
139 162
139 317
139 255
140 257
140 269
141 212
142 198
143 151
143 153
144 158
144 149
145 204
146 213
146 276
146 166
146 272
147 169
148 164
148 203
149 158
150 186
150 170
152 284
152 250
155 275
155 303
155 242
155 221
156 230
156 223
156 254
156 185
157 263
157 288
157 295
157 165
159 278
159 189
159 292
160 182
160 192
160 228
162 255
162 317
165 295
165 288
165 263
166 272
166 276
166 213
167 297
167 320
168 241
168 259
168 217
170 186
171 302
171 329
172 238
173 271
173 319
173 262
174 282
174 286
175 311
175 183
176 181
176 270
176 201
177 308
177 323
177 193
178 252
178 280
179 283
179 195
180 265
180 312
180 279
181 201
181 270
182 228
182 192
183 311
184 207
184 307
184 296
185 223
185 254
185 230
187 244
187 328
188 194
188 313
188 274
188 330
189 292
189 278
191 289
191 290
192 228
193 323
193 308
194 274
194 330
194 313
195 283
196 229
197 309
197 322
199 267
199 206
200 277
201 270
202 306
202 316
202 310
205 231
205 209
205 293
205 237
206 240
206 267
207 296
207 307
208 235
209 293
209 237
209 231
210 291
210 226
210 224
213 272
213 276
215 234
215 249
216 239
217 241
218 326
218 287
219 248
220 256
220 318
220 225
221 275
221 303
221 242
222 301
222 243
223 230
223 254
224 291
225 256
225 318
226 291
230 254
231 237
231 293
232 314
232 236
232 325
234 249
236 314
236 325
237 293
240 267
241 259
242 275
242 303
243 301
244 328
245 264
246 299
247 264
250 284
251 253
252 280
255 317
256 318
257 269
258 266
261 326
261 287
262 319
262 271
263 295
263 288
265 279
265 312
268 305
268 321
268 273
271 319
272 276
273 321
273 305
274 330
275 303
278 292
279 312
282 286
285 300
288 295
289 290
294 315
294 327
294 324
296 307
297 320
302 329
305 321
306 316
308 323
309 322
310 316
314 325
315 324
315 327
