heur033_n_330_m_13861
1 226
1 297
1 160
1 210
2 261
2 169
2 249
3 262
3 279
3 193
4 299
4 126
4 234
5 317
5 321
5 184
5 220
6 98
6 238
7 289
7 260
7 298
7 174
8 229
8 227
8 59
8 100
8 151
9 185
9 239
9 263
9 237
10 195
10 290
10 248
10 182
11 161
11 316
11 259
11 190
12 318
12 230
12 130
13 142
13 255
13 27
13 280
14 235
14 269
14 85
14 315
15 292
15 171
15 272
15 37
15 46
16 269
16 85
16 315
16 235
17 309
17 252
17 159
18 264
18 242
18 183
19 183
19 242
19 264
20 274
20 324
20 270
20 96
20 101
21 318
21 230
21 130
22 165
22 216
22 156
22 323
23 323
23 156
23 216
23 165
24 141
24 322
24 138
24 296
24 194
25 288
25 186
25 135
26 209
26 136
26 197
26 319
26 256
27 142
27 255
27 137
27 280
28 203
28 257
28 232
29 330
29 284
30 316
30 259
30 190
30 161
31 281
31 134
31 201
31 181
32 181
32 281
32 201
32 134
33 236
33 291
33 200
33 170
33 180
34 299
34 126
34 234
35 233
35 219
35 268
35 208
36 88
36 144
36 240
36 189
37 171
37 272
37 292
38 288
38 186
38 135
39 250
39 87
39 218
39 207
39 51
40 254
40 277
41 184
41 220
41 321
41 317
42 91
42 146
42 301
42 224
42 106
43 330
43 284
44 177
44 131
45 57
45 140
45 113
46 272
46 292
46 171
47 98
47 108
47 238
47 67
48 52
48 241
48 95
48 192
49 318
49 230
49 130
50 267
50 306
50 71
51 250
51 218
51 207
51 87
52 118
52 192
52 241
53 58
53 116
53 176
53 266
54 66
54 243
54 304
54 153
54 287
55 72
55 310
55 313
55 74
55 60
56 154
56 223
56 148
56 145
56 328
57 125
57 113
58 116
58 176
58 94
58 266
59 227
59 151
59 229
60 310
60 74
60 313
60 72
61 244
61 206
61 275
61 246
61 308
62 88
62 240
63 169
63 249
63 261
64 135
64 288
65 222
65 271
65 295
65 155
66 287
66 243
66 304
67 98
67 238
68 174
68 298
68 260
68 289
69 204
69 211
69 265
69 178
70 268
70 208
70 219
71 86
71 306
71 267
72 310
72 313
73 126
73 299
74 313
74 310
75 168
75 326
75 213
75 312
75 202
76 283
76 285
76 311
76 225
76 139
77 330
77 284
78 173
78 300
79 129
79 217
79 327
79 228
80 271
80 222
80 295
81 252
81 309
82 306
82 267
83 195
83 248
83 290
83 182
84 277
84 254
85 235
85 315
85 269
86 267
86 306
87 218
87 207
88 144
88 240
88 189
89 305
89 221
89 121
89 179
89 110
90 107
90 286
90 302
91 301
91 224
91 146
91 106
92 294
92 147
92 278
92 104
92 119
93 251
93 103
93 128
93 293
93 143
94 116
94 266
95 192
95 241
95 118
96 101
96 324
96 274
96 270
97 276
97 303
98 108
98 238
99 273
99 187
99 196
99 314
99 282
100 151
100 227
100 229
101 324
101 274
101 270
102 212
102 245
102 114
102 320
103 293
103 128
103 251
104 278
104 294
104 119
105 115
105 205
105 215
106 301
107 214
107 132
107 302
107 286
108 238
109 330
109 284
110 179
110 121
110 221
110 305
111 226
111 297
111 210
111 160
112 279
112 262
113 140
114 212
114 245
114 320
115 205
115 215
116 266
116 176
117 264
117 183
119 278
119 294
119 147
120 211
120 178
120 265
121 221
121 179
121 305
122 131
122 177
123 329
123 307
123 188
123 149
124 185
124 239
124 263
124 237
125 140
126 234
126 299
127 149
127 329
127 188
127 307
128 293
128 143
129 157
129 327
129 217
129 228
130 318
130 230
131 164
131 162
132 302
132 286
133 303
133 276
134 201
134 181
134 281
135 288
135 186
136 197
136 319
136 256
136 209
137 142
137 280
137 255
138 322
138 194
138 296
139 225
139 285
139 283
139 311
141 296
141 194
141 322
142 280
142 255
143 251
143 293
144 240
145 328
145 154
146 301
147 278
147 294
148 328
149 329
150 199
150 258
150 253
150 247
150 163
152 215
152 205
153 287
153 243
153 304
154 223
154 328
155 222
155 295
155 271
156 165
156 216
157 217
157 228
157 327
158 172
158 167
159 309
159 252
160 210
160 226
160 297
161 259
161 190
161 316
162 177
163 258
163 253
164 177
165 323
165 216
166 252
167 172
167 325
168 326
168 312
168 202
169 261
170 291
170 236
170 200
170 180
171 272
171 292
172 325
173 198
173 300
174 289
174 298
175 276
175 303
176 266
178 204
178 265
178 211
179 305
180 236
180 200
180 291
181 201
181 281
182 290
182 248
182 195
183 242
184 317
184 321
185 239
185 237
186 288
187 196
187 282
187 314
188 329
189 240
190 259
191 212
191 320
191 245
192 241
193 279
193 262
194 296
194 322
195 290
195 248
196 314
197 209
197 256
198 300
199 258
199 253
199 247
200 291
202 312
202 213
203 232
203 257
204 265
204 211
205 215
205 231
206 275
206 308
207 250
208 233
208 268
208 219
209 256
209 319
210 297
210 226
211 265
212 245
212 320
213 312
213 326
214 286
215 231
216 323
217 327
217 228
218 250
219 268
219 233
220 317
220 321
222 271
222 295
223 328
224 301
225 283
225 285
226 297
228 327
232 257
234 299
236 291
237 263
239 263
242 264
243 304
244 308
244 275
245 320
246 275
246 308
247 258
249 261
252 309
254 277
255 280
256 319
259 316
262 279
270 324
271 295
272 292
273 282
278 294
282 314
283 311
284 330
285 311
286 302
287 304
296 322
307 329
312 326
