heur021_n_320_m_13507
1 315
1 309
1 270
1 175
2 230
2 54
2 16
3 246
3 165
3 291
3 100
4 65
4 53
5 53
5 71
5 65
7 93
7 209
7 156
7 113
7 41
8 167
8 311
8 316
8 55
10 227
10 140
10 243
10 182
11 67
11 36
11 144
12 79
12 179
12 203
12 106
12 155
13 59
13 245
13 275
13 191
14 302
14 40
14 119
14 72
15 216
15 317
15 204
16 84
16 230
16 54
17 312
17 226
17 174
17 148
18 138
18 238
18 267
18 169
19 109
19 146
19 75
20 255
20 228
20 142
20 224
21 147
21 127
21 254
21 131
21 126
22 74
22 28
22 284
22 168
23 160
23 285
23 145
23 94
24 70
24 86
24 172
25 144
25 36
26 308
26 229
26 249
26 240
27 290
27 56
27 170
27 253
28 284
28 74
28 132
29 241
29 30
29 210
29 61
30 241
30 210
31 37
31 115
31 157
31 139
32 294
32 33
32 193
32 121
33 294
33 193
33 158
33 121
34 73
34 262
34 231
34 101
35 219
35 292
35 258
35 185
35 239
37 176
37 157
37 115
37 139
38 133
38 283
38 105
38 114
39 47
39 92
39 97
40 302
40 242
40 119
41 113
41 209
41 93
42 70
42 86
42 172
43 298
43 214
43 279
43 236
43 220
44 281
44 318
44 225
45 210
46 307
46 306
46 273
47 51
48 288
48 314
48 194
48 134
48 111
49 62
49 319
49 263
49 50
49 58
50 58
50 263
50 62
50 319
51 232
51 97
51 92
52 278
52 69
52 223
52 264
52 116
53 184
53 65
54 230
54 188
54 84
55 316
55 311
55 299
56 190
56 253
56 170
56 290
57 200
57 104
57 195
57 180
57 102
58 319
58 263
58 62
59 275
59 245
59 196
59 191
60 277
60 286
60 173
60 212
60 178
61 241
61 210
62 319
63 154
63 88
63 197
63 261
64 81
64 250
64 251
64 202
64 82
65 71
65 184
66 208
66 300
66 80
66 159
66 143
67 98
68 172
68 70
69 264
69 223
69 278
69 116
70 86
72 242
72 119
72 302
73 101
73 262
73 83
73 231
74 132
74 284
74 168
75 149
75 87
76 110
76 78
76 215
76 91
77 296
77 269
77 120
78 189
78 110
79 106
79 203
79 155
80 208
80 159
80 143
80 300
81 202
81 82
81 250
81 251
82 250
83 262
83 101
84 230
85 295
85 244
85 233
85 181
86 172
87 146
87 109
88 197
88 261
88 129
88 154
89 273
89 307
89 306
89 161
90 199
90 313
90 201
91 110
91 189
93 209
93 156
93 113
94 160
94 123
94 285
95 192
95 287
95 177
96 305
96 296
96 120
98 144
99 281
99 225
99 318
100 165
100 246
101 262
101 231
102 200
102 195
103 177
103 192
103 287
104 200
104 195
105 235
105 283
105 133
105 114
106 155
106 203
106 179
107 211
107 166
107 310
108 124
108 313
108 201
108 199
109 149
110 215
111 288
111 314
111 194
112 301
112 207
113 209
113 156
114 133
115 176
115 139
115 157
116 278
116 223
116 264
117 183
117 265
117 118
117 135
118 183
118 266
119 302
119 242
120 305
120 296
120 269
121 193
121 294
122 125
122 274
122 272
122 320
122 206
123 285
123 160
123 145
124 313
124 199
125 206
125 320
126 127
126 254
126 147
127 147
127 131
128 227
128 182
128 243
128 140
129 154
129 261
130 293
130 276
130 259
131 254
131 147
132 284
132 168
133 283
133 235
134 194
134 314
134 288
135 183
135 266
136 312
136 174
136 226
136 148
137 289
137 187
137 221
137 297
138 256
139 157
139 176
140 227
140 182
140 243
141 318
141 225
141 281
142 268
142 228
142 255
143 300
143 208
143 159
145 285
145 160
146 149
147 254
148 312
148 226
148 174
150 204
150 317
150 216
151 165
151 246
152 276
152 259
152 217
152 293
153 216
153 204
153 317
154 261
154 197
155 179
156 209
157 176
158 193
158 294
159 300
159 208
160 285
161 306
161 307
161 273
162 303
162 282
162 271
162 237
163 301
163 207
164 233
164 244
164 181
165 246
166 211
166 304
166 310
167 316
167 299
167 311
168 284
169 256
170 290
170 190
171 301
171 207
173 286
173 212
174 312
174 226
175 315
175 270
175 252
175 309
177 287
177 205
177 192
178 212
178 286
179 203
180 195
180 200
181 233
181 295
182 227
182 243
183 265
183 266
185 239
185 219
185 258
186 218
186 257
186 247
186 280
186 260
187 289
187 222
188 230
189 215
190 253
190 290
191 245
191 196
191 275
192 287
192 205
193 294
194 288
194 314
195 200
196 275
196 245
197 261
198 308
198 229
198 249
198 240
199 201
199 313
201 313
202 250
204 216
204 317
205 287
206 274
206 272
206 320
207 213
207 301
208 300
210 241
211 310
211 234
211 304
212 277
213 301
214 236
214 279
214 298
214 220
216 317
217 293
217 259
218 257
218 280
218 260
219 258
219 292
220 298
220 236
220 279
221 222
221 289
222 297
222 289
223 278
223 264
224 228
224 255
225 281
226 312
227 243
228 255
228 268
229 240
229 308
229 249
231 262
233 295
233 244
234 304
234 310
236 298
236 279
237 271
237 303
237 248
237 282
238 256
239 292
239 258
240 249
242 302
244 295
245 275
246 291
247 280
247 257
248 303
248 282
248 271
249 308
252 270
252 309
252 315
253 290
255 268
256 267
257 280
257 260
258 292
259 293
259 276
260 280
264 278
265 266
269 296
270 315
270 309
271 303
271 282
272 320
273 306
273 307
274 320
276 293
277 286
279 298
281 318
288 314
289 297
296 305
299 316
299 311
304 310
306 307
311 316
