heur003_n_120_m_2588
1 78
1 92
2 84
3 18
3 57
4 111
4 68
5 118
5 29
6 88
6 109
7 99
8 98
8 61
9 27
10 45
10 91
11 81
11 69
12 65
12 103
13 20
13 30
14 56
14 34
15 116
16 66
17 37
18 57
19 24
19 74
20 30
21 50
22 49
22 31
23 108
25 37
26 66
27 40
28 90
31 49
32 54
32 76
33 110
33 95
34 56
35 46
35 94
36 120
38 106
39 80
41 80
42 93
42 101
43 120
44 115
44 55
45 91
47 89
48 73
48 119
51 63
52 112
52 104
53 82
53 114
54 76
55 115
58 64
59 89
60 63
61 98
62 75
62 86
65 103
67 99
68 111
70 108
71 96
71 107
72 97
73 119
77 117
77 100
79 105
82 114
83 116
85 105
87 102
87 113
88 109
100 117
102 113
104 112
