heur023_n_329_m_16183
1 90
2 120
3 27
4 242
5 326
6 175
7 257
9 58
10 99
11 123
12 290
13 193
14 213
15 300
16 191
17 106
18 37
21 89
22 85
23 128
24 217
25 160
26 329
28 29
30 94
31 184
32 218
33 271
35 294
36 302
39 72
40 141
42 212
43 267
44 52
45 304
46 185
47 165
48 132
49 109
50 135
51 65
53 223
56 102
57 307
59 239
61 259
62 255
63 152
66 187
67 215
68 163
70 118
71 280
73 195
74 203
75 80
76 162
77 316
79 244
81 190
83 153
84 110
87 235
88 281
91 303
92 248
93 157
95 170
96 113
97 245
98 196
100 250
101 201
103 130
104 321
105 202
111 293
112 249
114 127
115 299
116 270
119 126
121 142
122 177
124 174
125 220
129 210
131 227
133 189
136 291
137 265
138 237
140 315
143 219
144 276
145 169
146 147
148 295
149 198
150 236
151 156
154 324
158 205
159 246
161 216
164 207
166 311
167 258
168 278
171 320
172 186
173 260
176 206
179 241
180 277
182 287
183 274
188 301
192 233
194 298
197 247
199 209
200 228
204 221
208 310
211 319
214 261
222 266
224 285
225 268
229 286
230 269
231 243
232 240
234 264
238 296
251 273
252 308
253 282
254 292
262 325
272 279
275 312
283 289
284 305
297 306
309 328
317 318
322 327
