heur019_n_300_m_28765
1 265
1 155
1 196
1 100
4 189
5 177
5 191
6 162
7 156
9 247
9 180
9 191
9 280
10 298
10 240
10 189
11 173
11 159
11 168
13 276
13 256
13 245
16 165
16 195
16 231
16 246
17 162
18 60
20 56
22 212
22 210
22 203
23 160
23 209
23 169
23 252
23 175
25 189
26 212
26 203
26 210
27 300
27 218
27 172
28 230
28 162
31 268
31 210
31 267
31 203
32 174
32 208
32 226
34 138
35 185
35 187
35 259
36 289
36 243
36 163
36 182
36 161
38 234
38 184
38 181
39 212
39 203
39 210
39 227
39 268
41 157
41 300
41 218
41 172
42 179
42 217
42 220
46 289
46 182
48 284
50 172
50 218
51 284
52 162
54 259
54 200
54 185
54 187
55 242
55 241
55 164
55 154
57 218
58 257
58 217
58 258
58 296
58 179
61 243
61 289
61 163
61 161
61 182
62 189
66 245
66 256
66 276
66 204
67 201
67 211
67 190
67 206
68 289
68 163
68 182
68 161
68 243
69 159
69 173
69 238
69 168
70 225
70 284
71 252
71 297
71 160
72 293
72 276
72 256
72 245
73 156
75 284
75 225
76 214
76 199
76 278
76 178
76 299
77 222
77 194
77 236
77 205
77 271
78 209
78 175
78 169
79 185
79 274
79 259
79 187
81 154
81 164
81 228
82 284
84 264
84 156
85 194
85 222
85 205
85 271
86 171
86 188
87 159
87 173
87 168
88 173
88 168
88 238
88 159
89 234
89 181
89 253
89 184
89 282
90 202
90 198
90 272
91 298
91 240
92 178
92 299
92 287
92 278
92 214
92 199
93 284
94 256
94 276
94 293
94 204
95 172
95 300
95 218
96 225
99 256
99 245
99 204
100 224
100 155
100 196
101 191
101 280
101 177
101 247
102 284
102 225
103 242
103 154
103 228
104 265
104 224
104 196
105 156
106 192
106 186
107 193
107 216
107 213
107 158
108 217
108 179
109 249
109 226
109 208
109 174
110 296
110 220
110 257
110 258
110 217
110 179
111 156
113 264
113 156
114 260
114 162
115 175
115 160
116 181
116 184
117 168
117 232
117 173
117 238
118 194
118 205
118 271
119 194
119 236
119 205
120 188
120 171
120 176
122 186
122 294
122 281
122 192
123 281
123 192
123 186
124 191
124 180
124 247
124 177
124 280
125 181
125 184
125 253
126 202
126 170
126 272
126 198
127 208
127 249
127 226
128 208
129 185
129 187
130 199
130 178
130 214
131 172
131 218
133 211
133 190
134 242
134 241
134 154
135 205
135 271
135 194
135 236
135 222
136 166
136 215
137 230
137 162
139 162
139 260
139 230
140 206
140 190
140 211
141 166
141 215
141 266
141 167
142 241
142 228
142 154
142 242
142 164
144 184
144 234
145 161
145 243
145 163
145 289
146 185
146 200
146 187
146 259
147 176
147 290
147 248
147 171
147 188
149 270
149 170
149 202
149 198
150 266
150 215
150 167
151 155
151 196
151 275
152 216
152 158
153 177
153 247
153 191
153 180
154 228
154 241
154 242
155 279
155 275
155 265
156 264
156 237
156 292
157 300
158 254
158 269
158 262
158 239
159 238
159 232
160 297
160 252
161 243
161 289
162 230
162 260
163 243
163 289
164 228
164 242
164 241
165 295
165 246
165 229
165 273
165 231
165 283
166 221
166 266
166 285
166 219
167 285
167 221
167 266
167 219
168 232
168 238
169 252
169 297
170 233
170 272
170 223
170 198
170 270
171 248
171 290
171 251
172 300
173 238
173 232
174 261
174 291
174 249
174 226
175 297
175 252
176 248
176 251
176 290
177 247
177 280
178 287
178 278
178 244
178 299
179 258
179 257
179 296
179 220
180 280
180 247
181 282
181 234
181 253
181 184
182 289
182 243
183 248
183 290
183 251
184 253
184 234
185 259
185 274
186 277
186 286
186 294
186 281
186 250
187 259
187 274
188 248
188 251
188 290
189 240
189 298
189 255
190 288
190 235
190 263
191 280
191 247
192 250
192 277
192 294
192 281
192 286
193 254
193 269
193 262
193 239
194 271
195 231
195 295
195 246
195 273
195 229
196 279
196 275
196 265
196 224
197 240
197 255
197 298
198 223
198 270
198 272
198 233
199 244
199 299
199 278
199 287
200 274
200 259
201 263
201 288
202 270
202 272
202 233
202 223
203 267
203 227
203 268
204 245
204 256
204 276
204 293
205 222
205 236
205 271
206 235
206 263
206 288
207 229
207 273
207 283
207 295
207 246
208 291
208 261
208 249
208 226
209 252
209 297
210 267
210 268
210 227
211 263
211 235
211 288
212 227
212 268
212 267
213 254
213 239
213 269
213 262
214 278
214 299
214 287
214 244
215 219
215 266
215 221
215 285
216 239
216 262
216 269
216 254
217 258
217 257
217 220
217 296
218 300
270 272
