heur037_n_347_m_31752
1 16
1 192
3 142
6 99
7 292
8 245
9 255
10 231
10 15
12 28
13 56
14 94
15 231
15 285
16 193
17 321
17 166
17 325
19 267
19 180
19 152
20 35
21 342
21 199
21 214
22 307
22 334
23 55
24 300
24 99
25 326
25 207
25 178
27 82
27 87
27 138
28 58
28 227
29 36
31 322
32 119
32 316
33 232
34 160
34 42
35 282
36 122
36 83
37 56
38 96
38 105
39 255
40 309
40 102
40 197
41 69
43 263
43 136
44 72
44 291
45 76
46 242
46 268
47 324
47 335
47 137
48 104
49 292
49 148
50 124
50 179
51 65
51 323
51 110
52 76
53 290
55 249
55 95
56 168
57 117
57 81
57 213
60 173
60 295
60 71
61 319
61 153
61 254
62 320
63 121
63 327
65 323
65 110
66 157
66 149
67 274
67 232
68 147
69 116
69 135
70 156
70 306
70 159
71 173
72 120
72 291
73 100
73 194
73 332
76 174
77 93
77 252
78 299
78 301
78 286
79 280
79 94
80 187
81 213
82 138
82 87
84 155
84 233
84 182
85 338
86 186
86 224
87 138
88 162
88 167
88 303
89 216
89 211
90 196
91 302
92 97
93 237
94 280
96 258
96 105
97 98
98 264
99 300
100 332
102 309
103 201
104 318
105 258
106 147
107 269
107 150
108 211
109 263
109 136
110 323
111 268
111 242
112 320
112 234
113 121
113 327
115 239
119 220
119 316
120 291
123 289
123 240
123 293
124 278
125 318
126 202
126 130
126 236
127 196
128 261
128 290
129 322
130 236
131 257
132 246
133 275
133 176
134 177
134 222
136 263
137 324
140 204
140 262
141 195
141 315
141 253
142 183
142 260
143 322
144 164
145 169
145 241
146 262
146 204
147 304
148 292
149 339
150 294
150 269
151 172
151 190
151 244
152 180
153 319
153 254
154 313
154 217
154 312
155 233
156 159
156 306
158 283
158 331
158 212
160 337
161 305
161 317
162 303
162 167
163 287
163 171
163 279
164 265
164 281
166 321
169 311
170 206
170 200
171 279
171 287
172 244
172 190
173 295
175 226
175 250
175 181
176 251
176 275
177 266
177 222
178 326
178 207
180 267
181 226
181 250
182 233
184 255
186 272
186 224
187 297
188 196
189 340
189 256
191 302
192 193
194 332
197 309
199 214
200 219
203 310
203 288
204 262
206 219
207 326
208 338
209 347
211 216
212 331
212 283
214 342
217 312
218 271
218 235
221 256
223 257
223 228
225 310
225 288
228 257
229 336
229 259
230 276
230 248
230 298
231 285
234 320
235 271
235 270
237 252
238 245
238 330
239 277
239 247
240 289
240 293
242 268
243 302
245 330
246 308
246 329
248 276
248 298
251 275
254 319
256 340
259 343
259 336
270 271
273 347
276 298
279 287
282 328
286 299
289 293
307 333
307 334
321 325
324 335
336 343
338 345
346 347
