heur036_n_347_m_17983
1 148
1 189
2 111
3 192
3 295
4 104
4 132
5 178
5 233
6 230
6 69
7 77
9 254
10 202
11 40
12 296
12 267
14 62
15 31
15 167
16 102
16 112
17 158
18 41
19 326
20 60
21 193
21 323
22 163
23 248
24 153
25 334
25 58
26 82
27 149
28 116
28 108
29 100
29 134
30 88
31 167
32 85
33 300
33 131
34 61
34 282
35 179
36 99
36 97
37 44
38 219
38 122
39 201
40 183
42 124
42 143
43 64
44 226
45 218
46 85
47 231
47 269
48 180
48 286
49 71
50 84
51 169
52 71
53 86
53 81
54 209
55 326
56 207
56 137
57 98
57 155
58 334
59 89
59 237
60 329
61 282
62 298
63 96
63 203
64 161
65 346
65 221
66 245
66 240
67 327
68 225
69 230
70 285
70 312
72 279
73 341
73 160
74 154
75 125
76 213
76 307
77 224
78 340
78 330
79 126
80 320
81 86
82 208
83 337
84 272
87 90
87 190
88 317
89 237
90 190
91 133
92 234
93 146
93 199
94 273
94 120
95 152
95 328
96 203
97 99
103 170
105 318
105 256
107 118
109 302
109 333
110 236
110 184
111 227
113 130
113 147
114 310
114 215
117 339
117 251
118 196
119 239
119 191
121 141
122 219
123 291
123 274
125 222
126 314
127 216
127 186
128 337
129 309
129 176
130 147
131 300
133 284
136 139
136 220
138 290
138 214
140 217
140 246
141 343
142 280
142 288
144 177
144 308
145 261
145 292
146 199
148 189
149 277
150 257
150 172
151 185
151 194
152 328
153 206
154 344
156 211
157 182
158 287
159 338
159 299
162 268
163 205
164 232
164 210
165 229
166 279
169 271
170 250
171 173
171 244
172 257
173 244
175 297
175 293
176 309
177 308
178 233
179 315
180 286
181 303
181 325
182 188
184 236
186 216
187 197
191 239
192 295
195 209
197 263
198 254
200 276
201 301
202 294
204 218
211 241
212 322
212 265
213 307
214 290
215 310
217 246
223 260
223 270
225 283
228 243
228 275
229 238
231 269
234 258
235 255
240 245
242 319
242 259
243 275
247 332
248 281
249 327
251 339
252 336
253 320
255 289
256 318
259 319
260 270
261 292
262 335
262 305
264 311
265 322
266 347
266 324
267 296
268 331
274 291
276 345
278 321
280 288
293 297
302 333
303 325
305 335
306 311
313 321
316 332
324 347
330 340
336 342
