heur029_n_330_m_4329
1 324
2 107
3 68
4 253
5 143
6 300
7 313
8 320
9 226
10 78
11 137
12 158
13 263
14 34
15 192
16 208
17 186
18 199
19 189
20 73
21 146
22 193
23 293
25 202
26 63
27 56
28 103
29 47
30 269
31 150
32 64
35 61
36 136
37 275
38 135
39 290
41 120
42 211
43 318
44 201
45 138
46 53
48 177
49 215
50 284
51 149
52 188
54 296
55 292
57 114
58 108
59 261
60 98
62 75
65 260
66 239
67 125
69 96
70 330
71 217
72 310
74 245
76 303
79 227
80 298
81 173
82 238
83 319
84 289
85 104
86 191
87 203
88 220
89 93
90 272
91 312
92 291
94 295
95 276
97 122
99 115
100 196
101 168
102 304
105 131
106 297
109 127
110 250
111 241
112 159
113 251
116 163
117 299
118 219
119 274
121 176
123 277
124 256
126 216
128 287
129 278
130 155
132 161
133 236
134 240
139 169
140 178
141 302
142 237
144 230
145 255
147 205
148 167
151 175
152 268
153 326
154 179
156 218
157 187
160 294
162 273
164 264
165 257
166 195
170 223
171 206
172 248
174 325
180 281
181 270
182 328
183 327
184 258
185 322
190 262
194 286
197 225
198 232
200 252
204 271
207 309
209 311
210 307
212 266
213 316
214 233
221 280
222 242
224 243
228 235
229 279
231 249
234 315
244 321
246 267
247 308
254 283
259 329
265 301
282 314
285 305
288 323
306 317
