heur035_n_345_m_17798
1 118
1 195
2 146
2 128
3 300
4 234
5 66
5 114
6 272
7 82
8 205
9 141
9 268
10 25
10 289
12 239
13 43
13 190
14 181
14 55
15 188
15 202
16 50
16 147
17 46
18 300
19 312
19 165
20 263
21 60
22 29
22 47
23 51
24 293
24 251
25 289
26 125
27 233
27 54
28 123
28 170
30 303
30 258
31 275
32 180
33 180
34 193
34 42
35 344
35 225
36 279
37 243
38 214
38 210
39 69
40 211
40 286
41 161
41 329
42 193
43 190
44 334
45 82
46 177
48 107
48 276
49 306
50 147
51 103
52 305
52 85
53 246
53 74
54 233
56 145
57 230
57 212
58 333
58 73
59 169
59 332
60 253
61 124
61 187
62 140
63 109
63 152
64 98
64 191
65 166
65 108
66 114
67 341
68 216
68 111
69 215
70 291
70 287
71 261
71 241
72 328
73 333
75 328
76 306
77 341
78 186
78 270
79 254
79 231
80 213
80 87
81 91
81 267
83 113
84 279
86 240
87 213
88 326
89 120
90 217
91 267
92 184
92 227
93 345
93 245
94 102
94 296
95 125
96 304
96 110
97 324
99 342
99 259
100 288
100 223
101 208
101 256
102 296
104 127
104 116
105 273
106 145
108 166
110 304
112 173
113 236
115 337
115 117
117 337
118 195
119 311
120 171
121 229
121 151
122 182
122 159
123 170
124 187
126 301
128 146
129 309
129 218
130 150
130 343
131 198
131 222
132 174
132 148
133 264
133 314
134 197
134 247
135 340
135 299
136 207
136 325
137 201
137 252
138 192
139 224
139 336
140 269
142 319
143 240
144 326
148 174
149 263
151 229
153 217
154 319
155 242
155 221
156 310
156 238
157 330
158 219
158 160
159 182
160 219
161 329
162 295
162 249
163 313
163 331
164 167
164 237
165 312
167 237
168 243
172 257
172 178
173 175
176 228
176 235
179 272
183 311
185 220
185 338
186 270
188 202
189 278
189 322
192 209
194 239
196 285
196 271
197 247
198 222
199 320
199 281
200 324
203 321
204 248
204 292
205 206
208 256
211 286
218 309
220 338
221 242
223 288
225 344
226 294
228 235
231 254
232 321
234 255
241 261
244 273
245 345
248 292
250 290
250 280
258 303
259 342
260 308
262 316
265 274
265 284
266 294
271 285
274 284
275 318
277 334
278 322
280 290
282 297
282 317
283 335
283 307
287 291
297 317
298 315
298 339
299 340
301 327
302 330
313 331
315 339
316 323
