heur008_n_250_m_1045
1 181
1 198
1 95
1 229
1 61
2 46
2 73
2 119
2 220
2 108
3 69
3 123
3 28
3 51
3 48
4 105
4 201
4 43
4 226
4 139
5 84
5 68
5 13
6 124
6 158
6 228
6 15
6 45
7 87
7 144
7 67
7 195
7 116
8 26
8 99
8 242
8 159
8 12
9 75
9 102
9 114
9 85
9 18
10 54
10 100
10 161
10 213
10 121
11 82
11 240
11 36
11 160
11 115
12 99
12 242
12 159
12 26
13 84
13 68
14 22
14 103
14 57
14 215
14 125
15 228
15 124
15 158
15 45
16 141
16 249
16 184
16 152
17 150
17 156
17 192
17 166
17 188
18 85
18 114
18 102
18 75
19 25
19 175
19 187
19 145
19 190
20 130
20 31
20 151
20 79
21 152
21 184
21 141
21 249
22 125
22 215
22 57
22 103
23 79
23 31
23 151
23 130
24 88
24 104
24 98
24 162
24 64
25 190
25 187
25 175
25 145
26 99
26 159
26 242
27 47
27 53
27 32
27 238
27 138
28 51
28 69
28 123
28 48
29 217
29 167
29 33
29 209
29 244
30 94
30 131
30 74
30 71
30 56
31 151
31 79
31 130
32 238
32 138
32 53
33 209
33 167
33 217
33 244
34 172
34 91
34 128
34 113
34 200
35 60
35 230
35 118
35 78
35 66
36 240
36 82
36 160
36 115
37 189
37 197
37 250
37 80
37 149
38 41
38 63
38 81
38 225
38 62
39 214
39 237
39 179
39 83
39 106
40 112
40 182
40 234
40 221
40 90
41 225
41 62
41 81
41 63
42 202
42 122
42 55
42 109
42 173
43 139
43 105
43 201
43 226
44 126
44 170
44 92
44 143
44 127
45 158
45 124
45 228
46 108
46 73
46 119
46 220
47 238
47 138
47 53
48 51
48 69
48 123
49 140
49 224
49 93
49 77
49 58
50 208
50 142
50 177
50 132
50 183
51 123
51 69
52 241
52 233
52 97
52 129
52 232
53 238
53 138
54 100
54 161
54 121
54 213
55 173
55 122
55 202
55 109
56 74
56 71
56 94
56 131
57 103
57 125
57 215
58 140
58 77
58 224
58 93
59 164
59 117
59 222
59 246
59 176
60 118
60 230
60 78
61 229
61 198
61 95
61 181
62 225
62 81
63 225
63 81
64 104
64 162
64 88
64 98
65 154
65 86
65 146
65 110
65 148
66 230
66 118
66 78
67 87
67 116
67 195
67 144
68 84
69 123
70 171
70 199
70 191
70 89
70 101
71 94
71 131
72 219
72 193
72 165
72 155
72 147
73 108
73 220
73 119
74 131
74 94
75 114
75 102
75 85
76 153
76 186
76 235
76 133
76 247
77 224
77 140
78 230
78 118
79 130
79 151
80 250
80 149
80 197
80 189
81 225
82 240
82 160
82 115
83 179
83 237
83 214
83 106
85 114
85 102
86 154
86 146
86 148
86 110
87 144
87 195
87 116
88 104
88 162
89 171
89 101
89 199
89 191
90 221
90 112
90 182
90 234
91 200
91 113
91 172
91 128
92 170
92 143
92 127
92 126
93 140
93 224
94 131
95 198
95 181
95 229
96 157
96 206
96 163
96 212
96 196
97 232
97 129
97 241
97 233
98 104
98 162
99 242
99 159
100 213
100 161
100 121
101 171
101 199
101 191
103 215
103 125
104 162
105 226
105 139
105 201
106 237
106 179
106 214
107 223
107 111
107 236
107 180
107 204
108 220
108 119
109 173
109 202
110 154
110 148
110 146
111 180
111 236
111 223
111 204
112 182
112 221
112 234
113 128
113 172
113 200
115 240
115 160
116 195
116 144
117 246
117 222
117 164
117 176
118 230
119 220
120 216
120 248
120 136
120 239
120 185
121 161
121 213
122 173
122 202
124 228
124 158
125 215
126 170
126 127
127 143
127 170
128 172
128 200
129 241
129 233
129 232
130 151
132 208
132 177
132 183
132 142
133 247
133 235
133 186
133 153
134 137
134 210
134 168
134 205
134 227
135 218
135 203
135 243
135 231
135 245
136 239
136 216
136 248
136 185
137 227
137 205
137 168
137 210
138 238
139 226
139 201
140 224
141 152
141 249
141 184
142 177
142 208
142 183
143 170
144 195
145 187
145 175
145 190
146 148
146 154
147 165
147 155
147 193
147 219
148 154
149 250
149 189
149 197
150 166
150 192
150 156
150 188
152 184
152 249
153 235
153 247
153 186
155 219
155 193
156 188
156 192
157 163
157 206
157 212
157 196
158 228
159 242
160 240
161 213
163 206
163 212
163 196
164 176
164 246
164 222
165 219
165 193
166 188
166 192
167 217
167 244
167 209
168 227
168 205
168 210
169 174
169 207
169 178
169 211
169 194
171 191
171 199
172 200
173 202
174 178
174 207
174 211
174 194
175 190
175 187
176 222
176 246
177 208
177 183
178 207
178 211
178 194
179 214
179 237
180 236
180 204
180 223
181 229
181 198
182 221
182 234
183 208
184 249
185 216
185 239
185 248
186 235
186 247
187 190
188 192
189 250
189 197
191 199
193 219
194 207
194 211
196 212
196 206
197 250
198 229
201 226
203 245
203 243
203 231
204 236
204 223
205 227
206 212
207 211
209 244
209 217
210 227
214 237
216 248
216 239
217 244
218 243
218 231
218 245
221 234
222 246
223 236
231 245
231 243
232 233
232 241
233 241
235 247
239 248
243 245
