heur049_n_300_m_17695
1 222
1 35
1 101
2 72
2 110
2 275
2 241
3 209
3 43
3 264
3 140
4 185
4 60
4 164
5 279
5 201
5 105
5 266
6 122
6 245
6 33
6 218
7 178
7 156
8 144
8 96
9 257
9 292
9 94
9 282
10 106
10 278
10 142
11 39
11 160
11 63
12 113
12 256
12 181
12 66
13 272
13 297
13 61
14 30
14 130
14 182
15 210
15 223
15 248
16 156
17 207
17 157
17 290
18 116
18 83
18 103
19 290
19 157
19 207
20 252
20 69
20 187
20 121
21 125
21 237
21 93
21 283
22 114
22 220
22 269
23 46
23 299
23 199
24 167
24 47
25 167
25 47
26 253
26 206
26 58
26 168
27 246
27 134
27 225
27 146
28 97
28 273
29 238
29 211
29 192
30 182
30 130
31 287
31 289
31 159
31 129
32 86
32 298
32 76
33 122
33 218
33 245
34 273
34 97
35 213
35 222
35 101
36 80
36 186
36 208
37 210
37 223
37 248
38 281
38 171
39 232
39 160
40 249
40 224
40 190
41 86
41 298
41 76
42 273
42 97
43 264
43 209
44 54
44 161
44 277
45 169
45 221
45 234
46 204
46 199
46 299
47 167
47 261
48 276
48 231
48 77
49 216
49 154
49 153
49 227
50 254
50 163
51 265
51 195
51 112
51 139
52 177
52 158
52 174
52 235
53 79
53 219
53 215
54 277
54 161
55 99
55 233
55 133
56 281
56 171
56 143
57 255
57 118
57 184
58 168
58 206
59 202
59 230
59 198
60 164
60 185
60 250
61 297
61 274
62 229
62 271
62 107
62 239
63 232
64 263
64 88
64 131
64 243
65 117
65 180
65 244
66 256
66 113
66 181
67 200
67 205
67 78
68 255
68 184
68 118
69 187
69 252
69 121
70 119
70 260
70 170
71 161
71 277
72 275
72 241
72 110
73 219
73 215
73 79
74 182
75 81
75 236
75 196
75 203
76 298
77 127
77 231
78 200
78 150
78 205
79 215
79 219
80 186
80 151
80 208
81 203
81 236
81 196
82 170
82 260
83 228
84 267
84 138
85 147
85 270
85 268
86 298
87 138
88 243
88 131
89 268
89 270
90 155
90 135
90 165
90 166
91 295
91 286
92 300
92 191
92 214
93 125
93 283
93 237
94 282
94 292
94 257
95 212
95 96
95 144
96 212
96 144
97 273
98 145
98 176
98 172
98 149
99 233
100 179
100 193
100 242
101 213
101 222
102 173
102 284
102 280
102 128
103 228
104 240
104 293
104 259
105 266
105 279
105 201
106 278
106 142
106 296
107 239
107 271
108 183
108 123
109 123
109 183
110 241
110 275
111 191
111 214
111 300
112 139
112 195
112 265
113 181
113 256
114 189
114 269
114 220
115 123
115 183
116 228
117 244
117 180
117 294
118 255
118 184
119 260
119 170
120 179
120 193
120 242
121 252
121 187
122 245
122 218
123 183
124 233
125 283
125 237
126 163
126 254
127 231
127 276
128 284
128 173
128 280
129 287
129 289
130 182
131 263
131 243
132 247
132 197
134 225
135 166
135 165
136 254
136 163
137 258
137 226
137 194
137 285
138 267
138 288
139 265
140 264
141 192
141 211
141 238
142 278
142 296
143 171
143 281
144 212
145 172
145 176
146 225
146 246
147 270
147 268
148 234
148 221
148 169
149 172
150 205
150 200
151 208
152 175
152 262
152 291
153 216
154 227
154 216
155 166
155 165
156 178
157 207
157 290
158 174
158 235
158 177
159 289
159 287
160 232
161 277
162 175
162 262
162 291
174 177
175 291
180 294
180 244
188 295
191 214
191 300
204 299
209 264
214 300
217 293
237 283
240 293
244 294
251 295
251 286
257 292
258 285
259 293
262 291
267 288
272 297
274 297
278 296
282 292
286 295
