heur021_n_320_m_13507
1 2
1 5
1 14
1 20
4 162
7 53
8 242
8 286
8 98
8 124
9 53
10 141
11 34
11 36
11 38
11 40
11 26
13 70
13 43
13 46
13 277
15 53
17 53
18 267
20 162
21 64
21 35
21 39
21 41
21 44
21 28
21 55
22 267
23 53
24 53
25 267
27 242
27 124
28 55
31 216
31 257
31 122
31 210
32 318
32 178
33 267
39 55
43 277
44 55
46 277
47 165
47 78
47 89
48 259
48 260
48 305
48 274
48 251
48 255
49 164
49 158
49 151
50 165
50 78
50 89
52 223
52 133
54 174
55 64
56 200
58 137
58 127
59 200
60 174
61 78
61 89
65 231
65 266
65 247
65 217
65 250
65 220
66 165
66 78
66 89
67 293
70 277
71 228
71 233
71 300
71 281
72 165
72 78
72 89
73 136
73 111
73 149
73 123
73 126
73 309
75 197
75 238
76 97
76 102
76 179
76 92
76 95
77 293
78 264
78 89
79 141
80 200
81 200
82 293
84 242
84 286
86 225
86 227
87 128
87 106
87 172
87 120
88 235
89 165
89 264
90 179
90 95
91 200
92 179
92 95
93 193
93 261
93 230
93 170
93 156
93 159
94 268
94 240
94 241
94 253
94 254
95 97
95 102
95 108
95 179
96 232
96 296
96 211
96 245
96 121
97 179
102 179
105 235
108 179
109 119
109 299
113 235
115 174
119 132
119 145
119 147
119 190
119 299
121 296
121 211
122 216
122 257
122 210
124 286
132 299
133 223
134 256
134 301
134 271
134 306
134 252
138 166
138 239
138 212
138 183
138 287
139 231
139 266
139 217
139 250
139 220
140 320
143 262
144 320
145 299
146 194
146 258
146 229
146 148
146 186
146 191
147 299
150 288
150 226
150 308
150 313
150 316
150 319
152 320
154 249
154 320
154 282
155 320
157 278
157 192
160 235
161 163
161 273
161 311
161 285
161 302
163 273
163 275
163 311
163 285
163 302
165 264
166 287
167 237
169 291
174 294
175 262
176 287
177 235
178 292
178 297
178 201
181 228
181 233
181 300
181 281
182 237
183 287
185 290
186 194
186 188
190 299
192 278
196 290
201 292
201 295
201 297
201 318
205 221
205 208
206 221
206 208
207 262
208 236
208 243
208 244
208 246
211 232
211 296
211 245
212 287
213 317
213 269
213 270
214 237
215 237
217 266
220 266
221 236
221 243
221 244
221 246
222 237
226 288
226 308
226 313
226 316
226 319
231 266
239 287
242 286
247 266
249 320
250 266
262 276
263 280
273 302
275 302
280 289
280 312
282 320
285 302
302 311
