heur032_n_330_m_9770
1 131
2 147
2 237
7 265
7 253
15 319
16 280
24 255
26 87
27 322
29 134
29 293
33 121
41 162
41 192
43 286
50 73
54 274
54 188
56 259
58 290
60 235
61 154
62 281
67 162
68 242
70 126
71 255
76 94
78 187
88 117
92 288
96 125
99 208
102 199
104 123
108 168
111 260
123 142
127 158
127 228
129 277
130 226
130 318
132 300
132 287
134 293
136 190
136 152
143 220
145 285
146 182
147 237
150 248
150 252
155 206
157 256
158 228
160 236
160 269
162 192
166 179
166 217
177 200
183 324
193 222
196 243
197 330
198 263
213 272
226 318
236 269
244 315
246 307
248 252
249 272
253 265
287 300
