heur011_n_250_m_6574
1 48
1 154
2 193
2 242
3 88
3 183
4 98
5 197
9 34
14 113
14 27
16 116
17 204
18 192
20 205
23 200
23 122
24 41
25 157
27 113
28 137
29 84
31 80
35 151
36 109
40 112
42 232
43 131
43 180
44 94
45 239
46 172
47 146
48 154
50 145
50 133
53 166
53 191
54 199
54 210
58 241
58 228
61 161
62 194
63 208
66 85
66 173
75 134
75 87
79 223
82 230
85 173
87 134
88 183
90 170
91 159
92 136
93 96
97 160
99 249
99 217
103 156
104 209
106 202
119 214
119 135
120 165
121 178
122 200
123 196
124 155
131 180
138 189
160 195
163 227
166 191
171 188
174 187
181 219
193 242
199 210
207 236
215 248
221 250
224 244
