heur033_n_330_m_13861
1 130
1 147
2 130
2 147
3 130
3 147
4 187
4 190
5 206
7 130
7 147
8 206
9 206
10 206
11 141
11 142
11 143
11 179
11 183
11 56
12 271
12 276
12 310
12 278
12 280
12 286
12 117
13 81
13 170
13 172
14 217
14 218
14 220
14 221
15 130
15 147
16 167
17 167
18 167
19 167
20 167
21 299
21 301
21 302
21 303
21 305
22 136
22 51
22 54
22 57
22 95
22 287
23 201
23 202
23 203
23 236
23 237
26 132
26 133
26 137
26 138
26 139
26 140
27 144
27 86
27 89
27 90
45 270
45 317
46 270
46 317
47 270
47 317
48 270
48 317
49 323
49 164
49 311
49 312
49 316
50 103
50 114
50 77
51 287
52 192
52 115
52 245
52 87
52 88
52 121
52 122
52 209
53 330
53 325
53 326
53 327
54 287
55 65
55 194
55 193
55 265
55 188
55 189
56 141
56 142
56 143
56 183
57 287
58 213
59 177
59 213
60 177
60 213
61 79
61 83
61 86
61 89
61 90
62 153
62 158
62 318
62 159
63 127
63 80
64 313
64 306
64 307
64 308
64 309
64 249
65 194
65 265
66 270
66 317
67 206
68 257
68 258
68 260
68 262
68 264
68 255
70 270
70 317
72 299
72 301
72 302
72 303
72 305
74 235
75 127
76 318
76 146
77 103
78 132
78 133
78 137
78 138
78 139
78 140
79 89
79 90
79 144
81 134
81 170
81 172
83 144
86 144
87 245
87 192
88 245
88 192
89 144
90 144
91 200
92 200
93 200
94 200
95 287
96 246
96 281
96 282
96 283
96 284
96 285
97 256
97 259
97 250
97 251
97 252
98 213
99 213
100 177
100 213
101 268
101 269
101 279
106 235
107 318
107 158
107 159
115 245
115 209
117 271
117 276
117 310
117 286
121 192
121 209
122 192
122 209
123 239
124 239
125 318
126 239
128 224
128 225
128 226
128 228
128 230
129 224
129 226
129 225
129 228
129 230
130 147
131 239
135 289
135 272
135 273
135 275
135 277
135 211
136 287
145 241
145 242
145 243
145 244
146 318
151 160
151 163
154 215
154 185
154 314
164 323
164 312
164 316
164 176
164 311
165 224
165 226
165 225
165 228
165 230
168 191
169 191
171 320
171 321
171 322
171 328
171 315
171 319
173 191
173 247
176 323
176 312
176 316
176 311
185 233
185 234
185 238
185 240
185 215
185 314
191 208
191 247
192 245
192 209
193 265
194 265
195 290
195 295
195 296
195 297
195 298
195 300
195 304
195 324
196 329
197 329
198 329
204 214
204 216
204 219
204 253
204 223
207 288
211 289
211 272
211 273
211 275
211 277
215 232
215 233
215 234
215 238
215 240
215 314
231 290
231 295
231 296
231 324
238 314
240 314
249 306
249 307
249 308
249 309
249 313
266 279
267 279
268 279
269 279
274 288
274 291
274 292
274 293
274 294
278 310
280 310
286 310
290 304
304 324
311 323
