heur004_n_140_m_3014
1 27
1 81
1 58
2 123
2 35
3 99
3 132
3 105
3 106
3 118
3 124
4 37
4 116
5 102
5 84
5 74
5 86
6 127
6 94
6 107
6 40
7 37
7 116
8 33
8 36
8 38
8 39
8 103
8 85
8 80
9 75
9 76
9 82
9 115
9 29
9 30
9 28
10 75
10 76
10 82
10 115
10 30
10 29
10 28
11 66
11 104
11 77
11 54
12 94
12 127
12 107
12 40
13 127
13 94
13 107
13 40
14 127
14 94
14 107
14 40
15 37
15 116
16 37
16 116
17 34
17 101
17 43
17 89
17 91
17 92
17 93
17 95
18 126
18 133
18 111
19 81
19 58
19 27
20 127
20 94
20 107
20 40
21 97
21 113
21 53
22 49
22 52
22 117
22 55
22 88
23 98
24 83
25 83
25 64
26 119
27 58
27 81
28 75
28 115
29 75
29 76
29 82
29 115
30 76
30 82
31 136
31 137
31 139
32 45
32 42
32 73
32 46
33 85
33 103
34 101
34 43
34 91
34 92
34 93
34 95
34 89
35 123
36 85
36 103
38 85
38 103
39 85
39 103
40 107
40 94
40 127
41 97
41 113
42 110
43 101
43 91
43 95
44 136
44 137
44 139
44 140
44 131
44 138
45 110
46 110
49 52
49 117
50 135
50 109
50 112
50 120
50 90
52 88
52 117
53 97
54 104
56 108
60 72
60 121
64 83
66 104
67 72
67 121
69 121
70 104
71 103
72 121
73 110
74 129
74 134
74 102
74 122
74 125
75 115
76 115
77 104
80 103
82 115
84 128
84 129
84 134
84 102
84 122
84 125
86 129
86 134
86 102
86 122
86 125
87 100
90 135
90 109
90 112
90 120
94 127
99 118
100 108
102 128
102 134
102 129
105 118
106 118
107 127
109 135
111 133
111 126
112 135
118 130
118 132
118 124
120 135
124 130
124 132
