heur026_n_330_m_1370
3 321
5 90
7 28
7 223
8 70
11 315
11 61
14 205
15 234
16 129
22 45
25 209
26 126
28 223
32 241
34 299
35 256
38 71
39 152
43 47
48 110
49 275
51 254
51 235
53 103
57 272
57 260
59 181
61 315
63 80
63 100
64 310
66 187
68 200
69 248
73 125
73 175
80 100
82 203
84 263
85 206
85 277
86 204
87 247
87 267
89 303
91 109
92 183
93 161
94 273
96 285
97 193
101 320
104 311
105 279
106 144
112 117
113 118
120 197
121 190
121 167
125 175
131 220
134 290
135 328
137 270
138 189
139 249
146 330
148 164
148 174
150 213
156 257
162 242
164 174
167 190
172 216
173 284
198 298
206 277
210 326
212 301
235 254
236 288
237 323
239 302
240 306
247 267
250 295
258 280
260 272
278 296
281 292
