heur014_n_300_m_14191
1 29
2 29
5 172
11 114
11 110
11 174
13 116
13 118
14 272
17 95
21 210
21 206
23 286
24 98
24 138
26 57
26 61
27 218
29 88
33 288
33 173
38 230
38 263
38 222
39 265
43 230
43 263
43 222
47 300
55 220
56 216
57 203
59 184
60 232
60 228
61 203
66 273
66 229
68 272
68 292
69 220
70 201
70 289
72 168
75 189
76 258
78 295
78 191
82 145
82 277
82 151
86 211
86 214
90 145
93 165
93 253
94 296
94 166
94 158
99 169
101 285
102 184
104 212
105 154
108 153
110 174
112 122
114 174
120 125
122 179
123 297
127 186
127 141
130 226
136 246
136 247
137 212
137 176
139 175
140 154
141 186
142 261
143 213
144 225
144 187
146 232
146 228
147 243
157 195
158 296
160 195
165 253
166 296
167 235
167 237
170 190
173 288
176 212
177 290
181 272
181 292
183 299
196 254
196 255
201 289
207 241
207 245
208 260
211 214
222 263
224 284
224 287
224 256
229 273
229 274
230 263
250 294
256 284
256 287
