heur025_n_329_m_32168
1 327
2 286
4 327
6 222
6 77
6 175
10 139
10 148
10 125
11 12
15 192
22 192
24 156
24 133
24 189
26 158
28 222
28 77
28 175
30 312
30 172
37 311
38 296
39 289
39 197
39 294
39 303
39 126
39 195
45 286
47 77
47 175
50 222
50 175
52 283
54 230
56 222
56 175
65 274
66 253
70 222
70 175
72 194
77 222
77 175
79 278
80 177
80 181
80 190
85 167
94 128
94 204
95 278
96 174
106 230
111 230
115 278
121 153
124 314
126 289
126 197
126 294
126 303
126 195
128 256
128 258
128 255
128 204
129 182
132 219
132 282
144 298
144 300
145 291
145 285
147 216
150 166
154 283
157 173
160 213
164 167
171 326
174 225
174 187
176 270
180 324
183 326
192 302
195 289
195 197
195 294
195 303
197 289
204 256
204 258
204 255
218 223
218 240
230 304
254 311
279 328
