heur038_n_361_m_7987
1 302
5 250
7 326
14 360
14 19
15 205
19 360
21 213
21 103
28 303
29 297
32 354
34 108
36 73
38 225
40 312
41 310
43 66
44 210
45 348
52 331
52 295
58 154
59 257
59 269
65 196
67 185
68 244
74 238
75 112
75 201
76 300
79 281
80 361
82 242
85 106
86 224
88 350
91 281
93 221
96 319
98 294
98 254
103 213
105 345
107 334
107 203
107 133
110 352
112 201
117 180
120 313
121 219
123 317
124 126
130 171
131 328
133 334
133 203
139 358
144 192
149 340
152 336
152 335
166 306
169 290
170 305
172 292
178 284
189 356
197 239
202 249
203 334
204 301
214 346
214 316
214 349
227 359
232 354
257 269
278 321
284 330
295 331
304 314
316 346
316 349
346 349
