heur034_n_345_m_6830
1 41
3 193
7 260
9 330
11 12
14 133
14 157
15 195
15 20
16 250
20 195
33 189
35 254
38 230
39 235
40 198
40 335
42 329
44 69
45 188
46 64
47 65
51 206
55 220
57 82
66 264
68 214
70 321
71 217
72 244
72 306
77 152
78 115
79 316
81 267
86 256
90 137
93 198
93 335
96 227
98 183
107 253
107 259
109 160
114 208
119 281
121 334
122 314
122 166
124 251
126 128
127 275
133 157
136 263
139 252
150 243
151 257
154 338
162 210
162 317
166 314
168 297
170 232
173 328
174 270
176 310
179 345
198 335
206 286
222 271
228 292
241 308
244 306
245 298
253 259
299 322
312 325
