heur009_n_250_m_1450
1 240
1 85
2 135
3 49
3 237
4 175
5 25
7 54
8 27
8 205
11 175
12 243
12 139
17 240
17 85
18 48
18 187
20 208
22 96
22 47
23 194
23 40
23 179
23 55
23 184
24 243
24 139
25 126
27 205
28 64
28 68
29 244
29 30
30 244
30 31
31 244
32 198
32 199
32 185
37 193
37 196
37 174
37 203
38 131
40 184
40 194
40 55
40 179
41 123
43 131
44 250
47 96
48 187
49 237
50 227
50 148
50 102
55 184
55 194
55 179
58 91
60 195
61 144
63 195
70 226
71 130
71 99
71 100
71 77
72 233
72 230
73 226
76 172
76 151
76 110
77 130
77 99
77 100
83 122
85 240
94 232
94 206
94 225
99 130
100 130
101 189
102 227
102 148
103 197
107 189
108 177
110 172
110 151
111 247
115 202
115 133
116 210
116 213
118 200
118 231
118 152
119 154
124 154
129 186
129 180
133 153
133 202
139 243
140 186
140 180
141 192
141 201
141 204
142 171
143 215
145 191
149 176
152 200
152 231
153 202
159 220
165 229
165 239
166 188
166 190
168 220
169 241
169 235
170 245
173 220
174 193
174 196
174 203
178 218
179 184
185 199
192 201
192 204
193 203
196 203
200 231
206 232
206 225
211 219
211 222
225 232
