heur027_n_330_m_2256
4 283
4 142
11 164
12 155
13 17
16 85
22 282
23 128
24 266
28 255
28 275
31 119
34 230
34 235
36 163
39 253
44 113
45 54
49 64
49 88
49 227
52 71
53 271
56 169
57 214
57 114
57 165
59 138
64 88
64 227
66 319
67 103
73 238
74 135
75 248
76 195
77 253
80 202
86 129
87 308
88 227
89 124
90 179
90 277
93 190
95 272
99 304
101 324
107 198
108 269
109 288
112 130
114 214
114 165
121 176
126 330
136 307
137 307
140 156
140 239
142 283
143 192
144 152
144 287
145 309
151 285
152 287
153 244
156 239
157 259
162 254
165 214
167 279
168 260
172 257
175 240
178 224
179 277
182 241
191 217
199 213
222 234
226 281
230 235
231 261
231 329
237 270
251 328
255 275
261 329
284 302
293 320
294 311
305 327
317 326
