heur003_n_120_m_2588
1 53
1 91
3 62
3 50
4 115
4 116
5 58
6 69
6 60
7 116
9 99
9 103
9 31
9 64
10 34
10 92
10 29
10 38
10 44
10 74
10 110
11 115
11 116
13 69
13 60
14 111
14 45
15 43
15 54
16 43
16 54
17 111
17 45
18 61
20 43
20 54
21 30
22 105
22 108
23 112
23 65
23 66
23 37
23 102
23 97
24 75
24 45
26 55
27 65
27 66
27 102
27 112
29 74
29 110
30 82
31 99
31 107
31 103
31 64
32 100
32 71
32 88
33 83
34 92
34 94
34 74
34 110
35 90
36 42
36 67
37 112
37 102
38 94
38 74
39 101
41 101
43 54
44 92
44 94
44 74
44 110
45 75
45 111
48 98
49 96
49 87
49 109
50 62
51 85
57 101
60 69
63 83
64 99
64 103
64 107
65 112
65 102
65 97
66 112
66 102
66 97
68 96
68 109
68 89
70 114
71 104
71 100
71 88
73 114
74 92
74 110
75 111
77 96
77 109
77 87
77 89
78 106
87 109
88 104
89 109
96 109
97 112
102 112
