heur037_n_347_m_31752
1 34
2 55
3 235
6 279
9 276
10 276
13 276
16 169
17 145
19 145
21 145
22 169
25 279
25 172
26 332
28 169
28 102
29 212
30 60
30 214
33 72
34 282
36 90
37 212
38 72
42 212
45 136
47 145
48 169
49 214
50 332
51 244
51 324
51 273
55 72
56 333
57 183
57 235
60 214
67 186
70 176
73 74
78 200
78 201
78 82
78 215
79 268
79 254
80 336
82 200
82 201
82 215
82 207
84 212
89 312
89 315
94 296
94 284
94 285
94 300
94 293
97 134
108 291
116 222
116 246
117 148
117 189
119 332
120 148
120 189
122 334
126 176
127 335
127 148
133 240
133 243
133 236
133 237
138 175
140 210
142 210
146 210
147 210
148 189
150 333
153 164
158 306
158 301
164 193
164 194
167 183
171 262
172 279
177 333
179 275
183 235
186 258
187 276
196 322
196 323
196 325
196 327
196 248
203 276
211 218
211 219
211 227
212 265
228 246
244 324
248 322
248 325
248 327
253 320
253 307
253 334
256 342
273 324
284 293
285 293
293 296
293 300
301 306
