heur022_n_322_m_14226
3 243
9 173
9 87
9 165
9 52
12 94
12 63
12 139
13 189
14 151
16 229
22 212
23 124
26 144
29 133
30 244
33 162
34 84
35 262
36 95
39 256
46 202
49 297
51 310
52 165
52 173
52 87
53 93
54 76
59 182
62 172
63 94
63 139
64 91
65 104
65 168
67 279
75 164
77 159
79 273
87 173
87 165
94 139
96 228
102 167
106 216
109 110
111 163
113 278
114 211
116 237
127 223
136 181
153 236
153 209
165 173
179 285
185 193
186 252
190 296
190 199
191 217
199 296
204 308
226 259
234 261
264 265
280 283
303 311
