heur005_n_160_m_4015
1 120
1 153
1 130
1 110
2 40
2 92
2 31
3 35
3 119
4 122
5 112
6 106
6 79
6 11
7 112
7 33
7 37
8 47
9 89
10 89
11 100
11 106
11 79
12 128
12 127
12 97
16 39
18 150
18 96
18 88
18 159
20 49
20 133
20 60
21 143
21 155
22 81
22 74
22 77
25 87
26 85
28 91
28 93
28 143
28 155
30 156
30 107
31 131
31 92
32 157
32 80
33 112
34 157
34 80
35 132
35 119
35 125
36 92
37 112
40 131
40 92
44 156
44 107
45 152
47 55
47 59
48 133
48 60
49 133
49 60
50 66
50 70
50 122
51 152
52 133
52 60
53 152
54 87
56 85
57 101
58 85
60 133
62 101
63 103
66 122
67 148
67 105
68 103
69 137
71 102
72 102
75 102
75 104
79 106
79 100
80 157
84 156
88 96
91 143
91 155
93 155
96 150
97 128
98 144
98 139
98 116
105 148
105 121
107 156
110 120
110 153
110 130
111 138
113 140
114 129
119 132
119 125
121 148
123 148
124 148
130 153
142 154
142 151
145 154
145 151
150 159
