heur031_n_330_m_7270
1 129
1 130
1 132
1 222
2 158
3 321
5 310
5 94
6 232
6 223
7 310
7 94
9 310
9 94
11 321
12 184
12 83
12 168
12 87
13 138
15 152
15 120
15 125
19 264
21 323
22 241
22 242
25 201
25 197
25 199
25 206
25 170
26 285
27 60
27 302
27 315
28 140
29 140
32 249
33 140
37 96
37 133
38 249
41 208
43 149
43 142
44 208
45 265
46 265
47 165
47 131
48 165
48 131
49 310
49 94
50 165
51 298
52 298
53 298
57 152
57 120
57 125
58 290
59 138
60 302
60 315
61 302
61 315
62 302
62 315
63 214
63 282
64 300
64 269
64 270
65 186
66 255
66 188
66 303
67 186
68 214
68 282
69 186
70 304
70 306
70 316
72 208
74 312
74 309
75 225
75 227
75 231
78 294
79 286
81 114
83 184
84 274
84 276
84 277
85 294
87 184
88 294
91 161
91 322
91 117
91 317
91 319
92 121
92 243
92 207
94 310
99 261
99 209
100 261
100 209
101 261
101 209
102 279
104 279
105 279
106 153
106 156
106 166
110 275
115 275
116 275
116 146
117 322
117 317
117 319
118 330
120 152
121 207
123 235
124 288
124 324
126 235
128 185
128 148
128 183
129 222
130 222
131 165
132 222
134 226
134 141
135 194
135 329
137 256
139 256
141 226
146 275
150 330
151 255
151 303
154 330
159 250
159 213
159 247
161 322
161 317
161 319
163 171
164 171
168 184
169 235
170 197
170 199
170 201
170 206
172 289
173 194
173 329
174 194
174 329
175 245
175 314
176 278
176 202
178 278
178 202
179 256
187 257
188 255
188 303
194 329
195 313
197 206
199 206
201 206
202 278
202 215
207 243
209 261
210 228
211 228
212 228
214 282
215 278
223 232
224 262
229 328
229 325
229 326
230 258
230 259
230 260
233 266
233 267
233 268
239 313
245 314
248 280
291 305
291 308
293 318
299 318
318 327
