heur029_n_330_m_4329
2 281
2 274
2 282
8 104
10 174
10 228
11 40
11 70
12 163
12 111
15 184
16 163
16 111
17 210
19 186
20 90
21 177
21 267
21 135
25 198
25 105
26 318
26 319
36 211
36 213
36 254
41 179
41 171
42 153
43 153
44 182
44 132
44 260
44 169
45 179
45 171
46 182
46 132
46 260
46 169
48 251
48 252
51 325
52 156
52 118
52 273
54 325
55 144
55 227
56 191
56 312
57 172
61 72
61 68
62 231
67 136
67 299
71 208
71 272
73 103
77 296
77 134
77 255
78 278
78 236
82 258
85 203
86 96
87 101
91 289
92 323
94 155
97 191
97 312
105 198
106 166
107 208
107 272
108 263
109 136
109 299
110 166
111 163
114 306
114 264
115 306
115 264
117 209
118 273
123 224
123 226
125 204
125 206
125 145
129 288
132 182
132 260
132 169
134 296
134 255
135 267
136 299
145 204
145 206
148 240
148 285
149 180
152 283
152 284
156 273
159 209
162 217
162 219
162 214
164 290
164 277
164 279
165 235
169 260
169 182
170 288
171 179
173 239
174 228
175 200
177 267
178 309
178 271
180 188
182 260
191 312
195 242
197 242
201 233
201 212
208 272
211 213
211 254
212 233
214 219
216 309
216 271
225 275
245 269
246 262
248 253
250 314
250 317
265 286
266 275
274 281
274 282
277 290
279 290
286 307
287 308
297 315
311 322
313 322
320 328
321 329
