heur010_n_250_m_4507
1 134
2 102
2 103
2 104
2 105
2 110
2 116
4 89
4 114
4 163
5 102
5 103
5 104
5 105
5 110
5 116
9 129
9 67
9 70
9 137
9 111
10 117
10 182
10 121
10 122
10 124
11 40
11 95
11 96
13 225
13 98
13 219
13 220
13 221
13 223
13 226
13 118
14 64
14 54
14 55
14 57
14 135
15 123
18 123
19 134
20 146
20 147
20 148
20 149
20 184
20 185
23 68
23 71
23 72
23 73
23 74
23 109
23 231
24 120
25 36
25 167
25 168
25 169
25 171
25 173
25 175
25 222
26 131
26 203
27 131
27 203
28 203
29 125
29 77
29 90
29 100
29 138
30 99
30 79
31 131
31 203
32 125
32 77
32 90
32 100
32 138
33 125
33 77
33 90
33 100
33 138
34 125
34 77
34 90
34 100
34 138
35 99
35 79
35 53
36 167
36 168
36 169
36 171
36 173
36 175
36 222
37 99
37 53
37 79
38 162
38 178
38 183
38 186
38 238
39 144
40 95
40 96
41 140
41 142
41 143
42 208
42 165
43 228
43 229
43 232
43 233
43 236
43 217
44 208
44 165
45 156
45 157
45 159
45 119
46 99
46 79
47 99
47 79
48 99
48 79
49 208
49 165
50 144
51 142
52 170
52 234
53 99
53 79
54 135
55 135
56 172
57 135
58 172
59 172
60 162
61 144
62 172
63 172
65 172
66 239
66 240
66 247
66 250
66 198
67 111
68 109
68 231
69 160
69 161
69 151
69 152
69 153
69 155
70 137
70 111
71 231
72 231
73 231
74 231
75 224
75 166
75 112
75 214
75 215
75 216
75 218
76 150
77 125
77 138
78 150
80 150
81 150
82 150
83 248
83 227
84 248
84 227
85 248
85 227
86 248
86 227
87 248
87 227
88 150
89 114
89 163
90 125
90 138
91 181
91 211
92 181
92 211
93 181
93 211
94 181
94 211
97 141
98 225
98 219
98 220
98 221
98 223
98 226
98 118
100 125
100 138
101 193
101 164
101 174
101 154
106 193
106 164
106 174
106 154
107 237
107 242
107 243
107 244
107 246
107 249
109 231
111 129
111 137
112 224
112 214
112 215
112 216
112 218
112 166
114 163
118 225
118 226
118 219
118 220
118 221
118 223
119 156
119 157
119 159
125 138
126 176
126 210
126 200
127 176
127 210
127 200
128 176
128 210
128 200
130 176
130 210
130 200
131 203
132 176
132 210
132 200
136 176
136 210
136 200
146 184
146 185
147 184
147 185
148 184
148 185
149 184
149 185
154 193
162 178
162 183
162 186
162 238
164 193
165 208
166 224
166 214
166 215
166 216
166 218
167 222
168 222
169 222
170 234
171 222
173 222
174 193
175 222
176 210
177 230
177 235
177 241
177 245
178 238
181 211
183 238
186 238
194 207
195 207
198 239
198 247
198 250
199 207
200 210
217 228
217 229
217 232
217 233
217 236
219 226
220 226
221 226
223 226
225 226
