heur023_n_329_m_16183
3 311
6 262
7 80
7 260
9 65
9 58
10 288
12 112
12 123
12 297
13 289
13 237
16 302
16 77
18 23
24 296
24 312
33 305
33 106
34 230
35 97
36 80
36 260
43 275
44 230
45 192
47 179
50 201
50 194
51 129
51 133
54 115
57 300
60 187
61 286
66 263
66 292
66 67
66 156
67 273
67 156
68 187
69 160
73 140
74 170
76 89
77 298
77 302
80 260
92 250
93 152
93 180
94 139
95 321
95 322
96 193
96 254
100 209
102 142
104 196
104 125
105 274
106 305
108 234
110 246
112 297
115 277
123 297
125 196
125 158
127 161
129 133
130 184
134 311
135 190
136 169
136 228
139 141
143 209
147 259
147 317
148 319
148 303
150 192
153 272
153 261
156 292
156 263
156 273
158 196
165 190
166 291
167 283
169 251
169 228
172 308
172 221
174 272
174 261
176 184
183 308
183 221
185 213
185 231
188 195
195 204
198 262
199 212
207 234
208 326
212 216
218 236
218 328
228 251
232 290
236 328
237 289
243 291
253 284
253 278
261 272
273 292
