heur012_n_250_m_20035
2 153
3 123
4 158
4 124
6 158
6 124
6 47
7 123
10 123
17 164
17 166
17 169
17 170
17 171
18 125
19 125
20 26
20 156
21 158
21 124
22 101
23 69
24 102
25 69
25 31
26 201
26 156
27 224
27 115
28 247
29 218
29 119
30 201
30 156
31 69
31 51
31 52
31 53
32 247
33 224
33 115
34 173
34 174
34 175
34 178
34 180
35 247
36 224
36 115
37 224
37 115
38 247
39 224
39 115
40 173
40 174
40 175
41 224
41 115
42 224
42 115
43 225
43 70
43 54
43 55
43 58
43 60
44 56
45 56
46 56
47 124
47 158
48 56
49 59
50 114
50 116
50 117
50 118
50 120
52 145
54 225
56 84
57 85
57 215
57 184
59 80
59 77
61 97
61 86
61 94
61 244
63 110
66 110
67 110
69 145
74 126
74 194
76 161
76 154
76 152
77 189
78 101
79 121
81 153
83 153
85 226
85 228
85 229
85 184
87 153
88 196
89 182
90 103
91 244
92 103
93 182
95 103
96 104
96 105
96 106
96 109
96 111
96 112
96 113
97 244
99 185
100 153
101 231
101 232
101 233
101 235
101 240
102 244
103 130
104 138
107 142
107 148
108 202
108 236
108 238
108 241
108 242
115 224
119 208
119 209
119 210
119 212
119 213
119 214
119 218
121 131
121 132
121 133
121 134
121 135
121 137
121 150
125 193
125 199
125 200
125 217
131 165
132 165
133 165
134 165
150 165
152 249
154 177
154 249
154 230
156 201
161 249
163 249
166 176
167 177
167 249
167 230
169 176
171 176
172 177
172 249
182 206
182 223
192 217
193 217
