heur006_n_180_m_6067
1 64
1 65
1 67
1 74
1 75
1 86
2 129
2 37
2 54
3 92
4 92
5 32
5 36
5 105
5 78
5 144
5 178
5 30
5 31
5 122
6 129
6 37
6 54
7 170
7 41
8 35
8 39
8 44
8 77
8 53
8 66
8 176
9 159
9 145
9 52
9 163
9 113
10 90
11 170
11 107
11 101
11 41
12 159
12 52
13 159
13 145
13 52
13 163
13 113
14 132
14 139
14 140
14 115
14 120
14 142
14 160
15 170
15 107
15 101
15 41
16 159
16 145
16 52
16 163
16 113
17 162
17 70
17 109
17 46
17 47
17 48
17 49
17 50
17 51
17 116
17 85
17 112
17 138
18 89
19 129
19 37
19 54
20 170
20 107
20 101
20 41
21 159
21 145
21 52
21 163
21 113
22 90
23 125
23 63
23 102
24 159
24 145
24 52
24 163
24 113
25 125
25 102
26 166
26 167
26 174
27 96
27 98
27 99
28 92
29 125
30 105
30 178
30 144
30 122
31 105
31 78
31 144
31 122
32 105
32 178
32 144
32 122
33 100
33 55
33 60
33 153
33 157
34 105
34 178
34 144
34 122
36 105
36 78
36 178
36 144
36 122
37 129
37 42
37 54
38 96
38 98
38 99
38 94
38 95
39 66
39 176
41 170
41 107
42 129
43 125
43 102
44 176
45 141
45 149
45 150
45 155
45 97
46 112
46 162
46 138
47 85
47 162
47 138
48 162
48 138
49 112
49 162
49 138
50 162
50 138
51 116
51 85
51 112
51 162
51 138
52 145
52 159
52 163
55 81
56 133
57 133
58 133
59 165
60 81
60 177
60 153
60 157
61 93
61 165
61 91
62 157
63 125
63 102
68 82
68 83
68 87
68 126
68 111
68 123
69 133
70 116
70 112
70 109
70 162
70 138
71 165
72 133
73 93
73 165
76 157
78 178
78 122
79 173
79 121
79 180
80 111
81 100
81 177
83 111
84 111
84 123
85 116
85 112
85 162
85 138
87 111
88 136
88 128
88 127
88 151
91 165
93 114
97 141
97 143
97 149
97 150
97 155
100 177
100 153
100 157
101 170
102 125
105 178
105 144
107 170
108 161
108 171
108 148
108 152
108 156
109 162
109 138
110 154
111 126
112 162
112 138
113 163
113 159
114 165
115 160
116 162
116 138
117 154
118 154
121 172
121 173
122 144
123 126
124 179
127 151
128 151
130 179
131 179
132 160
133 175
136 151
137 179
145 159
145 163
147 174
153 177
157 177
