heur039_n_361_m_13593
1 330
2 32
4 90
5 156
5 173
6 256
6 276
6 303
6 301
7 153
7 130
7 107
8 260
8 230
9 293
9 267
10 59
12 236
12 16
12 85
15 292
15 266
15 299
15 211
15 119
16 17
16 22
16 85
17 236
17 85
21 24
21 164
21 100
21 47
21 340
22 236
22 85
23 48
23 41
23 98
24 164
24 249
24 340
28 335
33 313
33 145
34 182
39 282
39 300
39 255
40 78
42 61
42 193
43 59
47 164
47 249
47 340
50 293
50 267
51 84
55 61
55 193
56 216
58 302
61 146
61 193
62 135
66 286
67 117
67 109
67 118
68 306
68 181
69 302
71 234
71 124
71 317
71 332
72 273
72 271
72 95
73 190
73 167
74 327
78 331
82 302
83 135
86 231
88 222
88 163
97 135
100 164
100 249
100 340
102 172
106 327
112 296
112 113
112 179
115 244
119 266
119 211
124 332
126 182
131 233
133 316
133 334
138 186
138 306
138 326
138 181
139 293
139 267
140 219
140 141
141 178
141 219
145 161
146 193
150 188
150 199
155 224
155 258
155 320
161 313
163 213
163 222
163 215
164 340
168 341
172 325
174 240
174 237
174 223
174 177
177 223
178 219
181 326
181 306
181 186
182 350
186 306
187 361
187 298
187 355
187 274
188 199
192 341
195 228
201 212
205 349
205 269
205 278
205 309
211 299
211 292
216 218
227 241
233 272
233 265
234 332
248 251
249 340
251 305
254 280
254 360
254 354
264 322
264 268
264 318
264 287
268 322
268 318
268 287
269 309
274 355
274 361
274 298
277 336
277 339
278 309
279 341
280 354
294 307
297 323
297 308
297 311
301 303
302 343
304 307
306 326
307 338
309 349
317 332
354 360
