heur016_n_300_m_15456
2 255
3 224
5 267
6 193
7 255
8 40
10 185
12 88
13 288
15 197
18 40
19 249
19 173
23 150
23 142
23 94
27 120
28 75
29 77
30 120
30 180
31 96
36 84
36 85
37 154
38 61
38 289
38 250
43 229
48 166
50 204
50 218
51 233
54 166
61 250
62 112
62 114
66 295
67 254
67 261
68 239
77 90
78 254
78 261
81 298
89 175
94 279
94 150
98 238
98 141
101 210
102 210
105 204
105 218
106 212
107 290
111 192
111 209
113 205
116 205
117 164
118 216
118 280
119 290
120 180
123 216
123 280
124 194
127 194
128 170
132 174
139 174
142 279
143 230
149 230
150 279
172 259
173 249
178 215
189 226
189 227
192 209
204 218
211 271
216 280
222 296
222 297
236 284
242 284
247 273
250 289
252 256
