heur019_n_300_m_28765
8 119
11 167
12 163
12 162
12 165
12 166
12 158
13 295
13 210
13 216
13 217
13 188
16 182
16 278
16 230
16 181
17 259
17 240
17 241
17 242
17 243
17 247
19 196
20 190
21 178
21 187
21 201
22 178
22 187
22 201
23 178
23 187
23 201
24 274
24 156
25 187
26 178
26 187
27 187
27 231
28 254
28 187
28 201
29 256
35 178
35 187
36 254
36 178
36 187
37 207
37 210
37 213
37 214
37 216
37 217
37 218
37 188
37 164
38 191
38 171
38 172
38 177
38 159
39 256
39 268
39 257
40 168
41 156
45 178
45 187
48 156
48 258
49 156
49 258
50 154
51 154
52 154
52 176
53 154
54 289
54 226
54 283
54 190
56 164
56 295
56 210
56 212
56 213
56 214
56 216
56 188
57 176
58 154
60 154
61 192
61 195
62 154
66 240
66 242
66 243
66 246
66 247
69 196
70 196
71 196
75 199
75 205
75 206
75 208
75 215
75 211
76 273
76 277
76 279
77 262
77 266
77 267
77 269
77 251
77 193
77 189
78 196
79 196
82 196
85 300
90 284
92 284
93 284
94 284
96 192
98 160
98 162
98 163
98 165
98 166
98 158
99 154
99 176
100 259
100 241
100 246
100 253
101 225
101 168
102 225
104 225
104 168
105 284
106 168
107 168
108 168
109 168
110 225
110 168
110 261
111 263
111 194
119 236
122 236
123 236
123 300
124 236
124 300
129 300
130 157
130 155
131 182
131 230
132 182
132 230
133 182
133 181
134 278
134 181
134 260
135 278
135 230
135 181
135 260
136 182
136 278
137 182
137 278
137 230
138 182
138 181
138 260
139 263
140 194
141 263
141 194
142 194
143 263
143 194
144 263
146 199
146 202
146 203
146 205
146 208
146 215
146 211
147 182
147 278
147 181
147 260
148 161
148 163
148 162
148 165
148 158
151 226
151 293
151 281
151 283
151 190
153 263
153 194
155 270
156 258
156 274
157 270
158 264
160 264
161 264
162 264
163 264
164 295
164 239
164 221
165 264
166 264
167 245
167 248
167 249
167 250
168 225
168 261
175 290
175 291
175 292
175 294
175 296
175 297
175 298
175 299
178 254
178 231
181 230
181 278
181 260
182 278
182 230
182 260
187 254
187 231
188 295
188 239
188 221
189 262
189 265
189 266
189 267
189 269
189 251
190 288
190 289
190 226
190 293
190 281
190 282
190 286
193 262
193 265
193 266
193 267
193 269
199 211
200 224
200 227
200 228
200 235
200 219
200 220
200 222
201 231
201 254
207 295
207 239
207 221
209 271
209 273
209 275
209 276
209 277
210 295
210 239
210 221
212 295
212 239
212 221
213 295
213 239
213 221
214 295
214 239
214 221
216 295
216 239
216 221
217 295
217 239
217 221
218 295
218 239
218 221
