heur028_n_330_m_3253
4 170
6 225
6 186
6 226
6 268
6 259
7 303
8 107
8 109
8 111
8 147
8 149
8 278
8 173
10 163
10 164
10 165
10 279
11 135
11 93
11 94
11 95
11 130
11 116
12 265
12 127
13 265
13 127
14 265
14 127
15 94
15 93
15 95
15 135
15 130
15 116
16 35
16 37
16 38
16 39
16 31
16 153
17 262
17 210
18 303
19 239
19 304
19 280
19 249
19 283
20 262
20 210
21 212
21 213
21 214
21 215
21 216
21 207
22 97
22 146
23 141
23 246
23 247
23 250
23 251
23 252
24 97
24 146
25 97
25 146
26 97
26 146
31 153
35 153
37 153
38 153
39 153
41 240
42 240
44 240
46 303
49 303
50 265
50 127
51 124
52 124
53 124
56 71
56 73
56 138
56 112
56 113
56 155
57 307
57 312
57 315
57 317
57 318
60 275
61 126
62 321
62 322
62 281
62 282
62 319
62 233
62 301
63 275
64 275
65 131
66 126
68 289
68 260
68 295
68 298
71 138
73 138
75 142
75 187
76 142
76 187
77 240
78 142
78 187
79 240
82 219
82 308
84 223
85 231
86 219
86 308
88 208
88 209
88 168
88 167
89 115
89 117
89 119
89 156
89 157
90 217
90 201
91 124
92 124
93 130
93 116
94 130
94 116
95 130
95 116
96 220
96 200
97 146
102 263
102 264
102 222
102 302
103 275
104 188
104 183
104 160
105 183
105 160
106 152
106 154
106 235
106 238
107 278
107 173
108 205
109 278
109 173
110 126
111 278
111 173
112 138
113 138
114 323
114 324
114 326
114 327
116 130
116 135
118 330
118 140
118 182
118 300
123 224
123 237
123 276
123 236
125 243
127 265
128 218
129 299
129 172
130 135
132 217
132 201
133 217
133 201
134 228
134 229
134 230
134 267
134 270
134 195
136 220
136 200
137 220
137 200
138 155
139 232
139 234
139 277
140 330
140 300
141 246
141 247
141 250
141 251
141 252
142 187
143 188
143 160
144 275
145 205
147 278
147 173
148 205
149 278
149 173
150 194
152 238
154 238
160 183
160 188
163 279
164 279
165 279
169 174
169 175
169 176
169 177
169 179
172 299
173 278
178 200
182 330
182 300
183 188
186 259
189 194
190 194
195 228
195 229
195 230
195 267
195 270
200 220
201 217
206 288
206 290
206 285
206 286
206 287
207 212
207 213
207 214
207 216
207 215
210 262
219 308
222 302
224 276
224 236
224 237
225 259
226 259
227 273
233 321
233 322
233 281
233 282
233 319
233 301
235 238
239 304
239 249
249 280
249 304
249 283
255 293
256 293
258 293
259 268
263 302
264 302
266 273
280 304
281 301
282 301
283 304
301 321
301 322
301 319
