heur036_n_347_m_17983
1 164
1 55
1 292
2 295
3 150
3 69
3 244
5 177
6 234
6 307
6 163
8 281
8 282
9 177
10 76
14 171
14 324
15 272
15 274
15 121
16 304
19 106
19 178
21 106
21 178
22 117
22 287
22 251
23 172
23 219
24 142
25 176
25 60
28 59
28 52
28 54
29 271
32 207
36 72
36 238
37 76
39 64
39 84
39 62
40 95
42 76
43 83
43 70
44 94
44 255
45 94
45 255
49 97
49 148
50 345
50 330
51 78
55 164
55 292
56 153
56 201
56 166
57 155
57 222
60 176
61 172
61 219
65 293
66 267
69 150
69 244
72 238
73 315
73 269
80 131
81 177
85 196
88 196
89 129
89 160
91 196
94 255
94 195
98 264
98 273
98 275
102 251
106 178
107 213
107 169
111 265
111 262
117 251
119 174
123 227
124 219
125 219
129 160
130 324
138 174
139 324
146 213
146 169
150 244
151 276
161 221
162 200
163 234
163 307
164 292
167 322
171 324
172 219
173 321
181 263
184 326
187 249
187 258
187 317
192 344
192 321
195 255
200 223
202 306
209 333
211 221
212 310
212 299
212 283
214 328
217 333
220 309
221 254
227 231
232 311
237 313
239 332
242 336
242 291
249 317
251 287
253 278
256 304
268 344
268 321
270 278
279 309
283 299
283 310
289 296
289 297
289 325
299 310
301 313
302 313
308 337
308 339
321 344
