heur030_n_330_m_5613
1 290
3 275
3 201
3 163
4 229
4 228
4 189
5 290
6 276
6 278
6 271
6 244
6 239
7 93
8 177
8 180
8 133
8 315
9 291
9 317
9 87
9 213
10 93
11 145
11 148
11 146
12 247
16 224
16 187
16 227
17 291
17 317
17 87
17 213
17 83
18 152
18 153
18 190
18 191
18 186
19 291
19 317
19 87
19 213
19 83
23 268
25 59
25 321
25 197
26 59
26 321
26 197
27 268
28 205
29 268
30 205
31 268
35 205
38 294
39 205
42 294
43 50
44 294
45 104
45 105
45 110
45 143
45 303
45 175
45 96
45 289
45 173
49 108
50 84
50 117
51 166
51 207
57 309
57 181
57 182
57 91
58 81
58 122
58 78
59 321
59 197
62 321
62 197
65 295
68 129
69 129
73 304
73 89
75 304
75 89
77 304
77 89
79 257
79 259
79 263
79 219
79 208
82 257
82 259
82 263
82 157
82 219
82 208
83 291
83 213
83 317
87 291
87 317
87 213
88 262
88 238
88 272
88 273
88 274
88 277
88 279
89 304
89 113
90 202
90 299
90 120
90 154
90 156
91 309
91 182
91 181
94 248
94 130
94 174
94 106
95 109
96 104
96 105
96 110
96 143
96 303
96 175
96 289
96 173
98 109
99 109
101 112
102 321
102 197
103 112
104 303
104 175
104 289
104 173
105 303
105 175
105 289
105 173
106 130
106 132
106 174
106 248
107 129
110 303
110 175
110 289
110 173
112 142
113 304
118 204
119 300
119 302
119 125
120 299
123 179
124 329
124 326
124 327
125 300
125 302
127 221
127 222
127 223
130 248
131 178
131 139
131 176
131 225
132 248
133 315
135 282
138 312
138 313
138 310
138 311
139 225
141 218
141 283
141 285
141 287
141 298
143 303
143 175
143 289
143 173
144 265
144 266
144 269
149 295
150 295
152 186
153 186
154 299
156 299
157 257
157 259
157 263
157 219
157 208
158 183
159 183
160 179
161 179
162 183
163 275
167 245
167 231
169 245
169 231
170 245
170 231
171 282
172 217
172 215
173 289
173 303
174 248
175 303
175 289
176 225
177 315
178 225
180 315
181 309
182 309
183 198
186 191
188 296
188 330
188 305
188 306
188 307
188 308
188 325
197 321
200 216
200 253
200 292
201 275
202 299
208 257
208 259
208 263
208 219
213 291
213 317
216 292
218 283
218 285
218 287
218 298
220 232
220 234
226 249
226 246
230 288
230 260
230 261
230 297
231 245
238 273
238 274
238 272
238 262
239 271
239 244
239 276
240 286
244 276
244 271
244 278
260 288
261 288
262 272
262 273
262 274
262 277
262 279
272 277
272 279
283 298
285 298
287 298
288 297
291 317
296 306
296 307
296 308
296 325
305 325
306 325
307 325
308 325
