heur008_n_250_m_1045
1 106
1 89
2 168
2 169
2 170
2 171
2 173
3 183
3 69
4 25
4 193
5 144
5 82
5 133
5 231
5 237
6 62
7 54
7 228
7 11
8 192
8 41
8 182
9 10
10 15
10 17
10 20
11 228
11 54
12 183
12 69
13 183
13 69
14 183
14 69
16 106
16 89
18 106
18 89
19 106
19 89
21 106
21 89
22 68
22 198
22 176
22 145
22 180
22 84
22 185
22 191
22 246
23 235
23 102
23 99
25 193
27 224
27 213
27 214
27 217
27 221
27 157
27 233
27 37
28 108
28 127
29 161
29 166
29 167
29 243
29 158
29 159
35 202
35 107
35 204
35 205
35 203
35 238
35 210
35 212
35 250
37 224
37 233
37 213
37 214
37 157
37 217
37 221
39 232
39 234
40 249
40 242
41 192
41 182
43 67
44 67
45 139
46 77
46 78
46 80
46 208
46 86
46 95
47 67
48 67
49 67
50 67
52 57
52 179
54 228
55 209
56 57
56 179
57 179
58 151
58 152
58 153
58 154
58 156
60 138
63 138
65 132
66 209
68 198
68 176
68 145
68 180
68 185
68 191
68 84
68 246
69 183
70 163
71 138
72 209
73 138
74 138
75 209
76 101
76 178
77 208
78 208
79 200
79 201
79 206
79 211
79 215
79 216
79 116
80 208
81 135
81 110
81 142
81 240
82 144
82 133
82 231
82 237
83 135
83 110
83 142
83 240
84 198
84 176
84 145
84 180
84 185
84 191
84 246
85 135
85 110
85 142
85 240
86 208
89 106
94 178
94 101
95 208
99 235
99 102
101 178
102 235
104 177
104 248
107 202
107 203
107 204
107 205
107 238
107 210
107 212
107 250
108 127
109 227
110 135
110 142
110 240
111 177
111 248
112 177
112 248
115 177
115 248
116 200
116 201
116 206
116 211
116 215
116 216
117 227
118 177
118 248
119 177
119 248
120 227
122 227
123 162
123 190
125 227
126 189
126 194
128 189
128 194
130 245
131 137
131 140
131 150
131 244
133 144
133 231
133 237
135 142
135 240
136 189
136 194
137 244
140 244
141 189
141 194
142 240
143 196
143 199
143 181
143 184
143 186
144 231
144 237
145 198
145 176
145 180
145 185
145 191
145 246
146 247
146 241
150 244
155 197
157 224
157 213
157 214
157 217
157 221
157 233
158 243
159 243
160 239
160 236
160 207
161 243
162 190
164 225
164 218
164 219
164 220
164 222
164 223
164 230
165 175
165 197
166 243
167 243
172 175
172 197
174 197
175 197
176 246
177 248
180 246
185 246
189 194
191 246
198 246
200 201
200 206
200 211
200 215
200 216
202 238
202 250
203 238
203 250
204 238
204 250
205 238
205 250
207 236
207 239
210 238
210 250
212 238
212 250
213 233
214 233
217 233
218 230
219 230
220 230
221 233
222 230
223 230
224 233
225 230
238 250
241 247
