heur007_n_200_m_6731
1 29
1 38
1 184
2 75
2 83
3 111
4 42
4 147
6 42
6 147
6 62
6 152
7 54
8 173
8 178
8 119
9 111
9 75
10 39
11 47
12 200
14 66
15 147
15 62
16 65
16 95
17 39
18 39
20 33
21 185
21 77
23 33
24 77
25 195
25 189
25 191
26 126
27 192
27 52
28 126
28 115
29 88
29 184
30 126
30 115
31 57
32 33
32 55
32 131
33 55
33 131
35 192
35 58
35 52
37 57
38 88
40 78
40 79
41 174
41 117
42 61
42 147
42 62
42 152
44 146
44 138
49 66
50 64
50 136
51 124
53 90
53 140
54 68
54 92
56 136
58 192
61 147
61 152
62 152
63 125
68 132
69 160
69 149
74 102
74 160
74 149
75 111
76 160
76 149
77 185
80 153
80 154
81 166
81 182
84 200
84 197
84 199
86 144
86 156
86 150
87 141
88 184
89 141
90 140
95 130
95 180
96 188
98 175
99 141
101 188
102 149
109 188
111 171
112 118
113 179
113 121
115 126
117 174
119 173
119 178
119 186
120 165
121 177
121 179
123 193
127 193
130 180
163 168
163 170
176 195
176 189
176 191
178 186
