heur017_n_300_m_15641
1 258
1 261
1 262
1 96
1 230
2 191
2 64
2 91
4 247
5 146
7 297
8 268
9 42
11 251
12 144
12 149
12 150
12 201
12 142
13 269
14 272
14 270
14 278
14 264
15 275
16 275
17 275
18 220
19 281
19 285
19 188
20 158
20 100
20 283
24 80
24 85
25 220
32 299
35 299
35 205
38 299
38 205
41 269
43 152
43 170
43 163
44 241
44 156
45 231
46 231
48 231
49 181
50 185
51 256
52 106
52 217
53 181
54 106
54 217
55 93
56 93
57 93
58 297
59 297
60 297
61 236
64 191
65 135
66 92
66 86
66 162
67 265
67 266
67 267
69 236
71 172
71 173
71 161
73 206
73 209
74 206
76 248
77 260
77 167
79 206
79 209
81 232
81 186
84 174
86 162
87 174
90 174
91 191
92 162
96 258
96 261
96 262
96 230
100 283
102 292
103 292
105 240
106 217
108 240
110 300
111 225
111 155
112 225
112 155
113 225
113 155
114 243
114 239
116 187
116 293
118 293
120 300
121 160
121 145
121 147
126 216
126 211
129 263
132 292
133 160
133 147
138 300
139 234
139 235
139 238
142 201
144 201
149 201
150 201
153 207
158 283
161 172
161 173
164 290
164 291
164 298
164 197
167 260
171 276
176 276
180 276
182 251
182 279
187 293
188 281
188 285
197 291
197 298
205 299
214 245
230 258
230 261
230 262
237 268
246 259
246 255
