heur024_n_329_m_27115
1 210
1 219
1 183
1 208
2 136
2 139
2 117
2 189
4 299
5 35
6 140
10 282
10 287
11 172
11 175
12 58
12 43
17 286
21 307
26 223
27 165
29 161
29 206
32 201
35 79
39 138
39 261
39 141
41 144
45 99
45 94
66 129
66 78
66 231
70 75
72 257
74 296
80 217
81 230
88 280
89 241
91 144
92 230
102 161
103 167
113 222
113 237
114 167
115 164
115 207
116 225
117 189
119 225
122 250
122 251
124 267
130 274
130 215
133 151
134 228
136 189
138 141
139 189
140 173
141 261
142 312
145 222
145 237
148 171
153 176
159 300
159 319
160 268
161 206
162 305
163 248
163 244
163 272
166 307
172 175
183 210
183 219
183 208
184 289
184 194
185 212
192 234
194 289
199 203
199 252
199 285
199 318
203 252
203 285
203 318
204 212
211 323
216 305
222 237
245 258
248 272
252 285
257 284
285 318
