heur020_n_320_m_5905
4 23
10 298
10 188
14 54
14 207
15 284
17 189
17 316
24 107
26 83
27 136
28 288
29 247
30 205
33 63
35 224
37 85
41 202
46 248
46 253
47 227
48 132
49 264
50 258
52 279
54 207
55 263
56 218
57 276
62 273
64 216
65 121
67 178
69 168
72 183
74 152
74 201
75 97
76 116
78 123
80 176
84 95
87 186
93 94
98 122
110 127
111 235
115 267
119 155
139 169
140 268
148 251
152 201
158 282
163 209
165 262
166 287
167 255
174 184
175 320
187 217
188 298
189 316
197 291
198 219
200 302
206 281
212 272
231 243
239 260
254 292
266 294
271 283
277 310
307 315
