heur035_n_345_m_17798
1 298
1 287
1 295
1 114
4 24
4 74
9 140
10 215
15 207
16 291
18 272
18 280
18 277
19 297
19 325
21 207
22 140
26 188
27 66
27 68
27 78
30 259
31 240
31 245
31 247
33 216
33 217
33 238
34 70
37 113
37 50
37 52
37 224
38 188
41 140
42 128
42 117
42 254
42 111
43 329
44 188
46 91
46 63
50 103
50 224
52 103
52 224
53 329
54 108
54 186
54 92
54 307
55 242
55 246
56 265
57 195
57 203
58 219
58 76
59 297
59 325
61 70
62 326
71 329
72 162
72 151
73 265
75 265
76 219
76 102
79 205
81 273
82 85
82 174
84 273
85 96
85 174
86 170
87 331
87 339
87 124
88 146
89 240
89 247
89 245
92 307
95 184
95 161
95 175
95 149
96 174
99 145
100 339
100 331
100 124
101 268
102 219
103 113
103 224
108 307
109 321
109 213
110 129
110 130
110 288
111 254
113 224
114 295
114 298
114 252
114 287
115 145
117 254
118 268
120 225
120 206
121 320
122 268
124 331
124 334
124 339
126 145
128 254
129 337
130 337
131 261
134 261
143 221
148 221
149 184
149 175
159 258
164 261
170 305
170 290
170 323
170 318
178 297
178 325
185 291
186 307
187 222
190 328
191 328
197 328
200 304
200 300
200 332
213 321
215 314
231 241
231 342
231 262
231 257
248 340
248 335
252 298
252 295
252 287
253 320
259 345
259 341
259 343
269 306
269 324
275 344
275 310
288 337
297 325
