heur056_n_300_m_12131
5 190
7 67
7 105
7 177
9 251
12 177
18 46
20 22
20 58
20 190
20 23
22 180
22 190
22 23
25 153
25 183
25 253
25 273
25 287
25 286
28 58
28 174
28 180
28 190
29 287
29 286
31 67
31 93
31 105
31 193
32 153
32 287
33 38
33 39
33 46
33 136
33 140
33 155
35 109
35 127
35 274
35 285
35 292
37 248
37 264
38 155
39 155
40 110
40 129
40 296
42 129
43 268
43 271
44 98
44 127
45 262
45 271
46 136
46 140
50 105
50 193
51 271
51 295
53 251
58 180
67 177
74 100
74 105
74 177
79 151
79 150
84 123
84 131
84 151
84 156
84 150
86 129
86 298
86 299
89 129
90 170
91 110
91 129
93 177
98 274
98 285
98 292
100 193
102 110
102 122
102 296
105 165
105 177
107 151
110 298
110 299
113 242
113 276
113 281
113 290
114 290
123 151
126 222
126 242
126 281
127 274
129 296
129 298
129 299
130 267
139 236
148 240
152 219
152 242
153 253
153 287
153 283
157 220
158 219
169 170
171 228
176 204
179 200
182 244
182 247
183 287
183 283
183 286
195 198
197 200
201 214
210 214
213 242
219 242
219 276
219 290
220 222
220 242
220 276
220 290
234 290
242 290
253 283
253 286
262 268
273 283
273 286
277 291
287 289
