heur004_n_140_m_3014
1 9
1 75
1 133
1 28
2 113
3 57
3 62
3 64
3 80
4 137
4 50
4 128
5 48
5 88
5 44
6 26
6 29
7 100
8 122
8 140
8 73
8 53
8 125
9 72
9 75
9 133
9 28
10 51
10 66
10 123
10 104
11 78
11 81
11 135
12 84
12 94
12 115
12 139
13 100
14 135
14 79
15 50
16 92
16 36
16 95
16 76
17 137
17 50
17 128
18 94
18 115
18 139
19 38
19 65
20 57
20 62
20 64
20 80
21 26
21 29
22 65
22 93
22 99
23 43
23 86
23 127
23 60
24 112
24 110
24 120
24 108
24 131
25 51
25 66
25 123
25 104
27 42
27 129
28 75
28 133
29 70
31 121
32 43
32 86
32 127
32 60
33 49
33 55
33 83
34 114
34 59
34 106
35 129
35 47
36 92
36 95
36 76
37 121
37 107
38 65
38 99
39 114
39 59
39 106
40 56
40 45
43 127
43 60
44 124
44 130
45 56
45 138
45 63
48 130
50 137
50 128
51 66
51 123
52 63
53 122
53 140
53 125
56 138
59 114
59 106
60 86
60 127
61 134
61 117
61 116
62 80
64 80
66 123
66 104
68 134
68 96
68 116
69 100
71 106
72 133
73 122
73 140
73 125
74 101
75 133
76 92
76 95
77 118
77 119
77 90
77 102
78 135
79 135
81 135
82 132
82 111
84 139
85 98
86 127
87 90
87 102
87 119
87 118
88 130
89 121
89 107
90 118
90 119
94 115
96 134
96 117
96 116
98 136
102 118
102 119
103 136
106 114
107 126
108 131
109 132
110 131
112 131
113 136
116 134
117 134
120 131
124 130
