heur031_n_330_m_7270
3 193
5 319
5 192
6 191
6 234
8 251
10 163
11 193
14 117
16 213
16 260
19 133
20 116
21 151
22 151
23 79
24 121
24 82
25 140
26 126
27 140
28 281
29 283
29 320
30 56
30 229
31 322
31 127
32 275
32 104
33 281
34 308
36 243
39 237
40 183
42 303
42 305
43 237
44 308
47 130
48 130
49 250
50 246
50 207
51 177
51 216
52 215
52 178
53 273
53 176
54 311
55 296
57 94
58 249
60 218
60 309
61 265
61 258
62 259
62 315
65 251
67 255
67 197
69 257
69 256
72 284
72 228
73 99
73 287
75 306
76 101
76 100
80 188
84 304
84 316
86 131
87 155
91 169
92 185
93 170
94 148
95 189
95 124
97 201
97 210
98 311
99 287
102 139
102 289
104 275
105 129
105 132
108 239
110 262
112 164
114 274
114 317
115 217
115 264
123 183
124 189
126 277
127 322
134 185
136 199
136 244
137 250
138 212
138 211
139 289
143 271
144 271
145 159
145 165
147 214
147 272
152 306
156 231
160 171
160 269
161 280
161 263
162 276
167 232
168 196
168 198
169 330
172 190
175 270
175 300
176 273
179 254
179 253
184 295
184 294
186 292
190 209
192 319
194 204
195 288
197 255
201 210
203 325
205 276
206 324
207 246
214 272
217 264
218 309
224 318
224 329
226 292
227 247
228 284
249 312
252 310
252 279
258 265
259 315
263 280
279 310
318 329
