heur030_n_330_m_5613
1 240
1 297
2 235
2 311
3 224
3 254
3 258
4 212
4 246
5 242
5 241
5 219
6 293
7 62
8 190
9 190
10 148
10 102
11 240
11 297
12 207
12 166
13 98
13 268
14 109
15 109
16 109
17 83
17 134
18 148
18 102
19 190
20 283
20 285
21 289
23 239
23 215
24 235
24 311
25 287
25 49
26 324
27 126
27 129
27 168
29 177
31 287
31 49
32 107
32 251
33 293
34 286
36 107
36 251
37 135
37 173
38 222
40 288
40 292
41 286
42 222
43 222
44 91
44 218
44 295
45 234
45 149
46 286
49 287
50 149
51 157
53 157
54 299
55 299
56 196
56 133
58 93
58 132
61 117
62 324
65 215
66 275
66 276
67 302
68 289
69 289
70 154
71 154
74 310
74 312
74 313
79 230
79 232
79 216
83 134
84 201
84 199
90 320
90 322
90 255
91 218
91 295
92 163
92 120
94 157
95 188
95 151
95 225
96 265
96 266
96 269
97 296
97 309
97 101
98 268
100 305
100 306
100 307
101 296
103 271
105 323
106 301
107 251
108 302
110 124
110 272
111 298
111 174
112 228
112 229
114 298
114 174
115 252
115 175
115 179
116 207
117 137
118 209
118 247
118 128
119 134
121 257
121 259
124 272
125 159
125 208
127 256
127 280
127 281
128 247
131 263
131 300
131 303
133 196
136 299
137 197
138 253
139 213
139 231
140 293
141 194
141 237
141 236
144 214
145 301
146 156
146 202
147 301
150 182
150 220
150 211
151 225
152 318
153 318
155 243
155 308
158 183
158 184
158 186
159 208
160 282
161 282
162 208
165 321
173 264
174 298
175 252
178 253
179 252
181 217
181 214
187 319
187 193
189 203
189 204
191 318
192 203
192 204
193 227
193 319
195 243
195 308
196 226
198 330
198 328
198 205
205 328
206 321
210 321
211 220
212 245
212 246
213 231
215 239
216 230
216 232
218 295
219 241
219 242
221 327
221 267
223 327
224 254
224 258
227 319
228 290
229 290
235 311
240 297
243 308
244 270
248 285
248 283
249 325
249 326
250 274
255 322
255 320
256 280
256 281
260 291
261 291
262 291
267 327
