heur033_n_330_m_13861
1 104
1 259
1 187
2 223
2 282
2 214
3 131
3 141
3 201
3 202
3 237
5 316
6 205
6 252
6 193
7 241
7 242
7 244
7 315
7 149
8 316
9 316
10 316
11 316
15 211
15 217
15 218
15 221
15 220
16 55
16 56
17 240
18 240
19 240
20 196
20 197
20 207
20 143
21 243
21 253
22 243
22 253
24 289
24 274
24 277
24 128
25 281
25 283
25 285
26 145
26 183
26 203
26 328
27 290
27 296
27 297
27 298
27 300
28 304
29 256
29 134
30 304
31 304
32 304
33 216
33 310
34 188
34 191
34 194
34 261
34 236
35 205
35 252
35 193
36 184
36 222
36 306
37 96
38 94
38 294
39 205
39 252
39 193
40 94
40 294
42 94
42 294
43 204
43 210
43 182
45 101
45 52
46 101
46 52
47 304
48 52
49 243
49 253
50 106
51 203
51 328
52 70
53 235
53 320
53 247
53 271
54 291
54 292
54 295
54 273
57 313
57 118
58 66
58 215
59 274
59 289
59 277
59 128
60 215
66 99
66 100
66 215
69 124
69 129
69 272
69 248
70 101
73 174
73 180
73 177
73 178
73 176
74 175
74 146
75 243
75 253
76 175
76 146
77 175
77 146
78 175
78 146
79 226
81 226
81 96
82 287
82 324
83 224
83 225
83 228
83 231
83 142
84 281
84 283
84 285
85 324
86 226
86 96
89 121
89 122
90 320
90 235
90 247
90 271
91 321
91 312
91 115
91 262
92 154
92 254
92 257
92 264
92 268
93 105
93 148
93 317
93 318
93 200
94 123
94 294
95 313
95 293
95 118
96 226
97 321
97 312
97 115
97 262
99 215
100 215
102 117
102 153
102 322
103 275
104 259
105 318
105 317
105 200
106 240
107 326
108 259
109 181
109 222
109 306
110 309
110 307
110 212
110 219
111 186
111 326
112 187
113 287
113 324
113 279
114 325
114 330
114 327
114 267
115 321
115 312
115 262
116 267
116 327
116 325
116 330
117 322
118 293
118 313
119 223
119 214
120 147
123 294
124 272
124 248
126 182
128 289
128 277
128 274
129 189
129 248
130 293
131 201
131 237
132 168
134 246
134 250
134 251
135 165
136 165
141 201
141 202
142 231
143 197
143 196
143 166
145 328
145 203
146 175
148 317
148 318
148 200
149 241
149 242
149 244
150 322
151 323
151 284
151 245
152 281
152 283
152 285
153 322
154 254
154 257
154 264
154 268
155 284
155 245
156 258
157 258
160 266
160 227
161 266
161 227
163 266
163 227
164 227
165 172
165 171
166 196
179 291
179 292
179 295
179 273
182 204
182 210
182 213
183 328
183 203
185 323
185 245
186 326
186 275
187 259
188 236
190 258
191 261
192 212
192 219
193 205
193 252
194 261
195 216
195 249
195 288
195 310
199 265
199 270
199 269
199 303
200 317
209 276
209 278
209 280
212 307
212 309
214 223
214 282
216 288
216 310
219 309
223 282
229 255
230 278
235 247
236 261
239 255
242 315
243 253
244 315
247 320
247 271
254 268
255 308
257 268
262 321
265 329
267 325
267 327
267 330
269 329
270 329
271 320
273 291
273 292
273 295
279 287
288 310
