heur016_n_300_m_15456
2 55
3 262
4 269
9 246
10 221
11 251
13 129
16 229
17 199
19 103
22 122
23 133
25 268
29 161
32 107
34 258
38 213
39 279
43 296
44 231
48 247
49 175
50 286
57 197
58 87
59 293
60 117
65 200
68 119
69 244
75 228
77 265
79 105
80 210
82 217
83 112
85 205
86 222
94 270
97 156
100 173
104 144
106 297
108 158
109 299
110 278
114 203
121 295
126 154
128 194
130 166
131 241
135 271
136 169
137 198
139 187
141 204
148 240
155 235
159 192
162 276
167 257
170 266
172 275
176 300
182 252
202 214
206 272
239 282
255 292
