heur006_n_180_m_6067
1 144
2 66
2 152
2 61
3 18
3 120
4 127
4 133
4 142
4 91
5 76
6 76
7 57
7 95
8 76
9 62
9 92
9 123
10 56
10 62
10 92
10 123
11 27
11 166
11 52
13 66
13 152
13 137
13 61
14 76
15 171
15 166
15 52
16 103
16 131
17 161
17 54
17 108
18 25
18 57
18 120
19 127
19 142
19 133
20 27
20 166
20 52
21 124
21 40
21 161
21 54
21 108
22 94
22 139
22 173
23 130
23 146
23 179
23 81
24 44
24 41
25 120
26 130
26 179
26 81
27 171
27 166
27 52
28 136
28 176
29 125
30 90
30 143
30 154
30 64
31 97
31 59
32 90
32 143
32 154
33 154
34 51
34 87
34 164
34 107
35 48
35 140
37 51
37 87
37 164
37 107
38 51
38 87
38 164
39 146
39 179
42 115
42 125
43 80
43 82
43 126
45 80
45 82
45 126
45 84
46 159
46 160
46 162
46 169
47 149
47 150
47 151
49 76
50 98
50 122
51 164
51 107
52 171
52 166
54 124
54 161
55 148
56 92
56 123
57 120
58 103
58 112
58 131
59 167
60 148
60 79
61 152
62 123
63 125
64 143
64 154
66 152
67 75
67 86
68 135
68 109
69 75
70 80
70 84
71 135
72 78
72 148
73 96
74 167
77 121
78 93
81 179
85 153
85 132
85 128
87 107
88 128
88 129
91 127
91 145
91 133
92 123
94 175
94 139
97 167
99 167
100 168
101 168
102 131
103 131
105 138
105 157
105 163
105 170
106 110
106 168
107 164
108 124
108 161
109 135
110 168
111 156
111 141
111 180
112 131
113 167
114 156
116 169
116 159
116 162
116 160
116 158
117 168
118 168
119 131
124 161
130 179
132 153
134 155
134 149
134 151
135 172
136 144
137 152
139 173
139 175
139 177
139 178
144 176
156 180
166 171
