heur005_n_160_m_4015
1 138
2 147
4 107
4 156
6 47
11 55
11 82
12 131
13 147
14 51
14 155
15 80
16 115
16 150
17 154
18 94
18 103
19 70
19 116
20 78
20 133
21 98
22 83
23 143
24 143
25 77
26 104
27 49
27 71
28 140
28 89
29 158
29 129
31 122
31 148
32 66
33 101
35 79
35 151
36 60
37 88
37 105
39 76
39 127
40 145
40 112
41 106
42 111
46 96
46 153
48 60
49 71
51 155
52 126
52 63
53 120
54 119
55 82
56 132
57 142
61 77
62 132
63 126
64 98
73 135
74 111
75 135
76 127
78 133
79 151
81 134
88 105
89 140
91 137
94 103
102 146
107 156
110 139
112 145
119 159
122 148
125 144
128 144
131 136
