heur039_n_361_m_13593
1 112
1 142
2 238
4 45
4 54
6 219
6 302
7 308
7 323
8 268
9 140
9 193
10 68
11 248
12 289
14 229
16 260
17 95
17 353
18 156
20 350
21 204
22 338
22 201
24 239
26 324
27 191
29 229
35 61
36 135
37 41
37 98
38 227
38 346
40 290
40 321
42 180
46 214
49 282
50 170
51 198
52 172
55 180
57 245
62 113
63 186
66 123
67 222
67 215
68 305
69 97
75 311
76 186
81 307
81 244
82 247
86 132
88 200
89 102
89 199
90 292
91 306
99 163
100 234
100 332
102 199
105 149
110 144
111 149
117 315
118 160
124 339
128 152
132 266
133 162
135 293
138 224
138 320
139 170
140 193
143 248
145 296
146 198
148 258
150 258
152 221
162 205
168 348
172 288
175 342
175 356
179 334
182 230
183 268
185 303
191 300
192 348
195 200
201 338
206 357
217 360
219 302
223 349
225 276
226 360
227 346
228 269
228 278
234 332
235 337
237 254
251 281
252 264
262 294
271 358
273 358
277 324
279 309
279 327
280 357
282 286
284 311
296 325
303 319
310 331
313 326
316 326
318 352
322 359
342 356
