heur023_n_329_m_16183
7 213
8 199
9 293
10 227
12 184
13 75
14 196
16 53
17 276
20 96
23 261
24 272
25 79
26 308
27 239
29 115
30 231
33 146
35 319
36 188
37 124
39 200
41 170
42 250
43 183
44 95
45 178
46 254
47 145
48 172
49 204
50 328
51 296
56 173
73 203
74 162
78 194
88 107
98 122
101 258
105 157
108 211
114 277
116 246
121 267
125 161
129 191
132 167
135 311
144 190
147 275
149 222
150 329
160 289
163 327
165 201
169 215
171 202
179 324
197 235
206 259
207 280
208 257
210 283
216 237
218 313
220 265
228 291
233 300
236 245
243 315
309 312
