heur037_n_347_m_31752
6 163
9 244
13 228
14 175
15 175
16 85
16 155
22 240
23 248
25 165
25 98
28 287
28 288
28 292
29 115
29 116
30 263
34 82
38 187
45 69
46 113
46 261
51 333
51 318
51 319
55 132
57 277
61 133
65 308
65 305
65 299
68 230
69 247
73 259
74 259
75 276
77 207
79 154
81 234
82 322
82 260
87 194
87 212
87 189
89 277
91 164
94 213
94 343
98 211
99 259
102 218
106 231
108 154
110 117
112 336
118 181
119 323
119 325
119 327
120 235
123 229
123 310
127 196
127 180
127 233
133 215
136 251
137 334
137 145
139 324
145 334
148 174
149 324
151 158
153 324
154 221
158 181
161 219
162 218
164 214
164 313
165 211
167 291
171 192
171 268
171 254
172 244
175 220
176 320
184 334
185 332
186 226
188 332
189 194
189 212
190 223
194 212
213 345
222 344
237 267
238 280
239 306
239 314
243 290
251 293
251 279
255 347
267 339
269 289
270 289
295 341
