heur019_n_300_m_28765
1 194
2 194
3 194
4 154
4 167
4 157
6 194
7 194
8 194
9 264
10 161
14 194
15 278
15 282
16 200
16 201
16 202
16 204
16 206
16 156
17 161
18 161
19 180
20 161
21 195
22 249
22 195
23 278
24 256
24 254
24 216
25 188
25 189
25 191
25 196
27 249
27 195
28 249
28 195
28 262
29 199
30 215
31 199
31 281
31 241
31 293
32 216
33 199
35 249
35 195
36 109
36 265
36 263
36 266
37 164
37 186
37 100
38 209
38 210
38 211
38 213
38 214
38 217
39 199
39 281
39 241
39 235
41 170
43 204
43 202
43 200
43 206
43 156
45 154
45 162
49 170
50 164
50 186
51 278
52 288
52 283
53 278
55 283
58 278
61 222
61 224
61 230
61 228
61 227
61 258
61 247
61 185
61 251
63 270
63 265
66 249
66 262
68 264
69 180
72 180
76 131
76 294
77 239
80 166
81 166
82 182
82 187
82 226
82 163
84 218
85 157
85 162
85 276
86 158
86 159
86 168
86 190
87 166
88 166
93 218
96 218
97 169
97 171
97 173
97 178
97 177
97 174
98 209
98 210
98 211
98 213
98 214
98 217
98 233
100 143
100 164
100 186
100 126
102 295
102 296
104 253
108 280
109 198
110 244
110 268
110 277
111 243
111 260
111 215
113 208
113 271
115 246
116 161
118 199
118 241
118 293
119 208
121 263
121 198
122 208
124 158
124 159
124 160
124 168
124 165
124 203
124 190
126 164
126 186
127 208
130 164
130 186
131 294
132 283
132 288
133 294
134 294
135 294
136 278
137 154
139 164
139 186
140 206
140 156
141 208
143 164
143 186
145 208
146 215
146 259
147 180
148 182
148 193
148 187
148 163
152 234
152 236
156 261
157 276
158 223
159 223
160 223
162 221
163 226
165 223
167 276
168 223
169 250
170 253
171 250
173 250
174 250
175 250
176 250
177 250
178 250
181 226
182 226
183 226
185 222
185 224
185 230
185 228
185 227
185 258
185 247
185 251
187 226
188 237
188 292
188 269
188 225
189 237
189 292
189 269
189 225
190 223
191 269
191 225
192 237
192 292
192 269
192 225
193 226
195 249
195 262
196 237
196 292
196 269
196 225
197 231
197 234
197 236
197 238
197 284
198 263
198 265
198 266
198 267
198 270
199 281
199 241
199 293
199 235
200 261
201 261
202 261
203 223
204 261
205 290
205 299
205 296
205 300
205 298
205 297
205 295
206 261
207 236
207 234
207 238
207 284
208 271
209 232
209 233
210 232
210 233
211 232
211 233
212 231
212 234
212 238
212 236
212 284
213 232
213 233
214 232
214 233
215 243
215 240
215 242
215 260
215 259
215 220
216 245
216 248
216 254
216 255
216 256
216 257
216 219
217 232
217 233
252 272
