heur010_n_250_m_4507
1 145
1 211
2 48
2 67
2 68
2 118
2 43
3 201
4 145
4 154
4 211
5 145
5 154
5 211
6 49
6 75
6 78
6 59
7 201
8 126
8 128
8 130
8 136
8 30
10 183
10 102
10 235
10 209
12 201
13 201
14 201
16 34
16 88
16 142
16 129
17 33
17 113
17 239
17 240
17 216
18 228
18 229
18 236
18 233
18 230
19 220
19 221
19 250
19 104
19 174
20 89
20 139
20 77
20 238
20 125
21 225
21 151
21 90
21 86
22 97
22 100
22 99
22 219
22 195
23 225
23 90
23 86
24 92
24 95
24 46
24 123
25 79
25 81
25 82
25 29
26 121
26 141
26 178
27 164
27 204
27 207
27 247
27 188
28 149
28 190
28 98
28 197
28 176
29 79
29 81
29 82
30 126
30 128
30 136
31 84
31 177
31 196
32 64
33 239
33 240
33 113
33 216
34 88
34 134
34 142
34 129
35 56
35 69
35 87
35 115
35 245
37 147
38 147
39 131
41 147
42 147
43 67
43 68
44 147
45 58
45 63
45 223
45 184
46 92
46 93
46 95
46 123
47 162
47 191
47 212
48 67
48 68
48 118
49 78
49 59
53 152
53 153
53 155
53 160
54 192
54 91
54 166
56 87
56 115
56 245
58 223
58 184
59 78
60 235
61 131
62 223
62 184
63 223
63 184
65 80
65 163
65 170
65 172
65 208
66 194
66 200
66 96
66 248
67 118
68 118
69 87
69 115
69 245
71 185
71 227
71 231
71 241
71 234
75 78
76 114
76 122
76 169
77 139
77 238
77 125
78 161
80 163
80 172
80 170
80 208
83 132
83 202
83 206
83 217
83 213
84 133
84 135
84 177
84 196
85 137
85 143
85 124
85 144
86 225
86 151
87 115
87 245
88 134
88 142
88 129
89 139
89 238
89 125
90 225
90 151
91 127
91 192
91 166
91 119
92 123
94 114
94 122
94 169
95 123
96 194
96 200
96 248
97 219
97 195
98 197
98 176
99 219
99 195
100 219
100 195
102 183
102 235
102 209
103 186
104 221
104 220
104 250
104 174
105 186
105 205
106 186
106 205
107 248
108 189
110 167
110 168
110 175
110 171
110 173
111 189
113 239
113 240
113 216
114 169
115 245
116 189
119 127
119 192
119 166
120 189
121 141
121 178
122 169
124 144
125 139
125 238
127 192
127 166
132 206
132 213
132 217
132 202
133 177
133 196
135 177
135 196
137 144
139 238
140 156
140 158
140 159
140 165
140 199
141 178
143 144
145 211
146 162
146 191
146 212
148 155
148 152
148 153
149 190
149 197
149 176
150 191
150 212
150 162
151 225
154 211
156 199
157 203
158 199
159 199
162 191
162 212
163 208
164 204
164 207
164 247
164 188
165 199
166 192
169 182
170 208
172 208
174 220
174 221
174 250
177 196
183 235
183 209
184 223
185 227
185 234
185 241
186 205
186 232
188 204
188 247
191 212
194 248
195 219
200 248
204 247
205 232
207 247
209 235
216 239
216 240
220 250
221 250
