heur017_n_300_m_15641
3 82
4 107
5 116
6 107
7 82
8 95
9 117
10 94
10 274
12 296
13 204
14 293
14 214
15 112
15 113
17 275
18 213
19 299
19 152
20 60
20 210
21 70
21 157
22 171
22 119
23 220
23 241
24 239
25 213
29 139
32 109
32 97
33 123
33 141
34 127
35 296
36 98
36 197
37 93
37 88
38 156
38 229
39 110
39 138
40 198
41 177
44 117
46 118
47 189
47 183
48 116
49 102
53 104
53 99
54 236
58 231
58 73
59 95
60 210
64 185
65 297
67 161
71 300
71 272
73 231
74 269
74 277
77 224
77 234
81 265
81 266
83 227
83 248
85 193
86 192
86 281
89 186
91 279
91 249
96 161
98 197
100 135
101 217
111 222
111 232
114 172
114 173
115 242
115 191
122 181
122 283
123 141
124 205
125 199
128 190
129 155
129 164
131 238
133 190
134 206
134 207
146 230
151 230
152 299
158 276
162 188
163 179
165 188
167 285
176 278
178 271
178 287
181 283
184 286
184 284
192 281
199 253
214 293
218 252
235 275
244 285
247 278
249 279
