heur028_n_330_m_3253
1 82
1 86
1 107
2 198
2 132
3 188
3 253
4 239
4 280
5 198
5 132
6 196
6 197
7 202
8 198
8 132
9 291
9 292
9 293
9 328
12 17
13 177
14 177
15 177
16 298
16 295
16 260
17 225
17 75
19 129
19 152
19 235
19 223
20 281
20 321
20 322
21 225
21 75
22 73
22 113
22 310
23 78
23 84
23 170
24 315
24 194
24 167
25 149
25 174
25 63
26 268
26 244
26 147
27 304
27 267
28 304
28 267
29 304
29 267
32 206
32 300
32 301
32 233
33 312
33 124
34 90
34 173
34 133
34 286
36 82
36 86
36 107
40 312
40 124
41 55
41 87
42 58
42 255
43 312
43 124
44 58
44 255
45 253
46 201
46 204
46 203
48 248
49 202
50 295
50 298
51 69
52 69
55 87
56 207
56 153
58 77
58 255
59 79
60 64
60 145
60 208
60 299
61 164
62 68
62 110
62 164
63 149
63 111
63 174
64 208
64 299
64 145
65 159
65 161
65 199
65 241
66 303
66 306
66 314
66 114
67 189
67 200
68 164
69 91
70 189
70 200
71 268
71 244
71 147
72 150
72 151
72 190
72 192
73 310
74 189
74 200
75 225
76 169
77 255
78 170
79 100
80 103
80 222
80 307
81 109
83 109
84 170
85 273
85 234
85 302
86 107
88 326
88 248
89 323
89 324
89 325
89 327
92 123
92 160
92 183
94 277
95 277
96 211
97 234
99 121
99 172
99 288
103 222
103 307
103 162
108 289
109 116
109 118
110 164
111 174
112 186
112 265
112 263
113 310
114 303
114 306
114 314
115 274
117 274
120 256
120 287
120 185
121 172
121 285
121 288
122 256
122 287
122 185
123 216
123 160
123 183
124 312
126 176
126 278
126 266
127 213
127 215
127 282
128 311
129 152
129 223
130 176
130 266
131 326
132 198
133 286
134 228
134 168
136 217
136 221
136 219
136 193
137 211
138 211
139 290
140 259
144 262
144 264
144 229
145 208
145 299
146 232
146 209
146 289
147 268
147 244
148 177
149 174
152 223
153 207
154 265
154 263
155 310
156 242
156 243
156 245
156 284
157 274
158 257
160 216
160 183
163 258
163 257
165 258
166 184
166 187
166 224
166 254
168 228
168 270
168 230
169 218
171 218
172 288
172 285
173 286
175 261
175 297
176 278
176 266
178 211
179 329
181 290
182 259
183 216
184 254
185 256
185 287
186 263
188 253
189 200
191 262
193 217
193 219
193 221
194 315
194 318
195 317
196 317
206 300
206 301
206 233
208 299
209 232
209 289
210 218
212 282
213 282
214 220
215 282
220 330
223 235
224 254
226 320
226 279
226 240
226 305
227 249
232 289
233 300
233 301
234 302
238 309
238 313
238 308
244 268
248 326
249 269
256 287
266 278
267 304
273 302
279 305
305 320
311 329
