heur008_n_250_m_1045
1 122
1 116
2 42
3 178
3 56
3 68
5 10
6 185
6 191
6 27
7 160
10 17
10 20
12 65
12 182
13 21
14 178
14 56
14 68
16 205
18 210
18 211
18 120
19 205
21 205
22 43
24 43
25 161
25 166
26 163
26 165
26 139
27 191
27 185
27 180
27 200
28 33
28 192
28 172
31 137
38 55
40 135
41 96
44 62
44 143
46 177
46 55
47 62
47 143
48 62
50 62
50 143
52 179
52 204
56 178
57 148
57 190
57 207
58 76
60 128
62 143
63 84
63 117
63 136
66 208
66 67
67 208
68 178
69 233
70 250
71 84
71 117
71 136
72 208
73 84
73 117
73 136
74 78
75 77
75 86
79 105
81 105
82 105
83 105
84 117
84 136
85 158
85 161
85 167
85 166
87 196
87 199
87 239
88 217
90 217
91 217
94 105
96 99
97 217
100 217
101 162
103 162
106 162
107 219
107 220
107 222
107 238
109 212
114 198
117 136
120 210
120 211
123 162
124 198
125 212
129 190
129 207
130 175
130 173
130 169
130 228
130 245
131 152
134 152
135 156
135 154
139 174
140 160
140 189
142 190
144 195
144 246
146 171
146 202
146 242
146 243
146 247
148 190
148 207
149 152
150 195
156 226
160 189
164 221
164 214
164 224
164 213
164 216
169 245
170 210
170 211
171 247
171 202
172 192
173 245
175 245
181 229
183 227
183 232
188 236
190 207
196 239
197 206
197 215
197 237
199 239
202 247
202 243
203 211
210 211
213 216
216 224
218 238
219 238
220 238
222 238
229 250
