heur012_n_250_m_20035
1 115
2 115
3 107
3 73
3 191
5 113
6 39
6 43
6 125
7 115
8 32
9 102
10 115
12 166
13 113
13 46
14 26
14 27
14 29
15 101
16 121
16 160
16 172
17 166
18 107
18 73
19 102
20 109
20 119
21 113
21 93
23 55
23 57
23 58
23 59
23 72
23 60
24 108
24 123
25 45
25 47
25 48
25 151
28 111
28 122
29 101
30 64
30 133
30 154
30 156
30 157
30 158
31 111
31 122
32 112
32 200
32 161
32 134
32 127
33 111
33 122
34 111
34 122
35 130
35 249
36 237
36 126
36 114
37 237
37 114
38 111
38 122
39 230
39 240
39 68
39 125
40 237
40 126
40 114
41 237
41 126
41 114
42 188
42 105
43 68
43 230
43 240
43 125
44 166
44 242
44 228
45 151
46 113
48 151
49 197
49 155
49 202
64 133
65 98
67 141
75 167
75 88
77 113
78 102
79 117
79 118
79 104
82 106
83 177
85 105
89 106
90 241
95 249
98 193
98 206
99 116
101 148
103 223
103 224
103 225
104 208
104 176
104 196
106 221
106 236
107 191
109 244
110 181
110 182
110 183
110 186
110 213
112 200
116 132
117 208
117 176
117 196
118 208
118 176
118 196
119 244
120 140
120 142
120 145
120 214
121 212
121 210
121 209
127 161
132 153
133 157
133 154
133 156
133 158
134 161
155 202
159 220
160 209
160 210
160 212
161 200
163 233
166 242
166 228
167 233
169 179
171 179
172 209
172 210
172 212
175 220
189 202
190 223
192 201
192 207
192 211
192 203
192 232
194 206
195 202
197 202
199 206
