heur035_n_345_m_17798
2 45
3 53
8 286
9 161
9 191
11 286
12 309
12 325
13 219
19 27
19 96
22 187
24 162
24 106
25 177
25 255
27 96
33 174
35 45
36 211
37 253
38 149
41 187
43 202
43 212
46 139
47 300
47 332
48 178
49 211
51 76
51 324
53 236
55 134
59 82
61 110
62 285
66 141
67 178
71 72
71 157
72 157
74 174
75 160
76 324
78 109
78 115
79 229
80 250
84 104
84 331
85 151
86 151
87 196
87 201
88 145
90 344
90 310
92 147
92 232
93 339
93 334
95 116
95 150
98 140
99 105
99 315
100 145
101 326
103 280
103 327
104 331
105 315
106 162
108 229
109 115
112 183
112 291
114 281
118 259
118 261
120 250
122 281
123 240
123 260
125 126
126 297
129 227
131 219
133 242
133 249
134 270
137 221
140 246
142 221
143 163
143 333
149 277
155 171
155 182
160 241
164 179
165 340
169 273
170 316
170 256
173 213
173 278
176 293
179 248
181 293
183 291
184 185
185 190
186 337
186 257
188 292
188 279
189 247
189 245
192 326
195 238
196 201
200 238
206 338
207 296
207 336
209 216
214 258
215 321
215 328
216 230
217 218
217 235
222 306
222 320
225 302
227 319
231 302
234 273
244 304
252 266
253 269
254 304
266 307
280 327
283 312
285 299
287 288
288 298
303 340
312 313
