heur021_n_320_m_13507
3 78
3 242
4 50
4 65
4 198
4 221
6 50
6 198
7 54
8 201
8 229
8 230
9 284
9 54
10 218
11 136
11 225
11 235
11 272
11 265
12 293
12 287
12 307
14 152
15 284
15 54
17 124
19 141
19 157
19 181
20 308
21 271
21 174
21 116
23 253
24 228
24 233
24 281
24 133
25 318
26 37
27 191
27 264
28 301
28 239
28 42
28 148
30 189
30 179
31 32
31 64
31 41
31 314
31 275
38 189
40 306
41 314
42 239
42 301
42 148
43 90
43 144
43 283
43 150
45 100
45 59
46 101
46 194
47 178
47 294
48 191
48 317
50 198
51 163
52 170
52 166
53 270
54 284
56 58
56 224
56 209
57 140
57 226
57 238
58 81
58 91
58 224
58 209
59 100
59 163
60 320
60 218
62 241
62 217
63 163
64 275
65 198
66 145
66 146
66 147
66 190
66 250
68 253
69 175
70 271
70 174
70 116
72 256
72 261
72 88
77 159
77 240
78 242
80 258
80 263
81 224
81 209
82 159
82 240
83 285
83 132
85 276
85 207
85 143
85 103
85 195
87 240
91 224
91 209
94 186
94 217
96 175
99 186
99 217
101 118
101 130
101 194
103 143
103 207
103 276
104 175
105 264
107 254
109 127
109 137
109 277
112 294
113 308
115 320
115 218
116 271
116 174
118 269
122 278
122 216
122 303
122 187
123 288
123 302
123 316
123 313
127 277
130 269
131 274
131 260
131 259
132 231
132 247
132 285
133 300
133 233
133 281
133 228
137 277
140 226
140 238
143 195
144 283
145 250
146 250
147 250
148 301
148 239
151 238
152 162
153 226
154 283
156 184
156 199
158 296
160 308
161 299
165 256
170 205
173 206
173 244
173 243
173 246
173 193
174 271
177 308
178 294
179 189
180 284
183 268
186 241
186 217
187 278
187 279
188 230
190 250
191 317
192 294
193 206
193 244
193 246
195 276
195 207
199 204
201 230
203 294
209 224
210 289
212 268
216 278
216 279
216 303
218 320
220 297
220 292
226 238
229 230
247 285
256 310
256 261
257 289
257 299
258 263
258 292
261 310
273 286
278 279
278 303
279 303
286 293
289 299
298 311
298 312
304 311
304 312
309 311
309 312
311 315
311 312
312 315
