heur036_n_347_m_17983
1 154
3 63
5 144
8 186
9 275
11 63
12 228
13 291
13 293
15 199
15 344
16 170
17 127
19 233
20 131
21 146
21 216
22 78
22 94
25 287
28 271
28 328
29 332
29 169
31 273
31 231
33 49
34 315
35 279
37 268
38 132
39 95
39 51
40 127
43 221
46 227
47 329
47 347
50 228
53 279
54 210
55 128
56 76
58 263
60 187
62 140
64 259
66 132
67 336
68 287
69 320
69 246
70 117
71 86
72 337
72 339
73 314
73 318
74 117
76 142
81 144
82 194
84 140
87 286
92 138
96 119
98 184
98 346
107 309
107 258
109 340
109 342
114 207
120 156
121 280
123 249
123 252
125 171
126 178
129 211
130 324
133 283
136 310
145 283
146 216
147 178
149 185
149 229
152 277
153 297
153 202
156 289
157 336
160 248
164 313
167 253
167 270
169 332
170 256
180 294
181 188
181 197
191 262
192 205
192 303
200 330
202 297
213 286
215 243
220 311
230 284
231 273
246 320
248 300
258 309
281 327
294 333
315 345
