heur007_n_200_m_6731
1 106
1 116
2 64
5 142
5 151
6 129
7 71
8 52
10 120
12 135
15 179
16 71
18 104
19 145
20 82
22 87
23 129
25 39
29 165
31 53
32 68
33 153
33 154
37 176
37 181
42 92
43 90
44 157
45 95
45 102
46 98
46 110
47 144
48 70
48 96
49 124
49 159
50 113
51 103
54 72
55 195
55 101
56 113
61 65
63 133
63 137
67 189
67 191
69 200
70 96
73 169
73 105
75 119
78 155
79 136
81 186
83 117
84 143
84 131
85 119
88 138
90 140
91 120
92 156
93 167
97 186
99 136
100 122
104 125
105 169
106 116
108 150
108 126
109 115
109 171
112 128
121 130
121 183
124 159
126 150
127 188
127 190
128 161
131 143
134 168
134 170
138 192
145 177
146 193
160 194
160 198
172 187
174 187
175 193
