heur025_n_329_m_32168
1 36
5 12
5 98
10 36
11 54
11 59
12 98
15 148
17 219
26 308
28 328
31 190
34 76
34 261
35 299
40 284
42 171
43 138
48 170
53 324
61 126
64 126
66 79
66 144
75 176
76 261
84 133
86 157
89 128
89 97
95 177
95 292
96 259
96 242
97 128
102 275
103 283
104 203
115 220
119 132
121 130
124 213
124 196
129 204
129 253
130 181
131 211
132 134
133 287
138 152
140 225
141 228
142 195
145 175
146 176
150 238
150 214
156 225
161 228
163 190
166 286
172 227
187 199
187 290
189 302
195 223
197 243
198 301
209 275
218 249
220 307
232 239
232 271
237 255
