heur051_n_300_m_20122
1 175
1 177
5 185
6 258
8 203
9 181
10 256
11 195
13 283
14 297
19 243
21 159
21 154
22 148
25 219
25 237
27 223
28 205
28 206
32 183
37 297
41 256
42 155
43 150
43 280
44 203
45 199
46 212
46 285
47 155
48 183
50 199
51 277
52 215
54 246
54 236
58 222
63 193
63 178
64 192
64 262
65 201
66 252
67 215
68 231
69 181
70 148
71 168
73 232
73 217
76 231
92 282
92 194
94 156
94 161
95 258
96 245
96 247
97 251
98 223
99 251
101 190
102 190
106 174
106 173
107 234
107 227
109 276
111 208
111 210
113 184
116 276
120 228
121 243
124 248
124 296
127 201
129 277
132 222
133 300
133 298
134 160
134 209
135 252
136 218
137 145
139 146
140 145
142 228
143 195
150 280
168 275
187 271
194 282
212 285
220 271
226 269
230 278
248 296
250 272
253 294
253 299
287 295
