heur049_n_300_m_17695
1 50
1 266
2 36
2 37
2 40
2 41
3 44
4 39
5 44
6 44
7 39
8 39
9 39
10 243
10 246
10 239
12 288
12 90
13 297
13 296
14 256
14 104
15 104
16 91
17 209
18 102
18 237
18 154
19 256
19 104
20 108
20 52
21 108
21 52
22 297
22 296
23 297
23 296
24 57
25 57
26 57
27 57
28 185
28 225
28 238
28 114
29 244
30 244
31 234
31 235
31 242
32 167
32 168
32 76
33 111
33 118
33 133
33 170
34 274
34 275
34 285
34 278
38 171
38 236
38 300
42 244
43 292
45 282
45 204
46 282
46 204
47 277
47 280
47 289
47 98
48 77
48 291
49 282
49 204
50 215
51 221
51 222
51 260
51 294
52 84
52 108
53 109
53 284
53 287
53 290
54 126
54 129
54 134
54 135
55 88
55 89
55 259
55 249
56 188
56 281
58 164
58 226
58 181
58 224
59 86
59 110
60 262
60 263
60 265
61 172
61 174
61 183
61 293
62 292
63 192
63 197
63 198
63 202
64 213
64 269
64 279
65 269
65 279
65 213
67 292
68 292
69 107
69 113
70 86
70 110
71 215
71 266
72 252
72 169
72 203
73 193
73 207
73 165
73 166
74 79
74 255
75 106
75 107
76 167
76 140
79 255
79 295
80 257
80 253
80 254
81 203
82 253
82 257
83 186
83 187
83 195
83 199
85 149
85 229
86 148
87 255
87 295
88 249
89 259
91 245
91 247
92 299
92 283
92 121
93 283
93 121
94 128
95 298
96 298
97 298
98 277
98 280
99 298
100 245
100 247
101 227
101 250
102 237
103 227
103 250
104 256
105 227
109 284
109 287
110 148
111 170
112 270
112 272
112 273
112 131
114 185
114 225
114 238
115 271
115 220
116 271
118 170
120 137
120 138
120 139
120 143
121 299
121 283
122 231
123 171
124 220
125 214
125 216
125 218
127 231
128 231
130 237
131 273
131 270
132 223
132 178
132 276
136 286
140 167
140 168
145 229
146 228
146 233
146 232
146 173
149 229
150 229
152 201
152 268
153 178
153 223
153 276
154 237
155 189
155 190
155 200
156 201
156 268
158 234
158 242
158 235
159 194
160 194
161 189
161 200
162 194
169 203
171 300
172 293
174 293
180 230
183 293
209 267
221 294
222 260
255 295
260 294
264 291
