heur029_n_330_m_4329
2 220
3 222
5 252
9 72
10 94
11 88
12 48
13 221
14 321
15 259
16 25
17 75
18 247
19 328
20 232
22 116
24 134
26 179
27 112
30 132
34 307
35 175
36 225
41 201
44 245
45 242
49 183
50 233
54 206
55 87
58 152
59 154
60 231
61 125
62 203
67 166
71 240
74 205
79 185
80 314
82 286
86 215
89 194
90 103
91 176
92 124
93 218
95 140
96 162
98 99
100 312
105 193
106 172
107 141
108 257
110 171
111 246
119 210
123 200
127 182
128 253
129 196
130 327
131 144
135 268
138 189
147 198
148 280
149 283
158 173
160 216
165 251
167 275
169 277
170 250
177 265
178 181
180 278
186 207
187 248
188 284
190 289
204 308
209 212
214 229
217 287
219 288
223 267
224 319
226 318
227 241
228 320
234 326
238 306
243 324
249 330
258 323
264 316
269 301
270 322
279 291
285 317
304 325
