heur009_n_250_m_1450
1 176
2 87
3 9
4 142
5 224
11 145
14 162
15 64
17 227
19 169
21 107
22 153
26 86
27 85
29 219
30 33
31 150
35 47
38 155
39 80
40 209
45 250
46 140
48 167
49 168
54 146
57 203
58 239
59 133
61 76
62 244
63 83
65 191
67 223
68 128
69 243
71 117
72 123
73 179
74 241
75 206
77 233
78 105
79 246
82 106
88 226
90 175
91 116
92 161
95 212
97 234
102 193
103 230
109 134
113 192
114 200
115 126
118 129
120 121
135 202
147 187
148 194
157 178
159 238
172 184
174 177
181 249
183 222
196 228
198 205
