heur042_n_300_m_5764
1 263
1 262
1 140
1 274
1 21
1 283
1 160
1 53
1 70
1 246
1 165
1 29
1 289
1 11
1 155
1 280
1 205
1 79
1 27
1 252
1 281
1 85
1 172
1 247
1 211
1 109
1 52
1 34
1 157
1 33
1 58
1 95
1 236
1 103
1 123
1 185
2 8
2 282
2 292
2 37
2 297
2 176
2 178
2 54
2 36
2 163
2 64
2 107
2 110
2 210
2 99
2 67
2 141
2 122
2 213
2 147
2 159
2 44
2 300
2 298
2 287
2 193
2 267
2 224
2 170
2 92
2 191
2 89
2 169
2 134
2 60
2 76
2 158
2 125
2 32
2 41
2 239
2 42
2 230
2 47
2 77
2 40
2 105
2 66
2 181
2 217
2 288
2 241
2 78
3 10
3 143
3 273
3 164
3 187
3 96
3 233
3 121
3 126
3 171
3 290
3 93
3 82
3 276
3 275
3 5
3 128
3 115
3 156
3 56
3 71
3 150
3 209
4 255
4 133
4 261
4 137
4 12
4 142
4 14
4 148
4 22
4 23
4 24
4 152
4 284
4 35
4 299
4 180
4 184
4 59
4 190
4 63
4 65
4 199
4 73
4 203
4 208
4 80
4 86
4 218
4 229
4 104
4 112
4 117
4 250
4 124
4 253
4 127
4 69
4 226
4 268
4 102
4 167
4 177
4 168
4 111
4 13
4 98
4 285
4 251
4 120
4 26
4 16
4 286
4 231
4 106
4 19
4 243
4 183
4 232
4 130
4 144
4 51
4 242
4 272
4 17
4 225
4 228
4 240
4 118
4 15
5 143
5 290
5 164
5 171
5 45
5 96
5 233
5 121
5 115
5 156
5 56
5 71
5 6
5 278
6 128
6 10
6 143
6 273
6 275
6 276
6 156
6 290
6 164
6 171
6 56
6 187
6 71
6 82
6 93
6 96
6 233
6 115
6 121
6 126
6 150
6 209
7 256
7 257
7 132
7 145
7 277
7 294
7 296
7 195
7 196
7 206
7 84
7 222
7 223
7 227
7 101
7 188
7 138
7 237
7 129
7 220
7 207
7 279
7 162
7 214
7 258
7 221
7 219
7 216
7 179
7 81
8 282
8 54
8 297
8 173
8 37
8 292
8 178
8 260
8 64
8 176
8 36
8 110
8 163
8 107
8 210
8 99
8 67
8 141
8 83
8 122
8 213
8 147
8 159
8 44
8 300
8 298
8 62
8 287
8 269
8 193
8 119
8 267
8 175
8 224
8 170
8 9
8 92
8 191
8 89
8 169
8 134
8 60
8 76
8 158
8 125
8 32
8 41
8 239
8 42
8 230
8 47
8 149
8 77
8 40
8 105
8 66
8 181
8 217
8 288
8 241
8 78
9 141
9 267
9 147
9 282
9 159
9 287
9 163
9 292
9 37
9 36
9 297
9 44
9 300
9 176
9 298
9 178
9 175
9 54
9 64
9 67
9 193
9 210
9 213
9 170
9 224
9 99
9 107
9 110
9 119
9 122
9 92
9 191
9 89
9 169
9 134
9 60
9 76
9 158
9 125
9 32
9 41
9 239
9 42
9 230
9 47
9 149
9 77
9 40
9 105
9 66
9 181
9 217
9 288
9 241
9 78
10 143
10 164
10 96
10 233
10 121
10 171
10 290
10 45
10 115
10 156
10 56
10 71
10 278
11 263
11 262
11 140
11 274
11 20
11 21
11 283
11 29
11 31
11 160
11 289
11 165
11 46
11 49
11 53
11 57
11 197
11 70
11 72
11 204
11 215
11 246
11 155
11 280
11 114
11 205
11 79
11 202
11 27
11 252
11 281
11 85
11 50
11 172
11 264
11 247
11 194
11 211
11 109
11 25
11 52
11 100
11 30
11 189
11 34
11 157
11 33
11 131
11 161
11 55
11 58
11 18
11 87
11 295
11 95
11 201
11 236
11 248
11 103
11 234
11 123
12 255
12 133
12 142
12 148
12 23
12 152
12 284
12 24
12 22
12 35
12 299
12 43
12 180
12 184
12 59
12 190
12 63
12 73
12 203
12 208
12 218
12 229
12 117
12 250
12 124
12 127
12 14
12 137
12 254
12 86
12 112
12 199
12 253
12 261
12 104
12 69
12 226
12 268
12 102
12 167
12 177
12 168
12 111
12 13
12 98
12 285
12 251
12 120
12 26
12 16
12 286
12 231
12 106
12 19
12 243
12 183
12 232
12 130
12 144
12 51
12 242
12 272
12 17
12 225
12 228
12 240
12 118
12 15
13 133
13 261
13 137
13 268
13 142
13 14
13 148
13 22
13 23
13 24
13 152
13 284
13 35
13 167
13 168
13 299
13 43
13 177
13 180
13 184
13 59
13 190
13 65
13 69
13 199
13 73
13 203
13 208
13 80
13 86
13 218
13 226
13 229
13 102
13 104
13 127
13 111
13 112
13 250
13 124
13 253
13 254
13 255
13 98
13 285
13 251
13 120
13 26
13 16
13 286
13 231
13 19
13 243
13 183
13 232
13 130
13 144
13 51
13 242
13 272
13 17
13 225
13 228
13 240
13 118
13 15
14 255
14 133
14 142
14 148
14 23
14 152
14 284
14 24
14 22
14 35
14 299
14 43
14 180
14 184
14 59
14 190
14 63
14 65
14 73
14 203
14 208
14 80
14 218
14 229
14 117
14 250
14 124
14 127
14 137
14 254
14 86
14 112
14 199
14 253
14 261
14 104
14 69
14 226
14 268
14 102
14 167
14 177
14 168
14 111
14 98
14 285
14 251
14 120
14 26
14 16
14 286
14 231
14 106
14 19
14 243
14 183
14 232
14 130
14 144
14 51
14 242
14 272
14 17
14 225
14 228
14 240
14 118
15 130
15 261
15 133
15 137
15 268
15 142
15 16
15 144
15 19
15 148
15 272
15 22
15 23
15 24
15 152
15 26
15 284
15 285
15 286
15 35
15 167
15 168
15 299
15 43
15 177
15 51
15 180
15 183
15 184
15 59
15 190
15 63
15 65
15 69
15 199
15 73
15 203
15 208
15 80
15 86
15 17
15 218
15 225
15 226
15 98
15 228
15 229
15 102
15 231
15 104
15 232
15 106
15 127
15 111
15 112
15 240
15 242
15 243
15 117
15 118
15 120
15 250
15 251
15 124
15 253
15 254
15 255
16 133
16 261
16 137
16 268
16 142
16 148
16 23
16 24
16 152
16 26
16 284
16 285
16 35
16 167
16 299
16 43
16 177
16 180
16 184
16 59
16 190
16 63
16 65
16 69
16 199
16 73
16 203
16 80
16 86
16 218
16 226
16 98
16 102
16 104
16 127
16 111
16 112
16 117
16 120
16 250
16 251
16 253
16 254
16 255
16 286
16 231
16 106
16 243
16 183
16 232
16 130
16 144
16 51
16 242
16 272
16 17
16 225
16 228
16 240
16 118
17 130
17 261
17 133
17 268
17 142
17 144
17 19
17 148
17 272
17 22
17 23
17 152
17 26
17 284
17 285
17 35
17 167
17 168
17 299
17 43
17 177
17 51
17 180
17 184
17 63
17 65
17 69
17 199
17 73
17 203
17 208
17 80
17 86
17 98
17 229
17 102
17 231
17 104
17 106
17 127
17 111
17 242
17 243
17 117
17 250
17 124
17 254
17 225
17 228
17 118
18 262
18 263
18 140
18 274
18 21
18 280
18 281
18 283
18 155
18 29
18 27
18 160
18 289
18 34
18 157
18 165
18 33
18 172
18 52
18 53
18 58
18 189
18 70
18 72
18 205
18 79
18 211
18 85
18 100
18 109
18 114
18 246
18 247
18 252
18 95
18 236
18 103
18 123
18 185
19 133
19 261
19 137
19 268
19 142
19 148
19 23
19 24
19 152
19 26
19 284
19 285
19 286
19 35
19 299
19 43
19 177
19 180
19 184
19 59
19 190
19 63
19 65
19 69
19 199
19 73
19 203
19 80
19 86
19 218
19 226
19 98
19 102
19 231
19 104
19 106
19 127
19 111
19 112
19 117
19 120
19 250
19 251
19 253
19 254
19 255
19 243
19 183
19 232
19 130
19 144
19 51
19 242
19 272
19 225
19 228
19 240
19 118
20 263
20 46
20 246
20 283
20 21
20 70
20 262
20 53
20 49
20 140
20 274
20 160
20 165
20 29
20 289
20 155
20 280
20 114
20 205
20 79
20 27
20 252
20 281
20 85
20 172
20 247
20 211
20 109
20 52
20 34
20 157
20 33
20 58
20 95
20 236
20 103
20 123
20 185
21 263
21 283
21 46
21 57
21 197
21 246
21 70
21 215
21 262
21 204
21 53
21 49
21 140
21 31
21 72
21 274
21 160
21 165
21 29
21 289
21 155
21 280
21 114
21 205
21 79
21 202
21 27
21 252
21 281
21 85
21 50
21 172
21 264
21 247
21 194
21 211
21 109
21 25
21 52
21 100
21 30
21 189
21 34
21 157
21 33
21 131
21 161
21 55
21 58
21 87
21 295
21 95
21 201
21 236
21 248
21 103
21 234
21 123
21 185
22 148
22 23
22 24
22 284
22 152
22 35
22 180
22 184
22 59
22 190
22 63
22 65
22 203
22 80
22 218
22 127
22 117
22 250
22 299
22 73
22 43
22 255
22 133
22 142
22 137
22 254
22 86
22 112
22 199
22 253
22 261
22 104
22 69
22 226
22 268
22 102
22 167
22 177
22 111
22 98
22 285
22 251
22 120
22 26
22 286
22 231
22 106
22 243
22 183
22 232
22 130
22 144
22 51
22 242
22 272
22 225
22 228
22 240
22 118
23 148
23 284
23 35
23 180
23 184
23 59
23 203
23 208
23 218
23 229
23 127
23 117
23 250
23 124
23 65
23 80
23 190
23 63
23 24
23 152
23 299
23 73
23 43
23 255
23 133
23 142
23 137
23 254
23 86
23 112
23 199
23 253
23 261
23 104
23 69
23 226
23 268
23 102
23 167
23 177
23 168
23 111
23 98
23 285
23 251
23 120
23 26
23 286
23 231
23 106
23 243
23 183
23 232
23 130
23 144
23 51
23 242
23 272
23 225
23 228
23 240
23 118
24 148
24 284
24 35
24 180
24 184
24 63
24 65
24 203
24 208
24 80
24 229
24 127
24 117
24 250
24 124
24 152
24 299
24 73
24 43
24 133
24 142
24 254
24 86
24 199
24 261
24 104
24 69
24 268
24 102
24 167
24 177
24 168
24 111
24 98
24 285
24 26
24 231
24 106
24 243
24 130
24 144
24 51
24 242
24 272
24 225
24 228
24 118
25 262
25 263
25 140
25 274
25 280
25 281
25 283
25 155
25 29
25 27
25 160
25 289
25 165
25 172
25 53
25 70
25 205
25 79
25 211
25 85
25 109
25 114
25 246
25 247
25 252
25 52
25 34
25 157
25 33
25 58
25 95
25 236
25 103
25 123
25 185
26 133
26 261
26 137
26 268
26 142
26 148
26 152
26 284
26 285
26 35
26 167
26 168
26 299
26 43
26 177
26 180
26 184
26 59
26 190
26 63
26 65
26 69
26 199
26 73
26 203
26 208
26 80
26 86
26 218
26 226
26 98
26 229
26 102
26 104
26 127
26 111
26 112
26 117
26 120
26 250
26 251
26 124
26 253
26 254
26 255
26 286
26 231
26 106
26 243
26 183
26 232
26 130
26 144
26 51
26 242
26 272
26 228
26 240
26 118
27 263
27 262
27 140
27 274
27 280
27 283
27 29
27 31
27 160
27 289
27 165
27 46
27 49
27 53
27 57
27 197
27 70
27 72
27 202
27 204
27 205
27 79
27 215
27 114
27 246
27 252
27 281
27 85
27 50
27 172
27 264
27 247
27 194
27 211
27 109
27 52
27 100
27 30
27 189
27 34
27 157
27 33
27 131
27 161
27 55
27 58
27 87
27 295
27 95
27 201
27 236
27 248
27 234
27 123
27 185
28 153
28 68
28 200
28 91
28 139
28 212
28 61
28 94
28 90
28 108
29 263
29 262
29 140
29 274
29 283
29 31
29 160
29 46
29 49
29 53
29 57
29 197
29 72
29 204
29 215
29 246
29 289
29 155
29 280
29 114
29 205
29 79
29 202
29 252
29 281
29 85
29 50
29 172
29 264
29 247
29 194
29 211
29 109
29 52
29 100
29 30
29 189
29 34
29 157
29 33
29 131
29 161
29 55
29 58
29 87
29 295
29 95
29 201
29 236
29 248
29 103
29 234
29 185
30 262
30 263
30 140
30 274
30 280
30 281
30 283
30 155
30 160
30 289
30 165
30 172
30 52
30 53
30 70
30 72
30 205
30 79
30 211
30 85
30 109
30 114
30 246
30 247
30 252
30 34
30 157
30 33
30 58
30 95
30 236
30 103
30 123
30 185
31 263
31 262
31 140
31 283
31 46
31 49
31 53
31 70
31 246
31 274
31 160
31 165
31 289
31 155
31 280
31 114
31 205
31 79
31 252
31 281
31 85
31 172
31 247
31 211
31 109
31 52
31 34
31 157
31 33
31 58
31 95
31 236
31 103
31 123
31 185
32 260
32 134
32 267
32 141
32 269
32 147
32 282
32 159
32 287
32 158
32 163
32 292
32 37
32 36
32 297
32 298
32 44
32 173
32 300
32 175
32 176
32 178
32 170
32 54
32 60
32 62
32 191
32 64
32 193
32 67
32 76
32 210
32 83
32 169
32 213
32 89
32 92
32 224
32 99
32 107
32 110
32 119
32 122
32 125
32 41
32 239
32 42
32 230
32 47
32 149
32 77
32 40
32 105
32 66
32 181
32 288
32 241
32 78
33 262
33 263
33 264
33 140
33 274
33 280
33 281
33 283
33 155
33 160
33 289
33 34
33 157
33 165
33 172
33 46
33 49
33 50
33 52
33 53
33 57
33 189
33 194
33 197
33 70
33 72
33 202
33 204
33 205
33 79
33 211
33 85
33 215
33 100
33 109
33 114
33 246
33 247
33 252
33 131
33 161
33 55
33 87
33 295
33 95
33 201
33 236
33 248
33 103
33 234
33 123
33 185
34 262
34 263
34 264
34 140
34 274
34 280
34 281
34 283
34 155
34 160
34 289
34 165
34 172
34 46
34 49
34 50
34 52
34 53
34 57
34 189
34 194
34 197
34 70
34 72
34 202
34 204
34 205
34 79
34 211
34 85
34 215
34 100
34 109
34 114
34 247
34 252
34 157
34 131
34 161
34 55
34 58
34 87
34 295
34 95
34 201
34 236
34 248
34 103
34 234
34 123
34 185
35 127
35 124
35 180
35 250
35 218
35 184
35 284
35 229
35 208
35 59
35 117
35 148
35 203
35 65
35 80
35 190
35 63
35 152
35 299
35 73
35 43
35 255
35 133
35 142
35 137
35 254
35 86
35 112
35 199
35 253
35 261
35 104
35 69
35 226
35 268
35 102
35 167
35 177
35 168
35 111
35 98
35 251
35 120
35 286
35 231
35 106
35 243
35 183
35 232
35 130
35 144
35 51
35 242
35 225
35 228
35 240
35 118
36 37
36 54
36 64
36 173
36 176
36 178
36 260
36 282
36 292
36 297
36 110
36 163
36 107
36 210
36 99
36 67
36 141
36 83
36 122
36 213
36 147
36 159
36 44
36 300
36 298
36 62
36 287
36 269
36 193
36 119
36 267
36 175
36 224
36 170
36 92
36 191
36 89
36 169
36 134
36 60
36 76
36 158
36 125
36 41
36 239
36 42
36 230
36 47
36 149
36 77
36 40
36 105
36 181
36 217
36 288
36 241
36 78
37 282
37 297
37 173
37 54
37 292
37 178
37 260
37 64
37 176
37 110
37 163
37 107
37 210
37 99
37 67
37 141
37 83
37 122
37 213
37 147
37 159
37 44
37 300
37 298
37 62
37 287
37 269
37 193
37 119
37 267
37 175
37 224
37 170
37 92
37 191
37 89
37 169
37 134
37 60
37 76
37 158
37 125
37 41
37 239
37 42
37 230
37 47
37 149
37 77
37 40
37 105
37 66
37 181
37 217
37 288
37 241
37 78
38 136
38 271
38 116
38 244
38 249
38 135
38 88
38 48
38 186
38 182
38 192
38 166
38 266
38 245
38 75
39 154
39 113
39 238
39 291
39 97
39 151
39 235
39 74
39 259
39 270
39 198
39 174
39 293
40 260
40 134
40 267
40 141
40 269
40 147
40 149
40 282
40 158
40 159
40 287
40 163
40 292
40 297
40 298
40 44
40 173
40 300
40 175
40 176
40 178
40 42
40 47
40 54
40 60
40 62
40 191
40 64
40 193
40 67
40 76
40 77
40 41
40 210
40 83
40 169
40 213
40 89
40 92
40 224
40 99
40 230
40 107
40 110
40 239
40 119
40 122
40 125
40 105
40 66
40 181
40 288
40 241
40 78
41 260
41 134
41 267
41 141
41 269
41 147
41 282
41 159
41 287
41 158
41 163
41 292
41 297
41 298
41 44
41 173
41 300
41 175
41 176
41 178
41 170
41 54
41 60
41 62
41 64
41 193
41 67
41 76
41 210
41 83
41 169
41 213
41 89
41 224
41 99
41 107
41 110
41 119
41 122
41 125
41 239
41 230
41 47
41 149
41 77
41 105
41 66
41 181
41 217
41 241
41 78
42 260
42 134
42 267
42 141
42 269
42 147
42 159
42 287
42 158
42 163
42 292
42 297
42 298
42 44
42 173
42 300
42 175
42 176
42 178
42 170
42 54
42 60
42 62
42 64
42 193
42 67
42 76
42 210
42 83
42 169
42 213
42 89
42 92
42 224
42 99
42 107
42 110
42 239
42 119
42 122
42 125
42 230
42 47
42 149
42 77
42 105
42 66
42 181
42 217
42 241
42 78
43 148
43 152
43 284
43 299
43 180
43 184
43 59
43 190
43 63
43 65
43 73
43 203
43 208
43 80
43 218
43 229
43 117
43 250
43 124
43 127
43 255
43 133
43 142
43 137
43 86
43 112
43 199
43 253
43 261
43 104
43 69
43 226
43 268
43 102
43 167
43 177
43 168
43 111
43 98
43 285
43 251
43 120
43 286
43 231
43 106
43 243
43 183
43 232
43 130
43 51
43 242
43 272
43 225
43 228
43 240
43 118
44 54
44 64
44 67
44 83
44 99
44 107
44 147
44 159
44 163
44 173
44 178
44 210
44 260
44 282
44 297
44 62
44 269
44 119
44 175
44 224
44 170
44 92
44 191
44 76
44 125
44 230
44 47
44 149
44 77
44 105
44 66
44 181
44 217
44 288
45 143
45 273
45 275
45 276
45 290
45 164
45 171
45 187
45 82
45 93
45 96
45 233
45 121
45 126
45 128
45 115
45 156
45 56
45 71
45 150
45 209
46 246
46 263
46 283
46 70
46 262
46 53
46 140
46 72
46 274
46 160
46 165
46 289
46 155
46 280
46 114
46 205
46 79
46 252
46 281
46 85
46 172
46 247
46 211
46 109
46 52
46 100
46 189
46 157
46 58
46 95
46 236
46 103
46 123
46 185
47 260
47 134
47 267
47 141
47 269
47 147
47 282
47 287
47 158
47 292
47 297
47 298
47 170
47 173
47 300
47 175
47 176
47 178
47 54
47 60
47 62
47 191
47 64
47 193
47 67
47 76
47 83
47 169
47 213
47 89
47 92
47 99
47 230
47 107
47 110
47 239
47 119
47 122
47 125
47 149
47 77
47 105
47 66
47 181
47 217
47 288
47 241
47 78
48 135
48 271
48 146
48 116
48 88
48 249
48 186
48 182
48 192
48 166
48 266
48 75
49 263
49 262
49 283
49 53
49 70
49 246
49 140
49 72
49 274
49 160
49 165
49 289
49 155
49 280
49 114
49 205
49 79
49 252
49 281
49 85
49 172
49 247
49 211
49 109
49 52
49 100
49 157
49 58
49 95
49 236
49 103
49 123
49 185
50 263
50 262
50 140
50 274
50 280
50 281
50 283
50 155
50 160
50 289
50 165
50 53
50 70
50 72
50 205
50 79
50 85
50 114
50 246
50 252
50 172
50 247
50 211
50 109
50 52
50 157
50 58
50 95
50 236
50 103
50 123
50 185
51 130
51 261
51 133
51 137
51 268
51 142
51 144
51 148
51 152
51 285
51 286
51 167
51 168
51 299
51 177
51 180
51 183
51 184
51 59
51 190
51 63
51 65
51 69
51 199
51 73
51 203
51 208
51 80
51 86
51 218
51 226
51 98
51 229
51 231
51 104
51 232
51 106
51 127
51 111
51 112
51 117
51 120
51 250
51 251
51 124
51 253
51 254
51 255
51 242
51 272
51 225
51 228
51 240
51 118
52 262
52 263
52 264
52 140
52 274
52 280
52 281
52 283
52 155
52 160
52 289
52 165
52 172
52 53
52 57
52 194
52 197
52 70
52 72
52 202
52 204
52 205
52 79
52 211
52 85
52 215
52 109
52 114
52 246
52 247
52 252
52 100
52 189
52 157
52 131
52 161
52 55
52 58
52 87
52 295
52 95
52 201
52 236
52 248
52 103
52 234
52 123
52 185
53 263
53 262
53 283
53 57
53 197
53 70
53 204
53 215
53 246
53 140
53 72
53 274
53 160
53 165
53 289
53 155
53 280
53 114
53 79
53 202
53 252
53 281
53 85
53 172
53 264
53 247
53 194
53 211
53 100
53 189
53 131
53 161
53 55
53 87
53 295
53 95
53 201
53 236
53 248
53 103
53 234
53 123
53 185
54 297
54 173
54 292
54 178
54 260
54 64
54 176
54 110
54 163
54 107
54 210
54 141
54 83
54 122
54 213
54 159
54 300
54 298
54 62
54 287
54 269
54 193
54 119
54 267
54 175
54 224
54 170
54 191
54 89
54 169
54 134
54 60
54 76
54 125
54 239
54 230
54 149
54 77
54 105
54 66
54 181
54 217
54 288
54 241
54 78
55 262
55 263
55 140
55 274
55 280
55 281
55 283
55 155
55 160
55 289
55 157
55 165
55 172
55 70
55 205
55 79
55 211
55 85
55 109
55 246
55 247
55 252
55 58
55 95
55 236
55 103
55 123
55 185
56 128
56 143
56 273
56 275
56 276
56 156
56 290
56 164
56 171
56 187
56 82
56 93
56 96
56 233
56 115
56 121
56 126
56 71
56 278
56 150
56 209
57 263
57 283
57 246
57 70
57 262
57 140
57 274
57 160
57 165
57 289
57 155
57 280
57 114
57 205
57 79
57 252
57 281
57 85
57 172
57 247
57 211
57 109
57 157
57 58
57 95
57 236
57 103
57 123
57 185
58 131
58 262
58 263
58 264
58 140
58 274
58 280
58 281
58 283
58 155
58 160
58 289
58 165
58 161
58 172
58 189
58 194
58 197
58 70
58 72
58 202
58 204
58 79
58 211
58 85
58 215
58 100
58 114
58 246
58 247
58 252
58 87
58 295
58 95
58 201
58 236
58 248
58 103
58 234
58 123
58 185
59 284
59 180
59 184
59 208
59 229
59 127
59 250
59 124
59 117
59 148
59 203
59 65
59 80
59 63
59 152
59 299
59 73
59 133
59 142
59 254
59 86
59 199
59 261
59 104
59 69
59 268
59 102
59 167
59 177
59 168
59 111
59 98
59 285
59 231
59 106
59 243
59 130
59 144
59 242
59 272
59 225
59 228
59 118
60 260
60 269
60 147
60 282
60 159
60 163
60 297
60 173
60 300
60 175
60 178
60 170
60 62
60 191
60 64
60 67
60 210
60 83
60 92
60 224
60 99
60 107
60 119
60 76
60 158
60 125
60 230
60 149
60 77
60 105
60 66
60 181
60 217
60 288
61 94
61 212
61 200
61 68
61 91
61 153
61 90
61 108
62 141
62 147
62 282
62 159
62 163
62 292
62 297
62 176
62 178
62 300
62 64
62 67
62 210
62 213
62 298
62 99
62 107
62 110
62 122
62 287
62 193
62 119
62 267
62 175
62 224
62 170
62 92
62 191
62 89
62 169
62 134
62 76
62 158
62 125
62 239
62 230
62 149
62 77
62 105
62 66
62 181
62 217
62 288
62 241
62 78
63 148
63 284
63 180
63 184
63 190
63 65
63 203
63 208
63 80
63 218
63 229
63 127
63 250
63 124
63 152
63 299
63 73
63 255
63 133
63 142
63 137
63 254
63 86
63 112
63 199
63 253
63 261
63 104
63 69
63 226
63 268
63 102
63 167
63 177
63 168
63 111
63 98
63 285
63 251
63 120
63 286
63 231
63 106
63 243
63 183
63 232
63 130
63 144
63 242
63 272
63 225
63 228
63 240
63 118
64 173
64 260
64 282
64 292
64 297
64 176
64 110
64 163
64 107
64 210
64 99
64 67
64 141
64 83
64 122
64 213
64 147
64 159
64 300
64 298
64 287
64 269
64 193
64 119
64 267
64 175
64 224
64 170
64 92
64 191
64 89
64 169
64 134
64 76
64 158
64 125
64 239
64 230
64 149
64 77
64 105
64 66
64 181
64 217
64 288
64 241
64 78
65 148
65 284
65 180
65 184
65 203
65 208
65 218
65 229
65 127
65 117
65 250
65 124
65 190
65 152
65 299
65 73
65 255
65 133
65 142
65 137
65 254
65 86
65 112
65 199
65 253
65 261
65 104
65 69
65 226
65 268
65 102
65 167
65 177
65 168
65 111
65 98
65 285
65 251
65 120
65 286
65 231
65 106
65 243
65 183
65 232
65 144
65 242
65 272
65 225
65 228
65 240
65 118
66 260
66 134
66 267
66 141
66 269
66 147
66 149
66 282
66 158
66 159
66 287
66 163
66 292
66 297
66 298
66 170
66 173
66 300
66 175
66 176
66 169
66 178
66 191
66 193
66 67
66 76
66 77
66 210
66 83
66 213
66 89
66 92
66 224
66 99
66 230
66 105
66 107
66 110
66 239
66 119
66 122
66 125
66 181
66 217
66 288
66 241
66 78
67 260
67 292
67 297
67 173
67 176
67 178
67 163
67 210
67 107
67 110
67 141
67 83
67 122
67 213
67 159
67 300
67 298
67 287
67 269
67 193
67 119
67 267
67 175
67 224
67 170
67 191
67 89
67 169
67 134
67 76
67 158
67 125
67 239
67 230
67 149
67 77
67 105
67 181
67 217
67 288
67 241
67 78
68 200
68 212
68 94
68 91
68 139
68 153
68 90
68 108
69 133
69 261
69 137
69 142
69 148
69 152
69 284
69 299
69 180
69 184
69 190
69 199
69 73
69 203
69 208
69 80
69 86
69 218
69 229
69 104
69 127
69 112
69 117
69 250
69 124
69 253
69 254
69 255
69 226
69 268
69 102
69 167
69 177
69 168
69 111
69 98
69 285
69 251
69 120
69 286
69 231
69 106
69 243
69 183
69 232
69 130
69 144
69 242
69 272
69 225
69 228
69 240
69 118
70 263
70 283
70 197
70 215
70 262
70 204
70 140
70 72
70 274
70 160
70 289
70 155
70 280
70 114
70 205
70 79
70 202
70 252
70 281
70 85
70 172
70 264
70 247
70 194
70 211
70 109
70 100
70 189
70 157
70 131
70 161
70 87
70 295
70 95
70 201
70 236
70 248
70 103
70 234
70 185
71 128
71 143
71 273
71 275
71 276
71 156
71 290
71 164
71 171
71 187
71 82
71 93
71 96
71 233
71 115
71 121
71 126
71 278
71 150
71 209
72 263
72 262
72 140
72 283
72 204
72 215
72 246
72 274
72 160
72 165
72 289
72 155
72 280
72 114
72 205
72 79
72 202
72 252
72 281
72 85
72 172
72 247
72 211
72 109
72 157
72 131
72 87
72 95
72 201
72 236
72 103
72 123
72 185
73 148
73 284
73 299
73 180
73 184
73 190
73 203
73 208
73 80
73 218
73 229
73 127
73 117
73 124
73 255
73 133
73 142
73 137
73 254
73 86
73 112
73 199
73 253
73 261
73 104
73 226
73 268
73 102
73 177
73 168
73 111
73 98
73 285
73 251
73 120
73 286
73 231
73 106
73 243
73 183
73 232
73 130
73 144
73 242
73 272
73 225
73 228
73 240
73 118
74 291
74 265
74 235
74 238
74 113
74 151
74 154
74 259
74 270
74 198
74 174
74 293
75 192
75 135
75 136
75 166
75 266
75 271
75 146
75 116
75 244
75 182
75 245
75 88
75 249
75 186
76 260
76 134
76 267
76 141
76 269
76 147
76 282
76 159
76 287
76 163
76 292
76 297
76 298
76 173
76 300
76 175
76 176
76 178
76 170
76 191
76 193
76 210
76 83
76 169
76 213
76 89
76 92
76 224
76 99
76 107
76 110
76 119
76 122
76 158
76 125
76 239
76 230
76 149
76 105
76 181
76 217
76 288
76 241
76 78
77 260
77 134
77 267
77 141
77 269
77 147
77 149
77 282
77 158
77 159
77 287
77 163
77 292
77 297
77 298
77 170
77 173
77 300
77 175
77 176
77 178
77 191
77 193
77 210
77 83
77 169
77 213
77 89
77 92
77 224
77 99
77 230
77 107
77 110
77 239
77 119
77 122
77 125
77 105
77 181
77 217
77 288
77 241
77 78
78 260
78 269
78 147
78 149
78 282
78 158
78 159
78 288
78 163
78 297
78 170
78 173
78 175
78 178
78 181
78 191
78 210
78 83
78 217
78 92
78 224
78 99
78 230
78 105
78 107
78 119
78 125
79 263
79 262
79 140
79 274
79 280
79 283
79 155
79 160
79 289
79 165
79 197
79 204
79 205
79 215
79 114
79 246
79 202
79 252
79 281
79 85
79 172
79 264
79 247
79 194
79 211
79 109
79 100
79 189
79 157
79 131
79 161
79 87
79 295
79 95
79 201
79 236
79 248
79 103
79 234
79 123
79 185
80 148
80 284
80 180
80 184
80 203
80 208
80 218
80 229
80 127
80 117
80 250
80 124
80 190
80 152
80 299
80 255
80 133
80 142
80 137
80 254
80 86
80 112
80 199
80 253
80 261
80 104
80 226
80 268
80 102
80 167
80 177
80 168
80 111
80 98
80 285
80 251
80 120
80 286
80 231
80 106
80 243
80 183
80 232
80 130
80 144
80 242
80 272
80 225
80 228
80 240
80 118
81 256
81 257
81 129
81 258
81 132
81 138
81 145
81 277
81 279
81 162
81 294
81 296
81 179
81 188
81 195
81 196
81 206
81 207
81 84
81 214
81 216
81 219
81 220
81 221
81 222
81 227
81 101
81 237
82 143
82 290
82 164
82 171
82 96
82 233
82 121
82 115
82 156
82 278
83 141
83 282
83 292
83 297
83 173
83 176
83 178
83 163
83 210
83 99
83 107
83 110
83 122
83 213
83 147
83 159
83 300
83 298
83 287
83 193
83 267
83 224
83 170
83 92
83 191
83 89
83 169
83 134
83 125
83 239
83 230
83 105
83 181
83 217
83 288
83 241
84 277
84 296
84 195
84 206
84 227
84 222
84 145
84 196
84 257
84 256
84 223
84 132
84 101
84 188
84 138
84 237
84 129
84 220
84 207
84 279
84 162
84 214
84 258
84 221
84 219
84 216
84 179
85 263
85 262
85 280
85 281
85 283
85 155
85 289
85 165
85 197
85 202
85 204
85 205
85 215
85 114
85 246
85 252
85 172
85 264
85 247
85 194
85 211
85 109
85 100
85 189
85 157
85 131
85 161
85 87
85 295
85 95
85 201
85 236
85 248
85 103
85 234
85 123
85 185
86 255
86 133
86 137
86 142
86 148
86 152
86 284
86 299
86 180
86 184
86 190
86 203
86 208
86 218
86 229
86 117
86 250
86 124
86 254
86 127
86 112
86 199
86 253
86 261
86 104
86 226
86 268
86 102
86 167
86 177
86 168
86 111
86 98
86 285
86 251
86 120
86 286
86 231
86 106
86 243
86 183
86 232
86 130
86 144
86 242
86 272
86 225
86 228
86 240
86 118
87 262
87 263
87 140
87 274
87 280
87 281
87 283
87 155
87 160
87 289
87 157
87 165
87 172
87 205
87 211
87 109
87 114
87 246
87 247
87 252
87 95
87 236
87 103
87 123
87 185
88 135
88 136
88 271
88 146
88 116
88 244
88 249
88 186
88 182
88 192
88 166
88 266
88 245
89 260
89 269
89 147
89 282
89 159
89 163
89 297
89 173
89 178
89 175
89 191
89 210
89 170
89 92
89 224
89 99
89 107
89 119
89 158
89 125
89 230
89 149
89 105
89 181
89 217
89 288
90 200
90 139
90 212
90 153
90 91
90 94
90 108
91 200
91 212
91 94
91 139
91 153
91 108
92 260
92 267
92 141
92 269
92 159
92 287
92 163
92 292
92 297
92 173
92 300
92 176
92 298
92 178
92 175
92 193
92 210
92 213
92 170
92 224
92 107
92 110
92 119
92 122
92 191
92 169
92 134
92 125
92 239
92 230
92 149
92 105
92 181
92 217
92 288
92 241
93 143
93 290
93 164
93 171
93 96
93 233
93 121
93 115
93 156
93 278
94 212
94 200
94 139
94 153
94 108
95 131
95 262
95 263
95 264
95 140
95 274
95 280
95 281
95 283
95 155
95 160
95 289
95 157
95 165
95 161
95 295
95 172
95 189
95 194
95 197
95 202
95 204
95 205
95 215
95 100
95 109
95 114
95 246
95 247
95 252
95 201
95 236
95 248
95 103
95 234
95 123
95 185
96 187
96 121
96 126
96 164
96 273
96 143
96 233
96 171
96 290
96 276
96 275
96 128
96 115
96 156
96 278
96 150
96 209
97 291
97 265
97 238
97 113
97 154
97 151
97 235
97 259
97 270
97 198
97 174
97 293
98 133
98 137
98 268
98 142
98 152
98 284
98 168
98 299
98 177
98 180
98 190
98 199
98 208
98 218
98 226
98 229
98 102
98 104
98 127
98 111
98 112
98 117
98 250
98 124
98 253
98 254
98 255
98 285
98 251
98 120
98 286
98 106
98 243
98 183
98 232
98 130
98 144
98 272
98 225
98 228
98 240
98 118
99 260
99 292
99 297
99 173
99 176
99 178
99 163
99 210
99 107
99 110
99 141
99 122
99 213
99 159
99 300
99 298
99 287
99 269
99 193
99 119
99 267
99 175
99 224
99 170
99 191
99 169
99 134
99 158
99 125
99 239
99 230
99 149
99 105
99 181
99 217
99 288
99 241
100 262
100 263
100 140
100 274
100 280
100 281
100 283
100 155
100 160
100 289
100 165
100 172
100 205
100 211
100 109
100 114
100 246
100 247
100 252
100 157
100 201
100 236
100 103
100 123
100 185
101 257
101 132
101 294
101 195
101 196
101 206
101 222
101 223
101 227
101 237
101 129
101 207
101 162
101 214
101 258
101 219
101 216
101 179
102 133
102 261
102 137
102 268
102 142
102 148
102 152
102 284
102 299
102 180
102 184
102 190
102 199
102 203
102 208
102 218
102 226
102 229
102 104
102 127
102 112
102 117
102 250
102 124
102 253
102 254
102 255
102 167
102 177
102 168
102 111
102 285
102 251
102 120
102 286
102 231
102 106
102 243
102 183
102 232
102 130
102 144
102 242
102 272
102 225
102 228
102 240
102 118
103 131
103 262
103 263
103 264
103 140
103 274
103 280
103 281
103 283
103 160
103 289
103 157
103 165
103 161
103 295
103 172
103 189
103 194
103 197
103 201
103 202
103 204
103 205
103 211
103 215
103 236
103 109
103 114
103 246
103 247
103 248
103 252
103 234
103 123
103 185
104 255
104 133
104 261
104 137
104 142
104 148
104 152
104 284
104 299
104 180
104 184
104 190
104 199
104 203
104 208
104 218
104 229
104 112
104 117
104 250
104 124
104 253
104 254
104 127
104 226
104 268
104 167
104 177
104 168
104 111
104 285
104 251
104 120
104 286
104 231
104 106
104 243
104 183
104 232
104 130
104 144
104 242
104 272
104 225
104 228
104 240
104 118
105 260
105 134
105 267
105 141
105 269
105 147
105 149
105 282
105 159
105 287
105 163
105 292
105 297
105 298
105 170
105 173
105 300
105 175
105 176
105 169
105 178
105 191
105 193
105 210
105 213
105 224
105 230
105 107
105 110
105 239
105 119
105 122
105 125
105 181
105 217
105 288
105 241
106 133
106 261
106 137
106 268
106 142
106 148
106 152
106 284
106 285
106 286
106 167
106 168
106 299
106 177
106 180
106 184
106 190
106 199
106 203
106 208
106 218
106 226
106 229
106 231
106 127
106 111
106 112
106 117
106 120
106 250
106 251
106 124
106 253
106 254
106 255
106 243
106 183
106 232
106 130
106 144
106 242
106 272
106 225
106 228
106 240
106 118
107 260
107 282
107 292
107 297
107 173
107 176
107 178
107 163
107 110
107 210
107 141
107 122
107 213
107 147
107 159
107 300
107 298
107 287
107 269
107 193
107 119
107 267
107 175
107 224
107 170
107 191
107 169
107 134
107 158
107 125
107 239
107 230
107 149
107 181
107 217
107 288
107 241
108 200
108 139
108 212
108 153
109 262
109 263
109 264
109 140
109 274
109 280
109 281
109 283
109 155
109 160
109 289
109 165
109 172
109 194
109 197
109 202
109 204
109 211
109 215
109 114
109 246
109 247
109 252
109 189
109 131
109 161
109 295
109 201
109 236
109 248
109 234
109 123
109 185
110 173
110 176
110 178
110 260
110 282
110 297
110 163
110 210
110 147
110 159
110 300
110 298
110 287
110 269
110 119
110 175
110 224
110 170
110 191
110 158
110 125
110 230
110 149
110 181
110 217
110 288
111 133
111 261
111 137
111 268
111 142
111 148
111 152
111 284
111 167
111 168
111 299
111 177
111 180
111 184
111 190
111 199
111 203
111 208
111 218
111 226
111 229
111 127
111 112
111 117
111 250
111 124
111 253
111 254
111 255
111 285
111 251
111 120
111 286
111 231
111 243
111 183
111 232
111 130
111 144
111 242
111 272
111 225
111 228
111 240
111 118
112 133
112 142
112 148
112 152
112 284
112 299
112 180
112 184
112 203
112 208
112 229
112 117
112 250
112 124
112 254
112 127
112 199
112 261
112 268
112 167
112 177
112 168
112 285
112 231
112 243
112 130
112 144
112 242
112 272
112 225
112 228
112 118
113 154
113 265
113 238
113 291
113 151
113 235
113 259
113 270
113 198
113 174
113 293
114 263
114 262
114 140
114 274
114 280
114 283
114 155
114 160
114 289
114 165
114 204
114 215
114 246
114 205
114 202
114 252
114 281
114 172
114 264
114 247
114 194
114 211
114 189
114 157
114 131
114 161
114 201
114 236
114 248
114 123
114 185
115 128
115 143
115 273
115 275
115 276
115 290
115 164
115 171
115 187
115 233
115 121
115 126
115 156
115 278
115 150
115 209
116 249
116 271
116 244
116 136
116 146
116 135
116 186
116 182
116 192
116 166
116 266
116 245
117 284
117 180
117 184
117 208
117 218
117 229
117 127
117 250
117 124
117 148
117 203
117 190
117 152
117 299
117 255
117 133
117 142
117 137
117 254
117 199
117 253
117 261
117 226
117 268
117 167
117 177
117 168
117 285
117 251
117 120
117 286
117 231
117 243
117 183
117 232
117 130
117 144
117 242
117 272
117 225
117 228
117 240
117 118
118 130
118 261
118 133
118 137
118 268
118 142
118 144
118 148
118 272
118 152
118 284
118 285
118 286
118 167
118 168
118 299
118 177
118 180
118 183
118 184
118 190
118 199
118 203
118 208
118 218
118 225
118 226
118 228
118 229
118 231
118 232
118 127
118 240
118 242
118 243
118 120
118 250
118 251
118 124
118 253
118 254
118 255
119 260
119 141
119 269
119 147
119 282
119 159
119 287
119 163
119 292
119 297
119 173
119 300
119 176
119 298
119 178
119 193
119 210
119 213
119 122
119 267
119 224
119 170
119 191
119 169
119 134
119 125
119 239
119 230
119 181
119 217
119 288
119 241
120 133
120 261
120 268
120 142
120 148
120 152
120 284
120 285
120 167
120 168
120 299
120 177
120 180
120 184
120 199
120 203
120 208
120 229
120 127
120 250
120 124
120 254
120 231
120 243
120 130
120 144
120 242
120 272
120 225
120 228
121 187
121 126
121 164
121 273
121 143
121 233
121 171
121 290
121 276
121 275
121 128
121 156
121 278
121 150
121 209
122 260
122 282
122 297
122 163
122 173
122 178
122 210
122 147
122 159
122 269
122 175
122 224
122 170
122 191
122 158
122 125
122 230
122 149
122 181
122 217
122 288
123 131
123 262
123 263
123 264
123 140
123 274
123 280
123 281
123 283
123 155
123 160
123 289
123 157
123 161
123 295
123 172
123 189
123 194
123 197
123 201
123 202
123 204
123 205
123 211
123 215
123 234
123 236
123 247
123 248
123 252
123 185
124 127
124 180
124 250
124 218
124 184
124 284
124 148
124 203
124 190
124 152
124 299
124 255
124 133
124 142
124 137
124 254
124 199
124 253
124 261
124 226
124 268
124 167
124 177
124 285
124 251
124 286
124 231
124 243
124 183
124 232
124 130
124 144
124 242
124 272
124 225
124 228
124 240
125 260
125 134
125 267
125 141
125 269
125 147
125 282
125 159
125 287
125 158
125 163
125 292
125 297
125 298
125 173
125 300
125 175
125 176
125 178
125 170
125 191
125 193
125 210
125 169
125 213
125 224
125 239
125 230
125 149
125 181
125 217
125 288
125 241
126 164
126 143
126 233
126 171
126 290
126 156
126 278
127 180
127 250
127 218
127 184
127 284
127 229
127 208
127 148
127 203
127 190
127 152
127 299
127 255
127 133
127 142
127 137
127 254
127 199
127 253
127 261
127 226
127 167
127 177
127 168
127 285
127 251
127 286
127 231
127 243
127 183
127 232
127 130
127 144
127 242
127 272
127 225
127 228
127 240
128 143
128 290
128 164
128 171
128 233
128 156
128 278
129 256
129 257
129 132
129 138
129 145
129 277
129 294
129 296
129 188
129 195
129 206
129 223
129 227
129 237
129 220
129 207
129 279
129 162
129 214
129 258
129 221
129 219
129 216
129 179
130 261
130 133
130 137
130 268
130 142
130 148
130 152
130 284
130 285
130 286
130 167
130 168
130 299
130 177
130 180
130 183
130 184
130 190
130 199
130 203
130 208
130 218
130 226
130 229
130 231
130 232
130 243
130 250
130 251
130 253
130 254
130 255
130 144
130 242
130 272
130 225
130 228
130 240
131 262
131 263
131 140
131 274
131 280
131 281
131 283
131 155
131 160
131 289
131 157
131 165
131 172
131 205
131 211
131 246
131 247
131 252
131 236
131 185
132 256
132 257
132 145
132 277
132 296
132 195
132 196
132 206
132 222
132 223
132 227
132 294
132 188
132 138
132 237
132 220
132 207
132 279
132 162
132 214
132 258
132 221
132 219
132 216
132 179
133 255
133 148
133 152
133 284
133 299
133 180
133 184
133 190
133 203
133 208
133 218
133 229
133 250
133 142
133 137
133 254
133 199
133 253
133 261
133 226
133 268
133 167
133 177
133 168
133 285
133 251
133 286
133 231
133 243
133 183
133 232
133 144
133 242
133 272
133 225
133 228
133 240
134 260
134 269
134 147
134 282
134 159
134 163
134 297
134 173
134 175
134 178
134 170
134 191
134 210
134 224
134 158
134 239
134 230
134 149
134 181
134 217
134 288
135 136
135 271
135 146
135 244
135 249
135 186
135 182
135 192
135 166
135 266
135 245
136 271
136 249
136 146
136 186
136 182
136 192
136 166
136 266
137 142
137 148
137 152
137 284
137 299
137 180
137 184
137 203
137 208
137 229
137 250
137 254
137 199
137 261
137 268
137 167
137 177
137 168
137 285
137 231
137 243
137 144
137 242
137 272
137 225
137 228
138 257
138 294
138 195
138 196
138 206
138 222
138 223
138 227
138 237
138 207
138 162
138 258
138 219
138 216
138 179
139 200
139 212
139 153
140 263
140 262
140 283
140 197
140 204
140 215
140 246
140 165
140 289
140 155
140 280
140 205
140 202
140 252
140 281
140 172
140 264
140 247
140 194
140 211
140 189
140 157
140 161
140 295
140 201
140 236
140 248
140 234
140 185
141 260
141 282
141 297
141 173
141 178
141 163
141 210
141 147
141 159
141 300
141 269
141 175
141 224
141 170
141 191
141 158
141 230
141 149
141 181
141 217
141 288
142 255
142 148
142 152
142 284
142 299
142 180
142 184
142 190
142 203
142 208
142 218
142 229
142 250
142 254
142 199
142 253
142 261
142 226
142 268
142 167
142 177
142 168
142 285
142 251
142 286
142 231
142 243
142 183
142 232
142 144
142 242
142 272
142 225
142 228
142 240
143 273
143 164
143 187
143 233
143 171
143 290
143 276
143 275
143 156
143 278
143 150
143 209
144 261
144 268
144 148
144 152
144 284
144 285
144 286
144 167
144 168
144 299
144 177
144 180
144 183
144 184
144 190
144 199
144 203
144 208
144 218
144 226
144 229
144 231
144 232
144 243
144 250
144 251
144 253
144 255
144 242
144 272
144 225
144 228
144 240
145 195
145 206
145 222
145 227
145 196
145 257
145 223
145 294
145 237
145 207
145 162
145 258
145 219
145 216
145 179
146 271
146 244
146 249
146 186
146 182
146 192
146 166
146 266
146 245
147 163
147 173
147 176
147 178
147 210
147 213
147 260
147 292
147 297
147 159
147 300
147 298
147 287
147 269
147 193
147 267
147 175
147 224
147 170
147 191
147 169
147 239
147 230
147 149
147 181
147 217
147 288
147 241
148 284
148 180
148 208
148 218
148 229
148 250
148 190
148 152
148 299
148 255
148 254
148 199
148 253
148 226
148 268
148 177
148 168
148 285
148 251
148 286
148 243
148 183
148 232
148 272
148 225
148 228
148 240
149 260
149 267
149 269
149 282
149 159
149 287
149 163
149 292
149 297
149 298
149 170
149 173
149 300
149 176
149 178
149 191
149 193
149 210
149 169
149 213
149 224
149 230
149 239
149 181
149 217
149 288
149 241
150 278
150 156
150 290
150 164
150 171
150 233
151 265
151 154
151 235
151 270
151 198
152 284
152 180
152 184
152 190
152 203
152 208
152 218
152 229
152 299
152 255
152 254
152 199
152 253
152 261
152 226
152 268
152 167
152 177
152 168
152 285
152 251
152 286
152 231
152 243
152 183
152 232
152 242
152 272
152 225
152 228
152 240
153 200
154 265
154 238
154 291
154 235
154 259
154 270
154 198
154 174
154 293
155 263
155 262
155 274
155 283
155 160
155 289
155 165
155 197
155 204
155 215
155 246
155 280
155 205
155 202
155 252
155 281
155 172
155 264
155 247
155 194
155 211
155 189
155 157
155 161
155 295
155 201
155 236
155 248
155 234
155 185
156 273
156 275
156 276
156 290
156 164
156 171
156 187
156 233
156 278
156 209
157 262
157 263
157 264
157 274
157 280
157 281
157 283
157 160
157 289
157 165
157 172
157 189
157 194
157 197
157 202
157 204
157 211
157 215
157 246
157 247
157 252
157 161
157 295
157 201
157 236
157 248
157 234
157 185
158 260
158 267
158 269
158 159
158 287
158 163
158 292
158 297
158 298
158 173
158 300
158 176
158 170
158 191
158 193
158 210
158 169
158 213
158 224
158 239
158 230
158 181
158 217
158 288
158 241
159 173
159 176
159 178
159 213
159 260
159 282
159 292
159 297
159 300
159 298
159 287
159 269
159 193
159 267
159 175
159 170
159 191
159 169
159 239
159 230
159 181
159 217
159 288
159 241
160 263
160 262
160 283
160 197
160 204
160 215
160 246
160 165
160 289
160 280
160 205
160 202
160 252
160 281
160 172
160 264
160 247
160 194
160 211
160 189
160 161
160 295
160 201
160 236
160 248
160 234
160 185
161 262
161 263
161 274
161 280
161 281
161 283
161 289
161 165
161 172
161 205
161 211
161 246
161 247
161 252
161 236
161 185
162 256
162 257
162 277
162 279
162 294
162 296
162 188
162 195
162 196
162 206
162 207
162 220
162 222
162 223
162 227
162 237
162 214
162 258
162 221
162 219
162 216
163 173
163 176
163 178
163 260
163 282
163 292
163 297
163 213
163 300
163 298
163 287
163 269
163 193
163 267
163 175
163 170
163 191
163 169
163 239
163 230
163 181
163 217
163 288
163 241
164 187
164 273
164 233
164 171
164 290
164 276
164 275
164 278
164 209
165 263
165 262
165 274
165 283
165 197
165 204
165 215
165 246
165 289
165 280
165 205
165 202
165 252
165 281
165 172
165 264
165 247
165 194
165 211
165 189
165 295
165 201
165 236
165 248
165 234
165 185
166 192
166 271
166 244
166 182
166 249
166 186
166 266
166 245
167 268
167 284
167 299
167 180
167 190
167 199
167 208
167 218
167 226
167 229
167 250
167 253
167 254
167 255
167 285
167 251
167 286
167 243
167 183
167 232
167 272
167 225
167 228
167 240
168 261
168 268
168 284
168 299
168 177
168 180
168 184
168 190
168 199
168 203
168 218
168 226
168 250
168 253
168 254
168 255
168 285
168 251
168 286
168 231
168 243
168 183
168 232
168 242
168 272
168 225
168 228
168 240
169 260
169 269
169 282
169 297
169 173
169 175
169 178
169 191
169 210
169 170
169 224
169 230
169 181
169 217
169 288
170 260
170 269
170 267
170 282
170 287
170 292
170 297
170 173
170 300
170 176
170 298
170 178
170 175
170 193
170 210
170 213
170 224
170 191
170 239
170 230
170 181
170 288
170 241
171 273
171 187
171 233
171 290
171 276
171 275
171 278
171 209
172 262
172 263
172 274
172 280
172 281
172 197
172 202
172 204
172 205
172 215
172 246
172 252
172 264
172 247
172 194
172 211
172 189
172 295
172 201
172 236
172 248
172 234
172 185
173 282
173 297
173 292
173 178
173 176
173 210
173 213
173 300
173 298
173 287
173 193
173 267
173 224
173 191
173 239
173 230
173 181
173 217
173 288
173 241
174 198
174 265
174 235
174 270
175 260
175 267
175 282
175 287
175 292
175 297
175 300
175 176
175 298
175 178
175 193
175 210
175 213
175 224
175 191
175 239
175 230
175 181
175 217
175 288
175 241
176 178
176 260
176 282
176 297
176 210
176 269
176 193
176 224
176 191
176 230
176 181
176 217
176 288
176 241
177 261
177 268
177 284
177 299
177 180
177 184
177 190
177 199
177 203
177 208
177 218
177 226
177 229
177 250
177 253
177 254
177 255
177 285
177 251
177 286
177 231
177 243
177 183
177 232
177 242
177 272
177 225
177 228
177 240
178 282
178 292
178 297
178 260
178 210
178 213
178 300
178 298
178 287
178 269
178 193
178 267
178 224
178 191
178 239
178 230
178 181
178 217
178 288
178 241
179 256
179 257
179 258
179 277
179 279
179 294
179 296
179 188
179 195
179 196
179 206
179 207
179 214
179 216
179 219
179 220
179 221
179 222
179 223
179 227
179 237
180 250
180 218
180 184
180 284
180 229
180 208
180 203
180 190
180 299
180 255
180 254
180 199
180 253
180 261
180 226
180 268
180 285
180 251
180 286
180 231
180 243
180 183
180 232
180 242
180 272
180 225
180 228
180 240
181 260
181 267
181 269
181 282
181 287
181 292
181 297
181 298
181 300
181 191
181 193
181 210
181 213
181 224
181 230
181 239
181 217
181 288
181 241
182 271
182 244
182 249
182 186
182 192
182 266
182 245
183 261
183 268
183 284
183 285
183 299
183 184
183 199
183 203
183 208
183 229
183 231
183 243
183 250
183 254
183 242
183 272
183 225
183 228
184 218
184 250
184 284
184 229
184 208
184 190
184 299
184 255
184 254
184 199
184 253
184 226
184 268
184 285
184 251
184 286
184 243
184 232
184 272
184 225
184 228
184 240
185 262
185 263
185 264
185 274
185 280
185 281
185 283
185 289
185 295
185 189
185 194
185 197
185 201
185 202
185 204
185 205
185 211
185 215
185 234
185 236
185 246
185 247
185 248
185 252
186 271
186 244
186 249
186 192
186 266
186 245
187 233
187 290
187 278
188 257
188 294
188 195
188 196
188 206
188 222
188 223
188 227
188 237
188 207
188 258
188 219
188 216
189 262
189 263
189 274
189 280
189 281
189 283
189 289
189 205
189 211
189 246
189 247
189 252
189 236
190 284
190 203
190 208
190 229
190 250
190 299
190 254
190 199
190 261
190 268
190 285
190 231
190 243
190 242
190 272
190 225
190 228
191 260
191 267
191 269
191 282
191 287
191 292
191 297
191 300
191 298
191 193
191 210
191 213
191 224
191 239
191 230
191 217
191 241
192 271
192 244
192 249
192 266
192 245
193 260
193 269
193 282
193 297
193 300
193 210
193 224
193 230
193 217
193 288
194 262
194 263
194 274
194 280
194 281
194 283
194 289
194 205
194 246
194 247
194 252
194 211
194 236
195 227
195 296
195 206
195 277
195 222
195 196
195 257
195 256
195 223
195 294
195 237
195 220
195 207
195 279
195 214
195 258
195 221
195 219
195 216
196 277
196 296
196 206
196 227
196 257
196 256
196 223
196 294
196 237
196 220
196 207
196 279
196 214
196 258
196 221
196 219
196 216
197 263
197 283
197 246
197 262
197 274
197 289
197 280
197 205
197 252
197 281
197 247
197 211
197 236
198 291
198 259
198 265
198 235
198 238
198 270
198 293
199 255
199 284
199 299
199 203
199 208
199 218
199 229
199 250
199 254
199 253
199 261
199 226
199 268
199 285
199 251
199 286
199 231
199 243
199 232
199 242
199 272
199 225
199 228
199 240
200 212
201 262
201 263
201 274
201 280
201 281
201 283
201 289
201 205
201 211
201 246
201 247
201 252
201 236
202 263
202 262
202 274
202 280
202 283
202 289
202 205
202 246
202 252
202 281
202 247
202 211
202 236
203 284
203 208
203 218
203 229
203 250
203 299
203 255
203 254
203 253
203 226
203 268
203 285
203 251
203 286
203 243
203 232
203 272
203 225
203 228
203 240
204 263
204 262
204 283
204 246
204 274
204 289
204 280
204 205
204 252
204 281
204 247
204 211
204 236
205 263
205 262
205 274
205 280
205 283
205 289
205 215
205 246
205 252
205 281
205 264
205 247
205 211
205 295
205 236
205 248
205 234
206 277
206 227
206 296
206 257
206 256
206 223
206 294
206 237
206 220
206 207
206 279
206 214
206 258
206 221
206 219
206 216
207 256
207 257
207 277
207 294
207 296
207 220
207 222
207 223
207 227
207 237
207 279
207 214
207 258
207 221
207 219
207 216
208 284
208 218
208 250
208 299
208 255
208 254
208 253
208 261
208 226
208 268
208 285
208 251
208 286
208 231
208 243
208 232
208 242
208 272
208 225
208 228
208 240
209 278
209 290
209 233
210 260
210 282
210 292
210 297
210 213
210 300
210 298
210 287
210 269
210 267
210 224
210 239
210 230
210 217
210 288
210 241
211 263
211 264
211 274
211 280
211 281
211 283
211 289
211 215
211 246
211 247
211 252
211 295
211 236
211 248
211 234
213 260
213 282
213 297
213 300
213 269
213 224
213 230
213 217
213 288
214 257
214 294
214 296
214 222
214 223
214 227
214 237
214 258
214 219
214 216
215 263
215 283
215 246
215 262
215 274
215 289
215 280
215 252
215 281
215 247
215 236
216 256
216 257
216 258
216 277
216 279
216 294
216 296
216 219
216 220
216 221
216 222
216 223
216 227
216 237
217 260
217 267
217 269
217 282
217 287
217 292
217 297
217 298
217 300
217 224
217 230
217 239
217 288
217 241
218 250
218 284
218 229
218 299
218 254
218 261
218 268
218 285
218 231
218 243
218 242
218 272
218 225
218 228
219 256
219 257
219 258
219 277
219 279
219 294
219 296
219 220
219 221
219 222
219 223
219 227
219 237
220 257
220 294
220 222
220 223
220 227
220 237
220 258
221 257
221 258
221 279
221 294
221 296
221 222
221 223
221 227
221 237
222 277
222 296
222 227
222 257
222 256
222 223
222 294
222 237
222 279
222 258
223 256
223 257
223 277
223 296
223 227
223 294
223 237
223 279
223 258
224 260
224 269
224 267
224 282
224 287
224 292
224 297
224 300
224 298
224 239
224 230
224 288
224 241
225 261
225 268
225 272
225 284
225 285
225 286
225 299
225 226
225 229
225 231
225 232
225 242
225 243
225 250
225 251
225 253
225 254
225 255
225 228
225 240
226 261
226 284
226 299
226 229
226 250
226 254
226 268
226 285
226 231
226 243
226 242
226 272
226 228
227 277
227 296
227 257
227 256
227 294
227 237
227 279
227 258
228 261
228 268
228 272
228 284
228 285
228 286
228 299
228 229
228 231
228 232
228 242
228 243
228 250
228 251
228 253
228 254
228 255
228 240
229 284
229 250
229 299
229 255
229 254
229 253
229 261
229 268
229 285
229 251
229 286
229 231
229 243
229 232
229 242
229 272
229 240
230 260
230 267
230 269
230 282
230 287
230 292
230 297
230 298
230 300
230 239
230 288
230 241
231 268
231 284
231 285
231 286
231 299
231 250
231 251
231 253
231 254
231 255
231 243
231 232
231 272
231 240
232 261
232 268
232 284
232 285
232 299
232 243
232 250
232 254
232 242
232 272
233 273
233 290
233 276
233 275
233 278
234 262
234 263
234 274
234 280
234 281
234 283
234 289
234 236
234 246
234 247
234 252
235 291
235 265
235 238
235 259
235 270
235 293
236 262
236 263
236 264
236 274
236 280
236 281
236 283
236 289
236 295
236 246
236 247
236 252
236 248
237 256
237 257
237 277
237 294
237 296
237 279
237 258
238 265
238 270
239 260
239 269
239 282
239 297
239 288
239 241
240 261
240 268
240 272
240 284
240 285
240 299
240 242
240 243
240 250
240 254
241 260
241 269
241 282
241 288
241 297
242 268
242 284
242 285
242 286
242 299
242 243
242 250
242 251
242 253
242 254
242 255
242 272
243 261
243 268
243 285
243 286
243 299
243 250
243 251
243 253
243 254
243 255
243 272
244 271
244 249
244 266
245 266
245 271
245 249
246 263
246 283
246 262
246 274
246 289
246 280
246 252
246 281
246 264
246 247
246 295
246 248
247 262
247 263
247 264
247 274
247 280
247 281
247 283
247 289
247 252
247 295
247 248
248 262
248 263
248 274
248 280
248 281
248 283
248 289
248 252
249 271
249 266
250 284
250 299
250 255
250 254
250 253
250 261
250 268
250 285
250 251
250 286
250 272
251 261
251 268
251 284
251 285
251 299
251 254
251 272
252 263
252 262
252 274
252 280
252 283
252 289
252 281
252 264
252 295
253 284
253 299
253 254
253 261
253 268
253 285
253 272
254 255
254 284
254 299
254 261
254 268
254 285
254 286
254 272
255 284
255 299
255 261
255 268
255 285
255 272
256 257
256 294
256 258
257 277
257 296
257 294
257 279
257 258
258 277
258 279
258 294
258 296
259 265
259 270
260 282
260 292
260 297
260 300
260 298
260 287
260 267
260 288
261 284
261 299
261 268
261 285
261 286
261 272
262 263
262 283
262 274
262 289
262 280
262 281
262 264
262 295
263 283
263 274
263 289
263 280
263 281
263 264
263 295
264 274
264 280
264 281
264 283
264 289
265 291
265 270
265 293
266 271
267 269
267 282
267 297
267 288
268 284
268 299
268 285
268 286
268 272
269 282
269 287
269 292
269 297
269 300
269 298
269 288
270 291
270 293
272 284
272 286
272 299
273 290
273 278
274 283
274 289
274 280
274 281
274 295
275 290
275 278
276 290
276 278
277 294
278 290
279 294
280 283
280 289
280 281
280 295
281 283
281 289
281 295
282 297
282 292
282 300
282 298
282 287
282 288
283 295
284 299
284 285
284 286
285 299
285 286
286 299
287 297
287 288
288 292
288 297
288 298
288 300
289 295
292 297
294 296
297 300
297 298
