heur059_n_300_m_7867
1 64
1 192
1 2
1 195
1 34
1 154
1 40
1 75
1 238
1 85
1 90
1 49
1 80
2 64
2 34
2 195
2 75
2 238
2 40
2 85
2 49
2 80
3 261
3 135
3 19
3 286
3 288
3 44
3 206
3 87
3 217
3 227
3 234
3 119
3 129
3 247
3 278
3 121
3 214
3 94
3 54
3 204
3 104
3 145
3 198
3 241
3 120
3 29
3 74
3 279
3 221
3 164
3 141
3 126
3 31
3 57
3 73
3 283
3 187
3 231
3 35
3 172
3 71
3 62
3 30
3 272
3 260
3 128
3 277
3 79
3 139
3 6
3 78
3 5
3 156
3 116
3 48
3 55
3 125
3 148
3 43
3 143
3 110
3 133
3 201
3 58
3 176
3 266
3 21
3 113
3 63
3 77
3 207
3 215
3 27
3 152
4 17
4 150
4 28
4 157
4 291
4 173
4 174
4 178
4 190
4 210
4 89
4 122
4 38
4 92
4 37
4 32
4 235
4 265
4 9
4 101
4 270
4 118
4 225
4 65
4 249
4 255
4 70
4 197
4 239
4 289
4 211
4 91
4 52
4 103
4 155
4 233
4 194
4 39
4 100
4 102
4 273
4 281
4 111
4 292
4 69
4 299
4 219
4 276
4 248
4 295
4 252
4 13
5 6
5 19
5 29
5 30
5 31
5 35
5 44
5 45
5 54
5 57
5 71
5 73
5 74
5 79
5 84
5 87
5 94
5 120
5 126
5 128
5 129
5 135
5 139
5 141
5 145
5 164
5 172
5 187
5 204
5 206
5 214
5 217
5 221
5 224
5 227
5 231
5 234
5 241
5 247
5 260
5 272
5 278
5 279
5 283
5 288
5 48
5 55
5 125
5 148
5 43
5 99
5 202
5 133
5 58
5 21
5 33
5 236
5 63
5 77
5 167
5 215
5 27
6 19
6 29
6 30
6 31
6 45
6 54
6 71
6 73
6 74
6 79
6 84
6 87
6 104
6 119
6 120
6 121
6 126
6 128
6 129
6 139
6 141
6 145
6 164
6 172
6 187
6 204
6 206
6 214
6 217
6 221
6 224
6 231
6 234
6 241
6 247
6 260
6 272
6 278
6 279
6 283
6 286
6 288
6 156
6 48
6 55
6 125
6 148
6 43
6 143
6 99
6 202
6 133
6 201
6 58
6 176
6 21
6 33
6 236
6 113
6 63
6 77
6 167
6 215
6 27
6 152
7 10
7 161
7 162
7 166
7 296
7 170
7 42
7 300
7 298
7 183
7 185
7 203
7 213
7 98
7 229
7 112
7 114
7 123
7 124
7 95
7 264
7 61
7 259
8 131
8 132
8 263
8 267
8 12
8 268
8 16
8 15
8 146
8 275
8 18
8 147
8 151
8 280
8 24
8 282
8 284
8 36
8 297
8 169
8 171
8 179
8 53
8 182
8 56
8 184
8 186
8 188
8 191
8 193
8 67
8 196
8 68
8 200
8 209
8 216
8 222
8 226
8 232
8 106
8 108
8 242
8 243
8 245
8 115
8 246
8 250
8 251
8 127
8 220
8 149
8 189
8 175
8 51
8 158
8 257
8 240
8 130
8 181
8 212
9 265
9 17
9 150
9 28
9 157
9 32
9 291
9 37
9 38
9 174
9 178
9 210
9 89
9 92
9 235
9 122
9 101
9 270
9 118
9 225
9 65
9 249
9 255
9 70
9 197
9 239
9 289
9 211
9 91
9 52
9 103
9 155
9 233
9 194
9 39
9 100
9 102
9 273
9 281
9 111
9 292
9 69
9 299
9 219
9 276
9 248
9 295
9 252
9 13
10 142
10 161
10 296
10 42
10 300
10 203
10 213
10 98
10 229
10 112
10 114
10 124
10 298
10 183
10 95
10 264
10 61
10 259
11 20
11 25
11 293
11 41
11 72
11 82
11 83
11 230
11 109
11 137
11 208
11 159
11 228
11 290
11 134
11 46
11 97
11 23
11 223
11 218
11 50
11 285
11 163
11 107
11 144
11 258
11 86
11 254
11 205
11 153
11 26
11 177
11 93
12 132
12 275
12 280
12 179
12 209
12 216
12 232
12 242
12 151
12 245
12 196
12 131
12 171
12 18
12 108
12 147
12 284
12 53
12 15
12 56
12 127
12 267
12 188
12 250
12 222
12 184
12 182
12 268
12 106
12 246
12 220
12 149
12 189
12 175
12 51
12 257
12 240
12 130
12 181
12 212
13 265
13 270
13 17
13 273
13 276
13 150
13 281
13 155
13 28
13 157
13 32
13 289
13 291
13 292
13 37
13 38
13 39
13 295
13 299
13 173
13 174
13 178
13 52
13 190
13 65
13 194
13 197
13 70
13 69
13 210
13 211
13 89
13 91
13 92
13 219
13 225
13 100
13 101
13 102
13 103
13 233
13 235
13 239
13 111
13 118
13 248
13 249
13 122
13 252
13 255
14 256
14 136
14 138
14 140
14 287
14 165
14 168
14 199
14 76
14 117
14 244
14 22
14 160
14 237
14 96
15 131
15 132
15 263
15 16
15 146
15 275
15 18
15 280
15 282
15 36
15 297
15 169
15 171
15 179
15 53
15 191
15 200
15 209
15 216
15 226
15 108
15 242
15 245
15 251
15 56
15 186
15 127
15 193
15 24
15 267
15 68
15 243
15 250
15 222
15 115
15 182
15 106
15 246
15 67
15 149
15 189
15 175
15 51
15 257
15 240
15 130
15 181
15 212
16 280
16 179
16 209
16 232
16 151
16 245
16 196
16 131
16 171
16 18
16 147
16 284
16 53
16 56
16 127
16 267
16 188
16 250
16 222
16 184
16 182
16 268
16 106
16 246
16 149
16 189
16 175
16 51
16 158
16 257
16 240
16 130
16 212
17 89
17 28
17 173
17 157
17 291
17 122
17 178
17 190
17 174
17 150
17 38
17 92
17 37
17 32
17 265
17 101
17 118
17 225
17 65
17 249
17 255
17 70
17 197
17 239
17 211
17 52
17 103
17 233
17 194
17 39
17 100
17 102
17 273
17 281
17 292
17 69
17 299
17 219
17 276
17 248
18 131
18 132
18 146
18 275
18 151
18 280
18 282
18 36
18 297
18 171
18 191
18 196
18 200
18 209
18 216
18 226
18 232
18 242
18 245
18 251
18 263
18 108
18 169
18 147
18 284
18 53
18 186
18 127
18 193
18 24
18 267
18 188
18 243
18 250
18 222
18 184
18 115
18 182
18 268
18 106
18 246
18 67
18 220
18 149
18 189
18 175
18 51
18 158
18 257
18 240
18 130
18 181
18 212
19 261
19 135
19 288
19 44
19 45
19 206
19 84
19 87
19 217
19 227
19 234
19 119
19 286
19 129
19 247
19 278
19 121
19 214
19 94
19 224
19 54
19 204
19 104
19 145
19 198
19 241
19 120
19 29
19 74
19 279
19 221
19 164
19 141
19 126
19 31
19 57
19 73
19 283
19 187
19 231
19 35
19 172
19 71
19 62
19 30
19 272
19 260
19 128
19 277
19 79
19 139
19 78
19 156
19 116
19 48
19 55
19 125
19 148
19 43
19 143
19 110
19 99
19 202
19 133
19 201
19 58
19 176
19 266
19 21
19 33
19 236
19 113
19 63
19 77
19 167
19 207
19 215
19 27
19 152
20 293
20 83
20 109
20 41
20 82
20 72
20 25
20 137
20 208
20 159
20 228
20 290
20 134
20 46
20 97
20 218
20 285
20 163
20 107
20 144
20 258
20 86
20 254
20 153
20 26
20 177
20 93
21 29
21 30
21 31
21 35
21 44
21 45
21 48
21 54
21 55
21 57
21 58
21 62
21 71
21 73
21 74
21 78
21 79
21 84
21 87
21 94
21 99
21 104
21 110
21 116
21 119
21 120
21 121
21 125
21 126
21 128
21 129
21 133
21 139
21 141
21 143
21 145
21 148
21 156
21 164
21 172
21 176
21 198
21 201
21 202
21 204
21 217
21 221
21 224
21 227
21 231
21 234
21 241
21 247
21 260
21 261
21 266
21 272
21 277
21 278
21 279
21 283
21 286
21 288
21 33
21 236
21 113
21 63
21 77
21 167
21 207
21 215
21 27
21 152
22 256
22 262
22 136
22 138
22 140
22 287
22 168
22 180
22 199
22 76
22 81
22 244
22 117
22 160
22 237
22 96
23 134
23 137
23 25
23 159
23 290
23 293
23 41
23 46
23 72
23 208
23 82
23 97
23 228
23 109
23 218
23 285
23 163
23 144
23 258
23 86
23 254
23 153
23 177
23 93
24 131
24 147
24 151
24 280
24 284
24 171
24 179
24 53
24 56
24 186
24 196
24 216
24 232
24 245
24 267
24 188
24 250
24 222
24 184
24 182
24 268
24 106
24 246
24 149
24 189
24 175
24 51
24 158
24 257
24 240
24 130
24 212
25 293
25 41
25 72
25 82
25 83
25 230
25 109
25 137
25 208
25 159
25 228
25 290
25 134
25 46
25 97
25 223
25 218
25 50
25 285
25 163
25 107
25 144
25 258
25 86
25 254
25 153
25 26
25 47
25 177
25 93
26 258
26 134
26 137
26 271
26 144
26 153
26 285
26 159
26 290
26 163
26 293
26 41
26 46
26 50
26 72
26 208
26 82
26 83
26 86
26 218
26 223
26 97
26 228
26 107
26 109
26 254
26 177
26 93
27 30
27 31
27 33
27 43
27 44
27 45
27 48
27 54
27 55
27 58
27 63
27 71
27 73
27 74
27 77
27 79
27 84
27 87
27 94
27 120
27 125
27 126
27 128
27 129
27 139
27 141
27 143
27 145
27 148
27 164
27 167
27 172
27 187
27 202
27 206
27 214
27 215
27 217
27 221
27 224
27 227
27 234
27 236
27 241
27 247
27 260
27 272
27 278
27 283
27 286
27 288
27 152
28 210
28 173
28 291
28 178
28 190
28 174
28 150
28 38
28 92
28 37
28 32
28 235
28 265
28 101
28 270
28 118
28 225
28 65
28 249
28 255
28 70
28 197
28 239
28 289
28 211
28 91
28 52
28 103
28 155
28 233
28 194
28 39
28 100
28 102
28 273
28 281
28 111
28 292
28 69
28 299
28 219
28 276
28 248
28 295
29 129
29 261
29 145
29 286
29 288
29 44
29 45
29 54
29 198
29 204
29 84
29 87
29 217
29 247
29 94
29 224
29 227
29 104
29 234
29 241
29 119
29 120
29 74
29 279
29 221
29 164
29 141
29 31
29 57
29 73
29 283
29 231
29 172
29 71
29 62
29 30
29 272
29 260
29 128
29 277
29 79
29 139
29 156
29 116
29 48
29 55
29 125
29 148
29 143
29 110
29 99
29 202
29 133
29 58
29 33
29 236
29 63
29 77
29 167
29 207
29 215
29 152
30 31
30 35
30 44
30 45
30 54
30 57
30 62
30 71
30 73
30 74
30 84
30 87
30 94
30 104
30 119
30 120
30 121
30 126
30 129
30 135
30 141
30 145
30 164
30 172
30 187
30 198
30 204
30 206
30 214
30 217
30 221
30 224
30 227
30 234
30 241
30 247
30 261
30 278
30 279
30 283
30 286
30 288
30 272
30 260
30 128
30 277
30 79
30 139
30 78
30 156
30 116
30 48
30 55
30 125
30 148
30 43
30 143
30 110
30 99
30 202
30 133
30 201
30 58
30 176
30 266
30 33
30 236
30 113
30 63
30 77
30 167
30 207
30 215
30 152
31 44
31 45
31 54
31 74
31 84
31 87
31 94
31 104
31 119
31 120
31 121
31 126
31 129
31 135
31 141
31 145
31 164
31 198
31 204
31 206
31 214
31 217
31 224
31 227
31 234
31 241
31 247
31 261
31 278
31 279
31 286
31 288
31 73
31 283
31 187
31 231
31 35
31 172
31 71
31 62
31 260
31 128
31 277
31 79
31 139
31 78
31 156
31 116
31 48
31 55
31 125
31 43
31 143
31 110
31 99
31 202
31 133
31 201
31 58
31 176
31 266
31 33
31 236
31 113
31 63
31 77
31 167
31 207
31 152
32 150
32 157
32 291
32 37
32 173
32 174
32 178
32 190
32 210
32 89
32 92
32 122
32 235
32 265
32 101
32 270
32 118
32 225
32 65
32 255
32 197
32 239
32 289
32 211
32 91
32 103
32 155
32 233
32 39
32 100
32 273
32 281
32 111
32 292
32 69
32 299
32 248
32 295
32 252
33 35
33 43
33 44
33 48
33 54
33 55
33 57
33 58
33 62
33 71
33 73
33 74
33 78
33 79
33 84
33 87
33 94
33 104
33 110
33 116
33 119
33 120
33 121
33 125
33 126
33 128
33 129
33 133
33 135
33 139
33 141
33 143
33 145
33 148
33 156
33 164
33 172
33 176
33 187
33 198
33 201
33 204
33 206
33 214
33 217
33 221
33 227
33 231
33 234
33 241
33 247
33 260
33 261
33 272
33 278
33 279
33 283
33 286
33 288
33 113
33 63
33 77
33 207
33 215
33 152
34 75
34 64
34 195
34 90
34 192
34 238
34 40
34 154
34 85
34 49
35 44
35 45
35 54
35 57
35 73
35 74
35 84
35 87
35 94
35 104
35 119
35 120
35 126
35 129
35 141
35 145
35 164
35 204
35 221
35 224
35 227
35 231
35 234
35 241
35 247
35 278
35 279
35 286
35 288
35 172
35 71
35 272
35 260
35 128
35 79
35 139
35 156
35 116
35 48
35 55
35 125
35 148
35 143
35 110
35 99
35 202
35 133
35 58
35 236
35 63
35 77
35 167
35 207
35 215
35 152
36 131
36 275
36 151
36 280
36 171
36 179
36 196
36 209
36 232
36 245
36 147
36 284
36 53
36 56
36 186
36 127
36 267
36 188
36 222
36 184
36 268
36 106
36 246
36 149
36 189
36 175
36 51
36 257
36 240
36 130
36 181
36 212
37 150
37 157
37 291
37 38
37 173
37 174
37 178
37 190
37 210
37 89
37 92
37 122
37 235
37 265
37 101
37 270
37 118
37 225
37 65
37 249
37 255
37 70
37 197
37 239
37 289
37 211
37 91
37 52
37 103
37 155
37 233
37 194
37 39
37 100
37 102
37 273
37 281
37 111
37 292
37 69
37 299
37 219
37 276
37 248
37 295
37 252
38 150
38 157
38 291
38 173
38 174
38 178
38 190
38 210
38 89
38 122
38 92
38 235
38 265
38 101
38 270
38 118
38 225
38 65
38 255
38 197
38 239
38 289
38 211
38 91
38 103
38 155
38 233
38 39
38 100
38 273
38 281
38 111
38 292
38 69
38 299
38 248
38 295
38 252
39 265
39 270
39 157
39 155
39 291
39 178
39 52
39 65
39 194
39 197
39 70
39 210
39 211
39 89
39 91
39 92
39 101
39 103
39 233
39 235
39 239
39 118
39 249
39 122
39 100
39 102
39 273
39 281
39 292
39 69
39 299
39 219
39 276
39 295
40 64
40 192
40 195
40 75
40 238
40 90
40 154
40 85
40 49
40 80
41 269
41 109
41 72
41 230
41 159
41 228
41 290
41 134
41 46
41 50
41 285
41 271
41 107
41 258
41 86
41 254
41 205
41 153
41 47
41 177
41 93
42 170
42 300
42 123
42 142
42 98
42 161
42 114
42 166
42 61
42 259
43 44
43 45
43 48
43 54
43 55
43 57
43 62
43 71
43 73
43 74
43 78
43 79
43 84
43 87
43 94
43 104
43 116
43 119
43 120
43 121
43 125
43 126
43 128
43 129
43 139
43 141
43 145
43 148
43 156
43 164
43 172
43 198
43 204
43 214
43 217
43 221
43 224
43 227
43 231
43 234
43 247
43 260
43 261
43 272
43 277
43 279
43 286
43 288
43 143
43 110
43 99
43 202
43 133
43 201
43 58
43 176
43 266
43 236
43 113
43 63
43 77
43 167
43 207
43 215
43 152
44 261
44 135
44 288
44 45
44 84
44 217
44 227
44 234
44 206
44 87
44 119
44 286
44 129
44 247
44 278
44 121
44 214
44 224
44 54
44 204
44 104
44 145
44 198
44 241
44 120
44 74
44 279
44 221
44 141
44 126
44 57
44 73
44 283
44 187
44 231
44 172
44 71
44 62
44 272
44 260
44 128
44 79
44 139
44 78
44 156
44 48
44 55
44 125
44 148
44 143
44 110
44 99
44 202
44 133
44 201
44 58
44 176
44 266
44 236
44 63
44 77
44 167
44 207
44 215
44 152
45 261
45 135
45 217
45 234
45 288
45 227
45 206
45 87
45 119
45 286
45 129
45 247
45 278
45 121
45 214
45 94
45 54
45 204
45 104
45 145
45 241
45 120
45 74
45 279
45 221
45 164
45 141
45 126
45 57
45 73
45 283
45 187
45 231
45 172
45 71
45 62
45 260
45 128
45 277
45 79
45 139
45 78
45 156
45 48
45 55
45 125
45 148
45 110
45 133
45 201
45 58
45 176
45 266
45 113
45 63
45 77
45 207
45 215
46 134
46 269
46 290
46 293
46 72
46 83
46 228
46 230
46 109
46 97
46 223
46 50
46 271
46 107
46 144
46 258
46 86
46 254
46 205
46 153
46 47
46 177
46 93
47 258
47 134
47 137
47 144
47 153
47 285
47 159
47 290
47 163
47 293
47 50
47 72
47 208
47 82
47 83
47 86
47 223
47 97
47 228
47 107
47 254
47 177
47 93
48 54
48 57
48 62
48 71
48 73
48 74
48 78
48 79
48 84
48 87
48 94
48 104
48 116
48 119
48 120
48 121
48 126
48 128
48 129
48 135
48 139
48 141
48 145
48 156
48 164
48 172
48 187
48 198
48 204
48 206
48 214
48 217
48 221
48 224
48 227
48 231
48 234
48 241
48 247
48 260
48 261
48 272
48 277
48 278
48 279
48 283
48 286
48 288
48 55
48 125
48 148
48 110
48 99
48 202
48 133
48 201
48 58
48 176
48 236
48 63
48 77
48 167
48 215
48 152
49 195
49 192
49 90
49 75
49 238
49 85
49 80
50 134
50 137
50 269
50 159
50 290
50 293
50 72
50 208
50 82
50 83
50 218
50 97
50 228
50 109
50 285
50 163
50 144
50 258
50 86
50 254
50 153
50 177
50 93
51 131
51 132
51 263
51 267
51 268
51 146
51 275
51 147
51 149
51 151
51 280
51 282
51 284
51 297
51 169
51 171
51 175
51 179
51 53
51 182
51 56
51 184
51 186
51 188
51 189
51 191
51 193
51 67
51 196
51 68
51 200
51 209
51 216
51 220
51 222
51 226
51 232
51 106
51 108
51 242
51 243
51 245
51 115
51 246
51 250
51 251
51 127
51 158
51 257
51 240
51 130
51 181
51 212
52 265
52 270
52 150
52 157
52 289
52 291
52 173
52 174
52 178
52 190
52 65
52 197
52 70
52 210
52 211
52 89
52 91
52 92
52 225
52 101
52 235
52 239
52 118
52 122
52 255
52 103
52 155
52 233
52 100
52 102
52 273
52 281
52 111
52 292
52 69
52 299
52 248
52 295
52 252
53 131
53 263
53 146
53 275
53 147
53 151
53 280
53 282
53 284
53 169
53 171
53 179
53 191
53 196
53 200
53 209
53 216
53 226
53 232
53 108
53 242
53 245
53 251
53 56
53 193
53 267
53 188
53 68
53 243
53 250
53 222
53 184
53 115
53 182
53 268
53 106
53 246
53 220
53 149
53 189
53 175
53 158
53 257
53 240
53 130
53 181
53 212
54 129
54 261
54 135
54 278
54 286
54 288
54 206
54 84
54 87
54 214
54 217
54 247
54 94
54 224
54 227
54 234
54 119
54 121
54 204
54 104
54 145
54 198
54 241
54 120
54 74
54 279
54 221
54 164
54 141
54 126
54 57
54 73
54 283
54 187
54 231
54 172
54 71
54 62
54 272
54 260
54 128
54 277
54 79
54 139
54 78
54 156
54 116
54 55
54 125
54 148
54 143
54 110
54 99
54 202
54 133
54 201
54 58
54 176
54 266
54 236
54 113
54 63
54 77
54 167
54 207
54 215
54 152
55 62
55 73
55 74
55 78
55 79
55 84
55 87
55 94
55 104
55 116
55 119
55 120
55 121
55 126
55 129
55 135
55 141
55 156
55 164
55 172
55 187
55 204
55 206
55 214
55 224
55 227
55 234
55 241
55 261
55 272
55 277
55 278
55 279
55 283
55 286
55 288
55 125
55 148
55 143
55 110
55 99
55 202
55 133
55 201
55 58
55 176
55 236
55 113
55 63
55 77
55 167
56 131
56 132
56 263
56 146
56 275
56 147
56 151
56 280
56 282
56 284
56 297
56 169
56 171
56 179
56 191
56 196
56 200
56 209
56 216
56 226
56 232
56 108
56 242
56 245
56 251
56 186
56 127
56 193
56 267
56 188
56 68
56 243
56 250
56 222
56 184
56 115
56 182
56 268
56 106
56 246
56 67
56 220
56 149
56 189
56 175
56 158
56 257
56 240
56 130
56 181
56 212
57 74
57 84
57 87
57 94
57 104
57 120
57 121
57 126
57 129
57 135
57 141
57 164
57 204
57 206
57 214
57 224
57 227
57 234
57 241
57 278
57 279
57 286
57 288
57 73
57 283
57 187
57 231
57 172
57 272
57 128
57 277
57 79
57 156
57 116
57 148
57 99
57 202
57 133
57 201
57 58
57 236
57 113
57 63
57 77
57 167
57 207
57 215
57 152
58 62
58 71
58 73
58 74
58 78
58 79
58 84
58 87
58 94
58 99
58 104
58 110
58 116
58 119
58 120
58 121
58 125
58 126
58 128
58 129
58 133
58 139
58 141
58 143
58 145
58 148
58 156
58 164
58 172
58 187
58 198
58 201
58 202
58 204
58 206
58 214
58 217
58 221
58 224
58 227
58 231
58 234
58 241
58 247
58 260
58 261
58 272
58 277
58 278
58 279
58 283
58 286
58 288
58 176
58 266
58 236
58 113
58 63
58 77
58 167
58 207
58 215
58 152
59 105
59 66
59 294
59 60
59 253
60 105
60 66
60 294
61 142
61 161
61 162
61 166
61 296
61 170
61 300
61 298
61 183
61 185
61 203
61 213
61 95
61 98
61 112
61 114
61 123
61 124
61 259
62 71
62 73
62 74
62 84
62 87
62 94
62 120
62 126
62 129
62 141
62 145
62 164
62 172
62 187
62 206
62 214
62 217
62 221
62 224
62 227
62 234
62 241
62 247
62 278
62 283
62 286
62 272
62 260
62 128
62 139
62 125
62 148
62 99
62 202
62 236
62 63
62 77
62 167
62 215
63 71
63 73
63 74
63 78
63 79
63 84
63 87
63 94
63 99
63 104
63 110
63 113
63 116
63 119
63 120
63 121
63 125
63 126
63 128
63 129
63 133
63 135
63 139
63 141
63 143
63 145
63 148
63 156
63 164
63 172
63 176
63 187
63 198
63 201
63 202
63 204
63 206
63 214
63 217
63 221
63 224
63 227
63 231
63 234
63 236
63 241
63 247
63 260
63 261
63 266
63 272
63 277
63 278
63 279
63 283
63 286
63 288
63 77
63 167
63 207
63 215
63 152
64 75
64 195
64 90
64 238
64 154
64 85
64 80
65 265
65 270
65 150
65 157
65 291
65 173
65 174
65 178
65 190
65 210
65 89
65 92
65 225
65 101
65 235
65 118
65 122
65 249
65 255
65 70
65 197
65 239
65 289
65 211
65 91
65 103
65 155
65 233
65 194
65 100
65 102
65 273
65 281
65 111
65 292
65 69
65 299
65 219
65 276
65 248
65 295
65 252
66 294
66 105
66 253
67 131
67 263
67 267
67 268
67 146
67 147
67 151
67 280
67 282
67 284
67 171
67 179
67 182
67 184
67 186
67 188
67 196
67 222
67 232
67 106
67 243
67 245
67 246
67 250
67 149
67 189
67 257
67 240
67 130
67 181
67 212
68 131
68 267
68 275
68 147
68 151
68 280
68 284
68 171
68 179
68 186
68 188
68 196
68 232
68 108
68 242
68 245
68 250
68 222
68 184
68 182
68 268
68 106
68 246
68 149
68 189
68 175
68 257
68 240
68 130
68 181
68 212
69 265
69 270
69 273
69 150
69 281
69 157
69 155
69 291
69 173
69 174
69 178
69 190
69 194
69 197
69 70
69 210
69 211
69 89
69 91
69 225
69 100
69 101
69 102
69 103
69 233
69 235
69 239
69 118
69 249
69 122
69 255
69 299
69 219
69 276
69 248
69 295
69 252
70 265
70 270
70 150
70 157
70 291
70 173
70 174
70 178
70 190
70 210
70 89
70 92
70 225
70 101
70 235
70 118
70 122
70 255
70 197
70 239
70 289
70 211
70 91
70 103
70 155
70 233
70 100
70 102
70 273
70 281
70 111
70 292
70 299
70 248
70 295
70 252
71 74
71 84
71 87
71 94
71 104
71 119
71 120
71 121
71 126
71 129
71 135
71 141
71 164
71 172
71 187
71 198
71 204
71 206
71 214
71 224
71 227
71 231
71 234
71 241
71 261
71 278
71 279
71 283
71 286
71 288
71 260
71 277
71 79
71 78
71 156
71 116
71 143
71 110
71 99
71 202
71 133
71 201
71 176
71 266
71 236
71 113
71 77
71 167
71 207
71 215
71 152
72 269
72 293
72 82
72 83
72 109
72 230
72 137
72 208
72 159
72 228
72 290
72 134
72 97
72 223
72 218
72 285
72 271
72 163
72 107
72 144
72 258
72 86
72 254
72 205
72 153
72 177
72 93
73 74
73 84
73 87
73 94
73 104
73 119
73 120
73 121
73 126
73 129
73 135
73 141
73 164
73 198
73 204
73 206
73 214
73 224
73 227
73 234
73 241
73 261
73 278
73 279
73 286
73 288
73 283
73 187
73 172
73 277
73 79
73 139
73 78
73 156
73 116
73 125
73 143
73 110
73 99
73 202
73 133
73 201
73 176
73 266
73 236
73 113
73 167
73 207
73 215
73 152
74 129
74 261
74 135
74 145
74 278
74 286
74 288
74 198
74 206
74 204
74 84
74 87
74 214
74 217
74 247
74 94
74 224
74 227
74 104
74 234
74 241
74 119
74 120
74 279
74 221
74 164
74 141
74 126
74 283
74 187
74 231
74 172
74 272
74 260
74 128
74 79
74 139
74 78
74 156
74 116
74 125
74 148
74 143
74 110
74 99
74 133
74 201
74 176
74 266
74 236
74 77
74 167
74 207
74 215
74 152
75 195
75 90
75 192
75 238
75 85
75 80
76 256
76 136
76 287
76 168
76 199
76 81
76 88
76 180
76 165
76 138
76 140
76 117
76 244
76 262
76 160
76 237
76 96
77 78
77 79
77 84
77 87
77 94
77 99
77 104
77 110
77 113
77 116
77 119
77 121
77 125
77 126
77 129
77 133
77 135
77 139
77 141
77 143
77 145
77 156
77 164
77 172
77 176
77 187
77 198
77 201
77 202
77 204
77 206
77 214
77 217
77 224
77 227
77 234
77 236
77 241
77 247
77 261
77 266
77 277
77 278
77 279
77 283
77 286
77 288
77 167
77 207
77 215
77 152
78 84
78 87
78 94
78 120
78 128
78 129
78 139
78 141
78 145
78 164
78 187
78 206
78 214
78 217
78 221
78 224
78 227
78 231
78 241
78 272
78 278
78 283
78 125
78 99
78 202
78 236
78 167
78 215
79 84
79 87
79 94
79 104
79 119
79 120
79 121
79 126
79 128
79 129
79 135
79 141
79 145
79 164
79 172
79 187
79 198
79 204
79 206
79 214
79 217
79 221
79 224
79 227
79 231
79 234
79 241
79 247
79 260
79 272
79 278
79 283
79 286
79 139
79 156
79 116
79 125
79 148
79 143
79 110
79 99
79 202
79 133
79 201
79 176
79 236
79 167
79 207
79 215
79 152
80 195
80 192
80 90
80 238
80 85
80 154
81 287
81 168
81 136
81 165
81 138
81 140
81 117
81 244
81 160
81 96
82 269
82 83
82 109
82 230
82 228
82 290
82 134
82 97
82 223
82 271
82 107
82 144
82 258
82 86
82 153
82 177
82 93
83 109
83 230
83 137
83 208
83 159
83 228
83 290
83 134
83 285
83 107
83 258
83 86
83 254
83 205
83 153
83 177
83 93
84 261
84 135
84 217
84 234
84 288
84 227
84 206
84 87
84 119
84 286
84 129
84 247
84 278
84 121
84 214
84 94
84 204
84 104
84 145
84 198
84 241
84 120
84 279
84 221
84 164
84 141
84 126
84 283
84 187
84 231
84 172
84 272
84 260
84 128
84 277
84 139
84 156
84 116
84 125
84 148
84 143
84 110
84 99
84 133
84 201
84 176
84 266
84 113
84 207
84 215
84 152
85 192
85 195
85 238
85 90
86 258
86 134
86 137
86 269
86 271
86 144
86 285
86 159
86 163
86 293
86 208
86 218
86 223
86 97
86 228
86 230
86 107
86 109
86 254
86 205
86 153
86 177
86 93
87 261
87 288
87 217
87 227
87 234
87 119
87 286
87 129
87 247
87 278
87 121
87 214
87 94
87 224
87 204
87 104
87 145
87 198
87 241
87 120
87 279
87 221
87 164
87 141
87 126
87 283
87 231
87 172
87 272
87 260
87 128
87 277
87 139
87 156
87 116
87 125
87 148
87 143
87 110
87 99
87 202
87 133
87 201
87 176
87 266
87 236
87 113
87 167
87 207
87 215
87 152
88 287
88 168
88 138
88 140
88 244
88 96
89 173
89 291
89 190
89 150
89 92
89 235
89 265
89 101
89 249
89 255
89 197
89 239
89 289
89 211
89 91
89 155
89 194
89 100
89 102
89 281
89 219
89 276
89 248
89 295
90 195
90 238
91 265
91 150
91 289
91 291
91 173
91 174
91 190
91 197
91 210
91 211
91 92
91 225
91 101
91 235
91 239
91 118
91 249
91 122
91 255
91 103
91 233
91 194
91 100
91 102
91 273
91 281
91 111
91 292
91 219
91 276
91 248
91 295
92 150
92 157
92 291
92 173
92 174
92 178
92 190
92 210
92 122
92 235
92 265
92 101
92 270
92 118
92 225
92 249
92 255
92 197
92 289
92 211
92 103
92 155
92 233
92 194
92 102
92 273
92 281
92 111
92 292
92 299
92 219
92 276
92 248
92 295
92 252
93 258
93 134
93 137
93 269
93 144
93 153
93 285
93 159
93 290
93 163
93 293
93 177
93 205
93 208
93 218
93 223
93 97
93 228
93 107
93 109
93 254
94 129
94 261
94 278
94 286
94 288
94 206
94 214
94 217
94 247
94 227
94 234
94 119
94 121
94 224
94 204
94 145
94 198
94 241
94 120
94 279
94 221
94 164
94 141
94 126
94 283
94 187
94 231
94 172
94 272
94 260
94 128
94 139
94 156
94 125
94 148
94 143
94 110
94 99
94 202
94 133
94 201
94 176
94 266
94 236
94 113
94 167
94 207
94 215
94 152
95 142
95 161
95 162
95 166
95 296
95 170
95 300
95 183
95 185
95 98
95 112
95 114
95 123
95 124
96 256
96 262
96 136
96 138
96 140
96 274
96 287
96 160
96 165
96 168
96 180
96 199
96 237
96 244
96 117
97 134
97 137
97 269
97 159
97 290
97 208
97 228
97 230
97 109
97 223
97 285
97 271
97 107
97 258
97 254
97 205
97 153
97 177
98 142
98 162
98 170
98 300
98 185
98 203
98 213
98 112
98 123
98 124
98 296
98 229
98 161
98 166
98 298
98 183
98 264
98 259
99 104
99 116
99 119
99 120
99 121
99 125
99 126
99 128
99 129
99 135
99 139
99 141
99 143
99 145
99 148
99 156
99 164
99 172
99 187
99 198
99 204
99 206
99 214
99 217
99 221
99 224
99 227
99 231
99 234
99 241
99 247
99 260
99 261
99 272
99 277
99 278
99 279
99 283
99 286
99 288
99 133
99 201
99 176
99 113
99 207
99 215
99 152
100 265
100 270
100 150
100 157
100 155
100 291
100 173
100 178
100 194
100 197
100 210
100 211
100 225
100 101
100 103
100 233
100 235
100 239
100 118
100 249
100 122
100 255
100 102
100 273
100 281
100 299
100 219
100 276
100 248
100 295
100 252
101 265
101 150
101 157
101 291
101 173
101 174
101 178
101 190
101 210
101 235
101 122
101 270
101 118
101 225
101 249
101 255
101 197
101 239
101 289
101 211
101 103
101 155
101 233
101 194
101 102
101 273
101 281
101 111
101 292
101 299
101 219
101 276
101 248
101 295
101 252
102 265
102 270
102 150
102 157
102 155
102 289
102 291
102 173
102 174
102 178
102 190
102 194
102 197
102 210
102 211
102 225
102 103
102 233
102 235
102 239
102 118
102 122
102 255
102 273
102 281
102 111
102 292
102 299
102 219
102 276
102 248
102 295
102 252
103 265
103 150
103 289
103 291
103 173
103 174
103 178
103 190
103 197
103 211
103 235
103 239
103 118
103 249
103 122
103 255
103 155
103 194
103 273
103 281
103 111
103 292
103 219
103 276
103 248
103 295
104 129
104 135
104 278
104 286
104 288
104 206
104 204
104 247
104 224
104 227
104 234
104 145
104 241
104 120
104 279
104 221
104 164
104 141
104 126
104 283
104 187
104 231
104 172
104 272
104 260
104 128
104 139
104 125
104 148
104 202
104 133
104 236
104 167
104 215
104 152
105 294
105 253
106 131
106 263
106 267
106 268
106 146
106 275
106 147
106 151
106 280
106 282
106 284
106 297
106 169
106 171
106 179
106 182
106 184
106 186
106 188
106 191
106 196
106 209
106 222
106 226
106 232
106 108
106 242
106 243
106 245
106 115
106 250
106 246
106 220
106 149
106 189
106 175
106 158
106 257
106 240
106 130
106 181
106 212
107 134
107 137
107 285
107 159
107 290
107 163
107 293
107 208
107 228
107 230
107 109
107 144
107 258
107 254
107 177
108 131
108 132
108 263
108 146
108 275
108 151
108 280
108 282
108 171
108 179
108 191
108 196
108 232
108 169
108 147
108 284
108 186
108 127
108 193
108 267
108 188
108 250
108 182
108 268
108 149
108 175
108 158
108 257
108 240
108 130
108 181
108 212
109 293
109 230
109 137
109 208
109 159
109 228
109 290
109 134
109 223
109 218
109 285
109 163
109 144
109 258
109 254
109 153
109 177
110 120
110 125
110 126
110 128
110 129
110 139
110 141
110 148
110 164
110 187
110 206
110 214
110 224
110 231
110 241
110 247
110 260
110 272
110 278
110 283
110 236
110 167
111 265
111 150
111 281
111 155
111 291
111 173
111 190
111 194
111 197
111 210
111 211
111 233
111 235
111 239
111 249
111 255
111 219
111 248
111 295
112 162
112 170
112 203
112 300
112 185
112 123
112 124
112 142
112 296
112 229
112 161
112 114
112 166
112 298
112 183
112 259
113 120
113 125
113 126
113 128
113 129
113 139
113 141
113 145
113 164
113 187
113 206
113 214
113 221
113 224
113 227
113 236
113 241
113 247
113 272
113 278
113 283
113 167
114 142
114 161
114 162
114 296
114 170
114 300
114 185
114 203
114 213
114 229
114 123
114 124
114 166
114 298
114 183
114 264
114 259
115 131
115 132
115 267
115 146
115 147
115 151
115 280
115 284
115 171
115 179
115 184
115 186
115 188
115 196
115 222
115 232
115 242
115 245
115 250
115 127
115 182
115 268
115 246
115 220
115 149
115 189
115 175
115 158
115 257
115 240
115 130
115 181
115 212
116 120
116 126
116 128
116 129
116 139
116 141
116 145
116 156
116 164
116 187
116 204
116 206
116 214
116 217
116 221
116 224
116 227
116 231
116 234
116 241
116 247
116 260
116 272
116 278
116 279
116 283
116 125
116 148
116 202
116 133
116 236
116 167
116 215
117 136
117 140
117 274
117 287
117 165
117 168
117 180
117 199
117 244
117 160
118 265
118 270
118 150
118 291
118 173
118 174
118 190
118 210
118 235
118 225
118 249
118 255
118 197
118 239
118 211
118 155
118 233
118 194
118 273
118 281
118 292
118 299
118 219
118 276
118 248
118 295
119 206
119 217
119 227
119 234
119 129
119 247
119 278
119 214
119 224
119 145
119 241
119 120
119 164
119 141
119 126
119 283
119 187
119 231
119 272
119 260
119 128
119 277
119 139
119 125
119 148
119 143
119 202
119 133
119 236
119 167
119 215
120 129
120 261
120 135
120 145
120 278
120 286
120 288
120 198
120 206
120 204
120 214
120 217
120 247
120 224
120 227
120 234
120 241
120 121
120 279
120 164
120 141
120 126
120 283
120 187
120 172
120 260
120 128
120 277
120 139
120 156
120 125
120 143
120 202
120 133
120 201
120 176
120 266
120 236
120 167
120 207
120 215
120 152
121 129
121 135
121 278
121 206
121 247
121 227
121 214
121 224
121 241
121 164
121 141
121 126
121 283
121 187
121 231
121 272
121 260
121 128
121 139
121 125
121 236
121 167
122 291
122 210
122 178
122 190
122 174
122 150
122 235
122 265
122 249
122 255
122 197
122 239
122 211
122 155
122 233
122 194
122 273
122 281
122 299
122 219
122 276
122 248
123 170
123 300
123 203
123 124
123 213
123 142
123 296
123 229
123 161
123 298
123 183
123 264
123 259
124 300
124 170
124 203
124 185
124 213
124 162
124 142
124 296
124 229
124 161
124 166
124 298
124 183
124 259
125 126
125 128
125 129
125 135
125 141
125 156
125 164
125 172
125 187
125 198
125 204
125 206
125 214
125 221
125 224
125 227
125 231
125 234
125 241
125 260
125 261
125 272
125 277
125 278
125 279
125 283
125 286
125 288
125 148
125 143
125 202
125 133
125 201
125 176
125 266
125 236
125 167
125 207
125 215
125 152
126 129
126 261
126 141
126 145
126 278
126 279
126 286
126 288
126 164
126 198
126 204
126 214
126 217
126 247
126 221
126 224
126 227
126 234
126 241
126 187
126 231
126 172
126 272
126 260
126 128
126 277
126 139
126 156
126 148
126 143
126 202
126 133
126 201
126 176
126 266
126 236
126 167
126 207
126 215
126 152
127 131
127 132
127 263
127 275
127 147
127 151
127 280
127 282
127 284
127 169
127 171
127 179
127 186
127 196
127 216
127 226
127 232
127 242
127 245
127 267
127 188
127 243
127 250
127 222
127 184
127 182
127 246
127 220
127 149
127 189
127 175
127 158
127 257
127 240
127 130
127 181
127 212
128 129
128 141
128 164
128 172
128 187
128 198
128 204
128 206
128 214
128 224
128 227
128 234
128 241
128 247
128 261
128 278
128 279
128 283
128 286
128 288
128 277
128 156
128 143
128 202
128 133
128 201
128 176
128 266
128 236
128 167
128 207
128 215
128 152
129 261
129 135
129 286
129 288
129 206
129 217
129 227
129 234
129 247
129 278
129 214
129 224
129 204
129 145
129 198
129 241
129 279
129 221
129 164
129 283
129 187
129 231
129 172
129 272
129 260
129 277
129 139
129 156
129 148
129 143
129 202
129 133
129 201
129 176
129 266
129 236
129 167
129 207
129 215
129 152
130 257
130 132
130 263
130 267
130 268
130 146
130 275
130 147
130 149
130 151
130 280
130 282
130 284
130 158
130 297
130 169
130 171
130 175
130 179
130 182
130 184
130 186
130 188
130 189
130 191
130 193
130 196
130 200
130 209
130 216
130 220
130 222
130 226
130 232
130 242
130 243
130 245
130 246
130 250
130 251
130 181
130 212
131 132
131 146
131 275
131 151
131 280
131 297
131 191
131 196
131 200
131 209
131 216
131 226
131 232
131 242
131 245
131 282
131 251
131 263
131 169
131 147
131 284
131 186
131 193
131 188
131 243
131 250
131 222
131 184
131 182
131 268
131 246
131 220
131 149
131 189
131 175
131 158
131 257
131 181
131 212
132 275
132 146
132 280
132 179
132 191
132 209
132 242
132 232
132 226
132 151
132 196
132 171
132 282
132 169
132 147
132 284
132 186
132 193
132 267
132 188
132 250
132 222
132 184
132 182
132 268
132 246
132 220
132 149
132 189
132 175
132 158
132 257
132 240
132 181
132 212
133 135
133 139
133 141
133 143
133 145
133 148
133 156
133 164
133 172
133 187
133 202
133 204
133 206
133 214
133 217
133 221
133 224
133 227
133 231
133 234
133 241
133 247
133 260
133 261
133 272
133 277
133 278
133 279
133 283
133 286
133 288
133 201
133 176
133 236
133 167
133 207
133 215
133 152
134 137
134 269
134 159
134 290
134 293
134 208
134 228
134 230
134 223
134 218
134 285
134 271
134 163
134 144
134 258
134 254
134 205
134 153
134 177
135 234
135 288
135 227
135 286
135 224
135 204
135 241
135 279
135 221
135 164
135 141
135 231
135 172
135 272
135 260
135 139
135 148
135 202
135 201
135 236
135 167
135 215
136 287
136 168
136 199
136 256
136 180
136 274
136 165
136 138
136 140
136 244
136 262
136 160
136 237
137 269
137 230
137 228
137 290
137 223
137 271
137 144
137 258
137 153
137 177
138 274
138 287
138 165
138 168
138 180
138 199
138 140
138 244
138 262
138 160
139 141
139 164
139 172
139 187
139 198
139 204
139 206
139 214
139 224
139 227
139 231
139 234
139 241
139 260
139 272
139 277
139 278
139 279
139 283
139 286
139 288
139 156
139 148
139 143
139 202
139 201
139 176
139 266
139 236
139 167
139 207
139 215
139 152
140 256
140 274
140 287
140 165
140 168
140 180
140 199
140 244
140 262
140 160
140 237
141 261
141 145
141 278
141 279
141 286
141 288
141 164
141 198
141 206
141 204
141 214
141 217
141 247
141 221
141 224
141 227
141 234
141 241
141 283
141 187
141 231
141 172
141 272
141 260
141 277
141 156
141 148
141 143
141 202
141 201
141 176
141 266
141 236
141 167
141 207
141 215
141 152
142 170
142 203
142 300
142 213
142 185
142 296
142 229
142 161
142 166
142 298
142 183
142 264
142 259
143 145
143 148
143 164
143 172
143 187
143 204
143 206
143 214
143 217
143 221
143 224
143 227
143 231
143 234
143 241
143 247
143 260
143 272
143 278
143 283
143 236
143 167
143 215
144 269
144 271
144 285
144 159
144 290
144 208
144 228
144 230
144 258
144 205
144 153
144 177
145 278
145 286
145 288
145 206
145 204
145 214
145 224
145 227
145 234
145 241
145 279
145 164
145 283
145 187
145 172
145 277
145 156
145 202
145 201
145 176
145 266
145 236
145 167
145 207
145 152
146 275
146 280
146 179
146 209
146 242
146 216
146 232
146 151
146 245
146 196
146 171
146 282
146 263
146 147
146 284
146 186
146 193
146 267
146 188
146 243
146 250
146 222
146 184
146 182
146 268
146 246
146 149
146 189
146 175
146 158
146 257
146 240
146 181
146 212
147 263
147 275
147 280
147 282
147 297
147 169
147 171
147 179
147 191
147 209
147 216
147 226
147 232
147 242
147 245
147 251
147 186
147 193
147 267
147 243
147 222
147 184
147 182
147 246
147 220
147 149
147 189
147 175
147 257
147 240
147 181
147 212
148 156
148 164
148 172
148 187
148 198
148 204
148 206
148 214
148 224
148 227
148 234
148 241
148 247
148 261
148 277
148 278
148 279
148 283
148 286
148 288
148 202
148 201
148 176
148 266
148 236
148 167
148 207
148 152
149 263
149 267
149 268
149 275
149 151
149 280
149 282
149 284
149 297
149 169
149 171
149 179
149 182
149 184
149 186
149 188
149 191
149 193
149 196
149 200
149 209
149 216
149 220
149 222
149 226
149 232
149 242
149 243
149 245
149 246
149 250
149 251
149 189
149 175
149 158
149 257
149 240
149 181
149 212
150 157
150 291
150 174
150 178
150 190
150 210
150 235
150 265
150 270
150 225
150 249
150 255
150 197
150 239
150 289
150 211
150 155
150 233
150 194
150 273
150 281
150 292
150 299
150 219
150 276
150 248
150 295
151 275
151 297
151 179
151 191
151 200
151 209
151 216
151 226
151 232
151 242
151 245
151 171
151 282
151 251
151 263
151 169
151 186
151 193
151 267
151 188
151 243
151 250
151 222
151 184
151 182
151 246
151 220
151 189
151 175
151 257
151 240
151 181
151 212
152 164
152 167
152 187
152 201
152 202
152 206
152 214
152 215
152 217
152 224
152 227
152 231
152 234
152 236
152 241
152 247
152 260
152 272
152 278
152 283
153 258
153 269
153 285
153 159
153 290
153 163
153 293
153 205
153 208
153 218
153 223
153 230
153 254
153 177
154 192
154 195
154 238
155 265
155 289
155 291
155 173
155 174
155 178
155 190
155 197
155 210
155 211
155 235
155 239
155 249
155 255
155 194
155 273
155 281
155 292
155 219
155 276
155 248
155 252
156 164
156 172
156 187
156 198
156 206
156 214
156 217
156 224
156 227
156 231
156 241
156 247
156 260
156 272
156 278
156 283
156 236
156 167
156 207
156 215
157 173
157 210
157 291
157 190
157 174
157 235
157 265
157 249
157 255
157 197
157 239
157 211
157 194
157 273
157 281
157 292
157 219
157 276
157 248
158 263
158 267
158 275
158 282
158 169
158 171
158 175
158 182
158 186
158 189
158 191
158 193
158 216
158 220
158 222
158 226
158 242
158 243
158 245
158 246
158 251
158 257
158 240
158 181
158 212
159 269
159 230
159 228
159 290
159 223
159 271
159 258
159 254
159 177
160 256
160 262
160 287
160 165
160 168
160 180
160 199
160 244
160 237
161 162
161 296
161 170
161 300
161 185
161 203
161 213
161 229
161 166
161 298
161 183
161 264
161 259
162 300
162 203
162 213
162 298
162 264
162 259
163 290
163 223
163 228
163 230
163 258
163 254
163 177
164 261
164 278
164 279
164 286
164 288
164 198
164 206
164 204
164 214
164 217
164 247
164 221
164 224
164 227
164 234
164 241
164 283
164 187
164 231
164 172
164 272
164 260
164 277
164 202
164 201
164 176
164 266
164 236
164 167
164 207
164 215
165 256
165 287
165 168
165 180
165 199
165 244
165 262
165 237
166 300
166 203
166 229
166 298
166 264
166 259
167 172
167 176
167 187
167 198
167 201
167 204
167 206
167 214
167 217
167 221
167 227
167 231
167 234
167 241
167 247
167 260
167 261
167 266
167 272
167 277
167 278
167 279
167 283
167 286
167 288
167 207
167 215
168 287
168 199
168 256
168 180
168 274
168 244
168 262
168 237
169 280
169 282
169 171
169 179
169 196
169 209
169 232
169 245
169 284
169 186
169 267
169 188
169 250
169 222
169 184
169 182
169 268
169 246
169 220
169 189
169 175
169 257
169 240
169 212
170 300
170 203
170 185
170 213
170 296
170 229
170 298
170 183
170 264
170 259
171 275
171 280
171 297
171 191
171 196
171 200
171 216
171 226
171 232
171 242
171 245
171 282
171 251
171 263
171 284
171 186
171 193
171 188
171 243
171 250
171 222
171 184
171 182
171 268
171 246
171 220
171 189
171 175
171 257
171 181
171 212
172 187
172 206
172 214
172 217
172 221
172 224
172 231
172 241
172 247
172 278
172 279
172 283
172 286
172 288
172 272
172 260
172 202
172 201
172 176
172 236
172 207
172 215
173 210
173 291
173 178
173 174
173 235
173 265
173 270
173 225
173 249
173 255
173 197
173 239
173 289
173 211
173 233
173 194
173 273
173 281
173 292
173 299
173 219
173 276
173 248
173 295
173 252
174 291
174 178
174 190
174 210
174 235
174 265
174 270
174 225
174 249
174 255
174 197
174 239
174 211
174 233
174 194
174 273
174 281
174 299
174 219
174 248
174 295
175 263
175 267
175 268
175 275
175 280
175 282
175 284
175 179
175 182
175 184
175 186
175 188
175 189
175 191
175 196
175 200
175 209
175 216
175 220
175 222
175 226
175 232
175 242
175 243
175 245
175 246
175 250
175 251
175 257
175 240
175 181
175 212
176 187
176 202
176 204
176 206
176 214
176 217
176 224
176 227
176 231
176 241
176 247
176 260
176 272
176 278
176 283
176 288
176 236
176 215
177 258
177 269
177 271
177 285
177 290
177 293
177 205
177 208
177 218
177 223
177 228
177 230
177 254
178 291
178 190
178 235
178 265
178 225
178 249
178 255
178 197
178 239
178 211
178 194
178 273
178 281
178 219
178 276
178 248
178 295
179 275
179 280
179 191
179 200
179 242
179 216
179 232
179 226
179 297
179 245
179 196
179 282
179 251
179 263
179 284
179 186
179 193
179 188
179 243
179 250
179 222
179 184
179 182
179 268
179 246
179 220
179 189
179 257
179 181
179 212
180 256
180 287
180 199
180 244
180 237
181 257
181 267
181 268
181 280
181 282
181 284
181 182
181 184
181 186
181 188
181 189
181 193
181 196
181 200
181 209
181 216
181 220
181 222
181 232
181 240
181 243
181 245
181 246
181 250
181 212
182 263
182 267
182 275
182 280
182 282
182 284
182 297
182 184
182 186
182 188
182 191
182 193
182 196
182 200
182 209
182 216
182 222
182 226
182 232
182 242
182 243
182 245
182 250
182 251
182 268
182 246
182 220
182 189
182 257
182 240
182 212
183 300
183 298
183 203
183 213
183 229
183 264
183 259
184 263
184 267
184 275
184 280
184 282
184 284
184 297
184 186
184 191
184 193
184 196
184 209
184 216
184 222
184 226
184 242
184 243
184 245
184 251
184 246
184 220
184 189
184 240
184 212
185 300
185 203
185 213
185 229
185 298
185 264
186 263
186 275
186 280
186 282
186 284
186 191
186 196
186 209
186 216
186 226
186 232
186 242
186 245
186 193
186 267
186 188
186 250
186 222
186 268
186 246
186 220
186 189
186 257
186 240
186 212
187 198
187 204
187 214
187 217
187 221
187 224
187 227
187 234
187 241
187 247
187 261
187 279
187 283
187 286
187 288
187 231
187 272
187 260
187 277
187 202
187 201
187 266
187 236
187 207
187 215
188 263
188 267
188 275
188 280
188 282
188 297
188 191
188 193
188 216
188 226
188 242
188 243
188 222
188 220
188 189
188 240
188 212
189 263
189 267
189 268
189 275
189 280
189 282
189 284
189 297
189 191
189 193
189 196
189 209
189 216
189 222
189 226
189 232
189 242
189 243
189 245
189 246
189 250
189 251
189 257
189 240
190 291
190 210
190 235
190 265
190 270
190 225
190 249
190 197
190 239
190 289
190 211
190 233
190 194
190 273
190 281
190 292
190 299
190 219
190 276
190 248
190 295
190 252
191 280
191 275
191 242
191 216
191 232
191 226
191 245
191 196
191 282
191 263
191 284
191 193
191 267
191 243
191 250
191 222
191 268
191 246
191 220
191 257
191 240
191 212
192 195
192 238
193 263
193 275
193 280
193 282
193 284
193 196
193 209
193 216
193 226
193 232
193 242
193 245
193 251
193 267
193 243
193 250
193 222
193 268
193 246
193 220
193 257
193 240
193 212
194 265
194 270
194 289
194 291
194 197
194 210
194 225
194 233
194 235
194 239
194 255
194 273
194 281
194 299
194 248
194 295
194 252
195 238
196 275
196 280
196 297
196 200
196 216
196 226
196 242
196 245
196 282
196 251
196 263
196 267
196 243
196 222
196 268
196 246
196 220
196 257
196 240
196 212
197 265
197 270
197 291
197 210
197 225
197 235
197 249
197 255
197 239
197 289
197 211
197 233
197 273
197 281
197 292
197 299
197 219
197 276
197 248
197 295
197 252
198 278
198 288
198 206
198 204
198 214
198 247
198 224
198 241
198 283
198 231
198 272
198 260
198 215
199 287
199 256
199 244
199 237
200 280
200 275
200 242
200 232
200 226
200 282
200 263
200 284
200 267
200 268
200 257
200 240
200 212
201 202
201 204
201 206
201 214
201 221
201 224
201 227
201 231
201 234
201 241
201 247
201 260
201 272
201 278
201 283
201 286
201 288
201 236
201 215
202 204
202 206
202 214
202 217
202 221
202 227
202 231
202 234
202 241
202 247
202 260
202 261
202 272
202 278
202 283
202 286
202 288
202 215
203 300
203 296
203 298
204 261
204 278
204 286
204 288
204 206
204 214
204 217
204 247
204 224
204 227
204 234
204 241
204 279
204 221
204 283
204 231
204 272
204 260
204 277
204 236
204 207
204 215
205 258
205 285
205 290
205 293
205 228
205 254
206 261
206 288
206 217
206 227
206 234
206 286
206 247
206 214
206 224
206 241
206 279
206 221
206 283
206 231
206 272
206 260
206 277
206 266
206 236
206 207
206 215
207 217
207 224
207 227
207 234
207 236
207 241
207 247
207 260
207 272
207 278
207 279
207 283
207 288
207 215
208 230
208 228
208 290
208 223
208 258
209 275
209 280
209 242
209 216
209 232
209 226
209 245
209 282
209 263
209 284
209 268
209 246
209 257
209 240
209 212
210 291
210 235
210 265
210 249
210 255
210 239
210 289
210 211
210 273
210 281
210 292
210 219
210 276
210 248
211 265
211 270
211 289
211 291
211 225
211 235
211 239
211 249
211 255
211 233
211 273
211 281
211 292
211 299
211 248
211 295
211 252
212 257
212 263
212 267
212 268
212 275
212 280
212 282
212 284
212 297
212 216
212 220
212 222
212 226
212 232
212 240
212 242
212 243
212 245
212 246
212 250
212 251
213 300
213 296
214 261
214 278
214 286
214 288
214 217
214 227
214 234
214 224
214 241
214 279
214 221
214 231
214 272
214 260
214 277
214 266
214 236
214 215
215 217
215 224
215 227
215 231
215 234
215 236
215 241
215 261
215 272
215 277
215 278
215 279
215 283
215 286
215 288
216 275
216 280
216 242
216 232
216 226
216 297
216 245
216 282
216 263
216 284
216 267
216 243
216 250
216 222
216 268
216 246
216 220
216 257
216 240
217 261
217 234
217 288
217 227
217 286
217 278
217 224
217 241
217 279
217 283
217 231
217 272
217 260
217 277
217 236
218 269
218 290
218 223
218 228
218 230
218 285
218 271
218 258
218 254
219 265
219 270
219 273
219 281
219 291
219 299
219 225
219 233
219 235
219 239
219 255
219 248
219 295
219 252
220 263
220 267
220 268
220 275
220 280
220 284
220 222
220 243
220 257
220 240
221 278
221 279
221 286
221 288
221 224
221 227
221 234
221 241
221 283
221 277
221 236
222 263
222 267
222 275
222 280
222 282
222 284
222 297
222 226
222 232
222 242
222 243
222 250
222 251
222 268
222 257
222 240
223 290
223 293
223 228
223 230
223 258
223 254
224 261
224 278
224 286
224 288
224 247
224 227
224 234
224 241
224 279
224 283
224 231
224 272
224 260
224 277
224 266
225 265
225 291
225 235
225 249
225 239
225 273
225 281
225 292
225 276
225 248
225 295
226 275
226 280
226 232
226 245
226 282
226 263
226 284
226 267
226 243
226 250
226 268
226 246
226 257
226 240
227 234
227 288
227 286
227 247
227 278
227 241
227 279
227 283
227 231
227 272
227 260
227 277
227 266
227 236
228 269
228 293
228 230
228 285
228 271
228 258
228 254
229 296
229 300
230 293
230 290
230 285
230 258
230 254
231 234
231 241
231 261
231 278
231 279
231 283
231 286
231 288
231 277
231 236
232 275
232 280
232 242
232 245
232 282
232 251
232 263
232 267
232 243
232 246
232 257
232 240
233 265
233 270
233 289
233 291
233 235
233 239
233 249
233 255
233 273
233 281
233 292
233 276
233 248
233 295
234 288
234 286
234 247
234 278
234 241
234 283
234 272
234 260
234 277
234 236
235 291
235 265
235 249
235 255
235 239
235 289
235 273
235 281
235 292
235 299
235 276
235 248
235 295
236 241
236 247
236 260
236 261
236 266
236 272
236 277
236 278
236 279
236 283
236 286
236 288
237 274
237 244
239 265
239 270
239 291
239 249
239 255
239 289
239 273
239 281
239 292
239 299
239 276
239 248
239 295
239 252
240 257
240 263
240 268
240 275
240 280
240 282
240 284
240 297
240 242
240 243
240 245
240 246
240 250
240 251
241 261
241 278
241 286
241 288
241 247
241 279
241 283
241 272
241 260
241 277
241 266
242 275
242 280
242 245
242 284
242 267
242 243
242 250
242 268
242 246
242 257
243 267
243 280
243 282
243 284
243 245
243 250
243 268
243 246
243 257
244 256
244 274
244 287
244 262
245 275
245 280
245 297
245 282
245 251
245 263
245 284
245 267
245 250
245 268
245 257
246 263
246 267
246 268
246 275
246 280
246 282
246 284
246 297
246 250
246 257
247 261
247 286
247 288
247 278
247 279
247 283
247 272
247 260
247 277
247 266
248 265
248 270
248 273
248 276
248 281
248 289
248 291
248 292
248 299
248 249
248 295
248 252
249 265
249 270
249 291
249 255
249 289
249 273
249 281
249 292
249 299
249 295
249 252
250 263
250 267
250 275
250 280
250 282
250 284
251 280
251 284
251 267
251 268
251 257
252 265
252 276
252 291
252 255
253 294
254 258
254 269
254 271
254 285
254 290
254 293
255 265
255 270
255 291
255 289
255 273
255 281
255 292
255 299
255 276
255 295
256 274
257 263
257 267
257 268
257 275
257 280
257 282
257 284
257 297
258 269
258 271
258 285
258 290
258 293
259 296
259 300
259 298
260 261
260 278
260 279
260 283
260 286
260 288
260 277
260 266
261 278
261 283
261 272
262 287
263 275
263 280
263 282
263 284
263 267
263 268
264 296
264 300
265 291
265 270
265 289
265 273
265 281
265 292
265 299
265 276
265 295
266 272
266 278
266 283
267 275
267 280
267 282
267 284
267 297
267 268
268 275
268 282
269 293
269 290
269 285
270 291
270 273
270 292
270 276
271 285
271 290
271 293
272 278
272 279
272 283
272 286
272 288
272 277
273 291
273 281
273 292
273 276
273 295
274 287
275 280
275 297
275 284
276 281
276 291
276 299
276 295
277 278
277 283
277 286
278 286
278 288
278 279
279 286
279 283
280 297
280 282
280 284
281 289
281 291
281 292
281 299
281 295
282 297
282 284
283 286
283 288
285 290
285 293
289 291
289 295
290 293
291 292
291 299
291 295
292 299
292 295
296 300
296 298
298 300
