heur044_n_300_m_3234
1 270
1 253
1 218
1 169
1 27
1 45
1 122
1 102
1 174
1 159
1 232
1 170
1 145
1 51
1 263
1 294
1 72
1 77
1 210
1 180
1 84
1 226
1 130
1 15
1 63
1 30
1 80
2 258
2 206
2 83
2 187
2 293
2 163
2 18
2 260
2 128
2 147
2 297
2 64
2 207
3 14
3 19
3 52
3 58
3 69
3 82
3 109
3 133
3 181
3 196
3 200
3 214
3 228
3 238
3 251
3 276
3 295
3 140
3 252
3 186
3 66
3 120
3 7
3 41
3 230
3 273
3 5
3 216
3 285
3 281
3 87
3 292
3 274
3 287
3 89
3 257
3 70
3 298
3 48
3 20
3 168
3 277
3 182
3 119
3 76
3 268
3 26
3 219
3 158
3 245
3 107
3 81
3 244
3 23
3 85
3 138
3 38
3 121
3 123
3 4
3 213
3 78
4 257
4 133
4 261
4 7
4 5
4 138
4 140
4 14
4 268
4 273
4 274
4 276
4 20
4 277
4 23
4 281
4 26
4 285
4 158
4 287
4 160
4 292
4 38
4 295
4 168
4 41
4 298
4 48
4 52
4 181
4 182
4 57
4 58
4 186
4 59
4 66
4 196
4 69
4 70
4 200
4 203
4 76
4 81
4 82
4 85
4 214
4 87
4 216
4 89
4 219
4 94
4 99
4 228
4 230
4 107
4 123
4 109
4 238
4 244
4 245
4 119
4 120
4 121
4 251
4 252
4 213
4 78
5 133
5 261
5 7
5 140
5 14
5 273
5 19
5 276
5 41
5 52
5 181
5 58
5 186
5 66
5 196
5 69
5 200
5 203
5 82
5 214
5 94
5 228
5 230
5 109
5 238
5 120
5 251
5 252
5 99
5 216
5 57
5 13
5 285
5 281
5 87
5 292
5 274
5 287
5 89
5 257
5 70
5 298
5 48
5 20
5 168
5 271
5 160
5 59
5 277
5 182
5 119
5 76
5 268
5 26
5 219
5 158
5 245
5 107
5 81
5 244
5 23
5 85
5 138
5 38
5 121
5 123
5 213
5 78
6 25
6 35
6 36
6 37
6 40
6 44
6 55
6 65
6 67
6 74
6 95
6 97
6 101
6 104
6 111
6 116
6 118
6 124
6 129
6 139
6 142
6 143
6 144
6 148
6 155
6 161
6 164
6 166
6 171
6 172
6 179
6 184
6 189
6 194
6 198
6 202
6 204
6 205
6 209
6 215
6 223
6 231
6 233
6 234
6 235
6 249
6 250
6 254
6 275
6 279
6 283
6 288
6 296
6 300
6 240
6 9
6 136
6 56
6 53
6 237
6 178
6 126
6 282
6 17
6 60
6 86
6 280
6 50
6 98
6 39
6 153
6 173
6 68
6 149
6 220
6 177
6 114
6 199
6 162
6 243
6 193
6 46
6 241
6 248
6 265
6 264
6 259
6 32
6 75
6 24
6 31
6 157
6 221
6 165
6 176
6 49
6 262
6 33
6 256
6 286
6 88
6 47
6 103
6 42
7 133
7 261
7 140
7 14
7 19
7 276
7 295
7 52
7 181
7 58
7 186
7 66
7 196
7 69
7 200
7 203
7 82
7 214
7 94
7 228
7 105
7 109
7 238
7 120
7 251
7 252
7 41
7 230
7 273
7 99
7 216
7 57
7 13
7 285
7 281
7 87
7 292
7 274
7 287
7 89
7 257
7 70
7 298
7 48
7 20
7 168
7 271
7 160
7 59
7 277
7 182
7 119
7 76
7 268
7 26
7 219
7 158
7 245
7 107
7 81
7 244
7 23
7 85
7 138
7 38
7 121
7 123
7 213
7 78
8 270
8 27
8 169
8 45
8 218
8 253
8 122
8 102
8 174
8 159
8 232
8 170
8 145
8 51
8 263
8 294
8 72
8 77
8 210
8 180
8 84
8 226
8 130
8 15
8 30
8 80
9 35
9 36
9 37
9 40
9 44
9 65
9 67
9 74
9 95
9 101
9 104
9 111
9 116
9 118
9 124
9 129
9 139
9 142
9 143
9 144
9 148
9 155
9 161
9 166
9 171
9 172
9 184
9 189
9 194
9 198
9 202
9 204
9 205
9 209
9 215
9 223
9 231
9 233
9 234
9 235
9 240
9 249
9 250
9 254
9 275
9 283
9 288
9 296
9 300
9 136
9 53
9 178
9 126
9 282
9 60
9 86
9 280
9 50
9 98
9 173
9 68
9 149
9 220
9 177
9 114
9 199
9 243
9 193
9 46
9 241
9 248
9 265
9 264
9 259
9 32
9 75
9 24
9 31
9 157
9 221
9 165
9 176
9 49
9 262
9 33
9 256
9 286
9 88
9 47
9 103
9 42
10 132
10 141
10 151
10 22
10 154
10 29
10 156
10 34
10 299
10 43
10 175
10 183
10 191
10 195
10 197
10 71
10 212
10 217
10 90
10 91
10 93
10 222
10 96
10 227
10 100
10 229
10 106
10 236
10 110
10 239
10 113
10 242
10 246
10 127
10 135
10 190
10 108
10 269
11 132
11 135
11 267
11 141
11 146
11 150
11 151
11 22
11 154
11 156
11 284
11 29
11 289
11 34
11 299
11 43
11 175
11 183
11 62
11 191
11 190
11 195
11 197
11 71
11 208
11 212
11 217
11 90
11 91
11 93
11 222
11 96
11 227
11 100
11 229
11 106
11 236
11 110
11 239
11 113
11 242
11 246
11 127
11 108
11 269
12 224
12 137
12 92
12 185
12 131
12 16
12 134
12 61
12 266
12 117
12 290
12 115
12 28
12 125
12 73
12 291
12 112
12 152
12 167
12 54
12 225
12 201
13 133
13 261
13 140
13 14
13 273
13 276
13 41
13 52
13 181
13 58
13 186
13 66
13 196
13 69
13 200
13 82
13 214
13 216
13 94
13 228
13 230
13 109
13 238
13 120
13 251
13 252
13 285
13 281
13 87
13 274
13 287
13 89
13 257
13 70
13 298
13 20
13 168
13 59
13 182
13 119
13 76
13 268
13 26
13 219
13 158
13 245
13 107
13 81
13 244
13 23
13 85
13 138
13 38
13 121
13 123
13 213
13 78
14 52
14 69
14 105
14 133
14 200
14 19
14 238
14 261
14 276
14 94
14 295
14 228
14 214
14 251
14 58
14 82
14 181
14 109
14 196
14 140
14 252
14 186
14 66
14 120
14 203
14 41
14 230
14 273
14 99
14 216
14 57
14 285
14 281
14 87
14 292
14 274
14 287
14 89
14 257
14 70
14 298
14 48
14 20
14 168
14 271
14 160
14 59
14 277
14 182
14 119
14 76
14 268
14 26
14 219
14 158
14 245
14 107
14 81
14 244
14 23
14 85
14 138
14 38
14 121
14 123
14 213
14 78
15 130
15 263
15 270
15 272
15 145
15 21
15 27
15 159
15 294
15 169
15 170
15 45
15 174
15 51
15 180
15 188
15 72
15 77
15 79
15 210
15 84
15 218
15 226
15 102
15 232
15 247
15 253
15 255
15 63
15 30
15 80
16 131
16 137
16 185
16 92
16 224
16 134
16 61
16 266
16 117
16 290
16 115
16 28
16 125
16 73
16 291
16 112
16 152
16 167
16 54
16 225
16 201
17 25
17 35
17 36
17 37
17 40
17 44
17 53
17 65
17 67
17 74
17 95
17 101
17 104
17 111
17 116
17 118
17 124
17 126
17 129
17 136
17 139
17 142
17 143
17 144
17 148
17 155
17 161
17 166
17 171
17 172
17 178
17 184
17 189
17 194
17 198
17 202
17 204
17 205
17 209
17 215
17 223
17 231
17 233
17 234
17 235
17 240
17 249
17 250
17 254
17 275
17 282
17 283
17 288
17 296
17 300
17 60
17 86
17 280
17 50
17 98
17 39
17 173
17 68
17 149
17 220
17 177
17 114
17 199
17 243
17 193
17 46
17 241
17 248
17 265
17 264
17 259
17 32
17 75
17 24
17 31
17 157
17 221
17 165
17 176
17 49
17 262
17 33
17 256
17 286
17 88
17 47
17 103
17 42
18 258
18 163
18 293
18 206
18 83
18 187
18 260
18 128
18 147
18 297
18 64
18 207
19 52
19 69
19 133
19 200
19 238
19 261
19 276
19 94
19 295
19 228
19 214
19 251
19 58
19 82
19 181
19 109
19 196
19 140
19 252
19 186
19 66
19 120
19 41
19 230
19 273
19 99
19 216
19 285
19 281
19 87
19 292
19 274
19 287
19 89
19 257
19 70
19 298
19 48
19 20
19 168
19 59
19 277
19 182
19 119
19 76
19 268
19 26
19 219
19 158
19 245
19 107
19 81
19 244
19 23
19 85
19 138
19 38
19 121
19 123
19 213
19 78
20 257
20 133
20 261
20 140
20 273
20 274
20 276
20 281
20 285
20 287
20 292
20 295
20 41
20 298
20 48
20 52
20 181
20 57
20 186
20 66
20 196
20 69
20 70
20 200
20 203
20 82
20 214
20 87
20 216
20 89
20 94
20 99
20 228
20 230
20 105
20 109
20 238
20 120
20 252
20 168
20 271
20 160
20 59
20 277
20 182
20 119
20 76
20 268
20 26
20 219
20 158
20 245
20 107
20 81
20 244
20 23
20 85
20 138
20 38
20 121
20 123
20 213
20 78
21 263
21 270
21 145
21 27
21 159
21 294
21 169
21 170
21 45
21 174
21 51
21 218
21 102
21 232
21 247
21 122
21 253
21 72
21 77
21 210
21 180
21 84
21 226
21 130
21 63
21 30
21 80
22 132
22 146
22 151
22 154
22 284
22 29
22 156
22 289
22 299
22 175
22 183
22 195
22 197
22 71
22 211
22 212
22 217
22 90
22 91
22 222
22 227
22 100
22 229
22 106
22 236
22 110
22 113
22 242
22 246
22 127
22 191
22 43
22 96
22 34
22 62
22 239
22 135
22 190
22 278
22 108
22 269
23 257
23 133
23 261
23 140
23 271
23 268
23 273
23 274
23 276
23 277
23 281
23 26
23 285
23 158
23 287
23 160
23 292
23 295
23 168
23 41
23 298
23 52
23 181
23 182
23 57
23 58
23 186
23 59
23 66
23 196
23 69
23 70
23 200
23 203
23 76
23 81
23 82
23 214
23 87
23 216
23 89
23 219
23 94
23 99
23 228
23 230
23 105
23 107
23 109
23 238
23 244
23 245
23 119
23 120
23 251
23 252
23 85
23 138
23 38
23 121
23 213
23 78
24 25
24 32
24 35
24 36
24 37
24 39
24 40
24 44
24 46
24 50
24 53
24 55
24 56
24 60
24 65
24 68
24 74
24 75
24 86
24 95
24 97
24 98
24 101
24 104
24 111
24 114
24 116
24 118
24 124
24 126
24 129
24 136
24 139
24 142
24 143
24 144
24 148
24 149
24 153
24 155
24 161
24 162
24 164
24 166
24 171
24 172
24 173
24 177
24 178
24 179
24 184
24 189
24 193
24 198
24 199
24 202
24 204
24 205
24 209
24 215
24 220
24 223
24 231
24 233
24 234
24 235
24 237
24 240
24 241
24 243
24 248
24 249
24 250
24 254
24 259
24 264
24 265
24 275
24 279
24 280
24 282
24 283
24 288
24 296
24 300
24 31
24 157
24 221
24 165
24 176
24 49
24 262
24 33
24 256
24 286
24 88
24 47
24 103
24 42
25 129
25 139
25 143
25 144
25 279
25 283
25 288
25 161
25 164
25 166
25 40
25 172
25 171
25 179
25 189
25 65
25 202
25 205
25 209
25 97
25 234
25 235
25 118
25 250
25 198
25 44
25 184
25 233
25 249
25 36
25 35
25 101
25 300
25 142
25 148
25 124
25 155
25 116
25 56
25 53
25 237
25 282
25 60
25 280
25 98
25 153
25 173
25 68
25 220
25 114
25 46
25 248
25 264
25 259
25 32
25 75
25 157
25 221
25 165
25 176
25 49
25 262
25 256
25 88
25 47
25 103
26 257
26 133
26 261
26 271
26 268
26 273
26 274
26 276
26 277
26 281
26 285
26 287
26 160
26 295
26 168
26 41
26 298
26 48
26 52
26 181
26 182
26 57
26 58
26 186
26 59
26 66
26 196
26 69
26 70
26 200
26 203
26 76
26 82
26 214
26 87
26 216
26 89
26 94
26 99
26 228
26 230
26 105
26 109
26 238
26 119
26 120
26 251
26 252
26 219
26 158
26 245
26 107
26 81
26 244
26 85
26 138
26 38
26 121
26 123
26 213
26 78
27 270
27 272
27 169
27 218
27 247
27 253
27 45
27 122
27 174
27 159
27 232
27 255
27 170
27 145
27 51
27 79
27 188
27 263
27 294
27 72
27 77
27 210
27 180
27 84
27 226
27 130
27 63
27 30
27 80
28 131
28 134
28 137
28 266
28 290
28 185
28 61
28 92
28 224
28 115
28 117
28 125
28 73
28 291
28 112
28 152
28 167
28 54
28 225
28 201
29 146
29 154
29 284
29 299
29 183
29 71
29 90
29 93
29 227
29 100
29 246
29 127
29 236
29 217
29 151
29 267
29 211
29 195
29 110
29 208
29 242
29 222
29 197
29 212
29 91
29 156
29 132
29 192
29 175
29 141
29 113
29 150
29 229
29 191
29 43
29 96
29 34
29 62
29 239
29 135
29 190
29 278
29 108
29 269
30 130
30 263
30 270
30 272
30 145
30 159
30 294
30 169
30 170
30 45
30 174
30 51
30 180
30 188
30 63
30 72
30 77
30 79
30 210
30 84
30 218
30 226
30 102
30 232
30 247
30 122
30 253
30 255
30 80
31 32
31 35
31 36
31 40
31 44
31 46
31 53
31 55
31 56
31 60
31 65
31 68
31 75
31 97
31 98
31 101
31 104
31 114
31 116
31 118
31 124
31 126
31 129
31 136
31 142
31 143
31 144
31 148
31 149
31 153
31 155
31 161
31 162
31 164
31 166
31 171
31 172
31 173
31 178
31 179
31 184
31 189
31 193
31 194
31 198
31 202
31 204
31 205
31 209
31 220
31 233
31 234
31 235
31 237
31 248
31 249
31 250
31 259
31 264
31 265
31 279
31 280
31 282
31 283
31 288
31 300
31 157
31 221
31 165
31 176
31 49
31 262
31 33
31 88
31 47
31 103
31 42
32 35
32 36
32 37
32 39
32 40
32 44
32 46
32 50
32 53
32 55
32 56
32 60
32 65
32 67
32 68
32 74
32 86
32 95
32 97
32 98
32 101
32 104
32 111
32 114
32 116
32 118
32 124
32 126
32 129
32 136
32 139
32 142
32 143
32 144
32 148
32 149
32 153
32 155
32 161
32 162
32 164
32 166
32 171
32 172
32 173
32 177
32 178
32 179
32 184
32 189
32 193
32 194
32 198
32 199
32 202
32 204
32 205
32 209
32 215
32 220
32 223
32 231
32 234
32 235
32 237
32 240
32 241
32 243
32 248
32 249
32 250
32 254
32 259
32 264
32 265
32 275
32 279
32 280
32 282
32 283
32 288
32 296
32 300
32 75
32 157
32 221
32 165
32 176
32 49
32 262
32 33
32 256
32 286
32 88
32 47
32 103
32 42
33 35
33 36
33 39
33 40
33 44
33 46
33 49
33 53
33 55
33 56
33 60
33 65
33 67
33 68
33 75
33 95
33 97
33 98
33 101
33 104
33 111
33 114
33 116
33 118
33 124
33 126
33 129
33 139
33 142
33 143
33 144
33 149
33 153
33 157
33 161
33 162
33 164
33 165
33 166
33 171
33 172
33 173
33 176
33 179
33 184
33 189
33 194
33 198
33 202
33 205
33 209
33 220
33 221
33 233
33 234
33 235
33 237
33 241
33 243
33 248
33 249
33 250
33 259
33 262
33 264
33 279
33 280
33 282
33 283
33 288
33 300
33 256
33 88
33 47
33 42
34 132
34 267
34 141
34 146
34 150
34 151
34 154
34 284
34 156
34 289
34 299
34 43
34 175
34 183
34 192
34 191
34 195
34 197
34 71
34 208
34 211
34 212
34 217
34 90
34 93
34 222
34 96
34 227
34 100
34 229
34 106
34 236
34 110
34 113
34 242
34 246
34 127
34 62
34 239
34 135
34 190
34 278
34 108
34 269
35 36
35 37
35 40
35 44
35 65
35 67
35 97
35 104
35 111
35 118
35 129
35 139
35 143
35 144
35 161
35 164
35 166
35 171
35 172
35 179
35 184
35 189
35 198
35 202
35 205
35 209
35 215
35 223
35 231
35 233
35 234
35 235
35 249
35 250
35 275
35 279
35 283
35 288
35 296
35 204
35 101
35 254
35 300
35 142
35 55
35 74
35 148
35 124
35 194
35 155
35 116
35 240
35 136
35 56
35 53
35 237
35 178
35 126
35 282
35 60
35 86
35 280
35 50
35 98
35 39
35 153
35 173
35 68
35 149
35 220
35 177
35 114
35 199
35 162
35 243
35 193
35 46
35 241
35 248
35 265
35 264
35 259
35 75
35 157
35 221
35 165
35 176
35 49
35 262
35 256
35 286
35 88
35 47
35 103
35 42
36 37
36 40
36 44
36 65
36 67
36 95
36 97
36 104
36 111
36 118
36 129
36 139
36 143
36 144
36 161
36 164
36 166
36 171
36 172
36 179
36 184
36 189
36 198
36 202
36 205
36 209
36 215
36 223
36 231
36 233
36 234
36 235
36 249
36 250
36 275
36 279
36 283
36 288
36 296
36 204
36 101
36 254
36 300
36 142
36 55
36 74
36 148
36 124
36 194
36 155
36 116
36 240
36 136
36 56
36 53
36 237
36 178
36 126
36 282
36 60
36 86
36 280
36 50
36 98
36 39
36 153
36 173
36 68
36 149
36 220
36 177
36 114
36 199
36 162
36 243
36 193
36 46
36 241
36 248
36 265
36 264
36 259
36 75
36 157
36 221
36 165
36 176
36 49
36 262
36 256
36 286
36 88
36 47
36 103
36 42
37 129
37 139
37 143
37 283
37 288
37 161
37 164
37 166
37 40
37 172
37 171
37 179
37 189
37 65
37 205
37 209
37 97
37 104
37 234
37 235
37 250
37 118
37 202
37 144
37 279
37 198
37 44
37 184
37 233
37 249
37 101
37 300
37 142
37 55
37 74
37 124
37 194
37 116
37 56
37 53
37 237
37 282
37 60
37 280
37 98
37 153
37 173
37 68
37 149
37 220
37 114
37 162
37 46
37 241
37 248
37 264
37 259
37 75
37 157
37 221
37 165
37 176
37 49
37 262
37 256
37 88
37 47
37 42
38 257
38 261
38 138
38 140
38 271
38 268
38 273
38 274
38 276
38 277
38 281
38 285
38 158
38 160
38 292
38 295
38 168
38 41
38 298
38 48
38 52
38 181
38 182
38 57
38 58
38 186
38 59
38 66
38 69
38 200
38 203
38 76
38 82
38 214
38 87
38 216
38 89
38 219
38 94
38 99
38 230
38 105
38 107
38 109
38 238
38 244
38 245
38 119
38 120
38 251
38 252
38 121
38 123
38 213
39 40
39 44
39 53
39 56
39 60
39 65
39 67
39 95
39 97
39 98
39 101
39 116
39 118
39 124
39 126
39 129
39 136
39 139
39 142
39 143
39 144
39 148
39 155
39 161
39 164
39 166
39 171
39 172
39 178
39 179
39 184
39 189
39 194
39 198
39 202
39 204
39 205
39 209
39 215
39 223
39 231
39 233
39 234
39 235
39 237
39 240
39 249
39 250
39 275
39 279
39 280
39 282
39 283
39 288
39 296
39 300
39 153
39 173
39 68
39 220
39 114
39 199
39 162
39 46
39 241
39 248
39 264
39 259
39 75
39 157
39 221
39 165
39 176
39 49
39 262
39 256
39 286
39 88
39 47
39 103
40 129
40 139
40 143
40 288
40 164
40 172
40 171
40 179
40 189
40 205
40 215
40 97
40 104
40 234
40 235
40 231
40 111
40 118
40 283
40 275
40 250
40 161
40 209
40 166
40 65
40 202
40 144
40 279
40 95
40 67
40 296
40 198
40 223
40 44
40 184
40 233
40 249
40 204
40 101
40 254
40 300
40 142
40 55
40 74
40 148
40 124
40 194
40 155
40 116
40 240
40 136
40 56
40 53
40 237
40 178
40 126
40 282
40 60
40 86
40 280
40 50
40 98
40 153
40 173
40 68
40 149
40 220
40 177
40 114
40 199
40 162
40 243
40 193
40 46
40 241
40 248
40 265
40 264
40 259
40 75
40 157
40 221
40 165
40 176
40 49
40 262
40 256
40 286
40 88
40 47
40 103
40 42
41 133
41 261
41 140
41 276
41 295
41 52
41 181
41 58
41 186
41 66
41 196
41 69
41 200
41 203
41 82
41 214
41 94
41 228
41 105
41 109
41 238
41 120
41 251
41 252
41 230
41 273
41 99
41 216
41 57
41 285
41 281
41 87
41 292
41 274
41 287
41 89
41 257
41 70
41 298
41 168
41 271
41 160
41 59
41 277
41 182
41 76
41 268
41 219
41 158
41 245
41 81
41 244
41 85
41 138
41 121
41 123
41 213
41 78
42 44
42 46
42 47
42 49
42 50
42 53
42 55
42 56
42 60
42 65
42 67
42 68
42 74
42 75
42 86
42 88
42 95
42 97
42 98
42 101
42 103
42 111
42 114
42 116
42 118
42 124
42 126
42 129
42 136
42 139
42 142
42 143
42 144
42 148
42 153
42 155
42 157
42 161
42 162
42 164
42 165
42 166
42 171
42 172
42 173
42 176
42 178
42 179
42 184
42 189
42 193
42 194
42 198
42 199
42 202
42 204
42 205
42 209
42 215
42 220
42 221
42 223
42 231
42 233
42 234
42 235
42 237
42 240
42 241
42 248
42 249
42 250
42 254
42 256
42 259
42 262
42 264
42 265
42 275
42 279
42 280
42 282
42 283
42 286
42 288
42 296
42 300
43 132
43 267
43 141
43 146
43 150
43 151
43 154
43 284
43 156
43 289
43 299
43 175
43 183
43 192
43 191
43 195
43 197
43 71
43 208
43 211
43 212
43 217
43 90
43 91
43 93
43 222
43 227
43 100
43 229
43 106
43 236
43 110
43 113
43 242
43 246
43 127
43 96
43 62
43 239
43 135
43 190
43 278
43 108
43 269
44 65
44 67
44 95
44 97
44 104
44 111
44 118
44 129
44 139
44 143
44 144
44 161
44 164
44 166
44 171
44 172
44 179
44 189
44 198
44 202
44 205
44 209
44 215
44 223
44 231
44 234
44 235
44 250
44 275
44 279
44 283
44 288
44 296
44 184
44 233
44 249
44 204
44 101
44 254
44 300
44 142
44 55
44 74
44 148
44 124
44 194
44 155
44 116
44 240
44 136
44 56
44 53
44 237
44 178
44 126
44 282
44 60
44 86
44 280
44 50
44 98
44 153
44 173
44 68
44 149
44 220
44 177
44 114
44 199
44 162
44 243
44 193
44 46
44 241
44 248
44 265
44 264
44 259
44 75
44 157
44 221
44 165
44 176
44 49
44 262
44 256
44 286
44 88
44 47
44 103
45 272
45 218
45 247
45 253
45 122
45 102
45 174
45 232
45 255
45 170
45 145
45 79
45 188
45 263
45 294
45 72
45 77
45 180
45 84
45 226
45 130
45 63
45 80
46 50
46 53
46 55
46 56
46 60
46 65
46 67
46 68
46 74
46 86
46 95
46 97
46 98
46 101
46 104
46 111
46 114
46 116
46 118
46 124
46 126
46 129
46 136
46 139
46 142
46 143
46 144
46 148
46 149
46 153
46 155
46 161
46 162
46 164
46 166
46 171
46 172
46 173
46 177
46 178
46 179
46 184
46 189
46 193
46 194
46 198
46 199
46 202
46 204
46 205
46 209
46 215
46 220
46 223
46 231
46 233
46 234
46 235
46 237
46 240
46 243
46 249
46 250
46 254
46 275
46 279
46 280
46 282
46 283
46 288
46 296
46 300
46 241
46 248
46 265
46 264
46 259
46 75
46 157
46 165
46 176
46 49
46 262
46 256
46 286
46 88
46 47
46 103
47 49
47 50
47 53
47 55
47 56
47 60
47 65
47 67
47 68
47 74
47 75
47 86
47 88
47 95
47 97
47 98
47 101
47 104
47 111
47 114
47 116
47 118
47 124
47 126
47 129
47 136
47 139
47 142
47 143
47 144
47 148
47 149
47 153
47 155
47 157
47 161
47 162
47 164
47 165
47 166
47 171
47 172
47 173
47 176
47 177
47 178
47 179
47 184
47 189
47 193
47 194
47 198
47 199
47 202
47 204
47 205
47 209
47 215
47 220
47 221
47 223
47 231
47 233
47 234
47 235
47 237
47 241
47 243
47 248
47 249
47 250
47 254
47 256
47 259
47 262
47 264
47 265
47 275
47 279
47 280
47 282
47 283
47 286
47 288
47 296
47 300
47 103
48 257
48 133
48 261
48 140
48 281
48 285
48 292
48 295
48 298
48 181
48 57
48 58
48 186
48 66
48 196
48 69
48 70
48 200
48 203
48 82
48 214
48 87
48 216
48 89
48 94
48 99
48 228
48 230
48 105
48 109
48 120
48 251
48 252
48 168
48 271
48 160
48 59
48 277
48 182
48 76
48 219
48 158
48 245
48 81
48 244
48 85
48 138
48 121
48 213
48 78
49 50
49 55
49 56
49 60
49 65
49 67
49 68
49 74
49 75
49 86
49 95
49 97
49 98
49 101
49 104
49 111
49 114
49 116
49 118
49 124
49 126
49 129
49 136
49 142
49 143
49 144
49 148
49 149
49 153
49 155
49 157
49 161
49 162
49 164
49 165
49 166
49 171
49 172
49 173
49 176
49 177
49 178
49 179
49 189
49 193
49 194
49 198
49 199
49 202
49 204
49 205
49 209
49 215
49 220
49 221
49 223
49 231
49 233
49 234
49 235
49 237
49 240
49 241
49 243
49 248
49 249
49 250
49 254
49 259
49 264
49 265
49 275
49 279
49 280
49 282
49 283
49 288
49 296
49 300
49 262
49 286
49 88
49 103
50 53
50 55
50 56
50 60
50 65
50 67
50 74
50 95
50 97
50 101
50 104
50 111
50 116
50 118
50 124
50 126
50 129
50 139
50 142
50 143
50 144
50 161
50 164
50 166
50 171
50 172
50 179
50 184
50 189
50 194
50 198
50 202
50 205
50 209
50 233
50 234
50 235
50 237
50 240
50 249
50 250
50 279
50 280
50 282
50 283
50 288
50 300
50 98
50 153
50 173
50 68
50 220
50 114
50 162
50 243
50 241
50 248
50 264
50 259
50 75
50 157
50 221
50 165
50 176
50 262
50 256
50 88
51 272
51 145
51 170
51 174
51 218
51 102
51 232
51 247
51 122
51 253
51 255
51 79
51 188
51 263
51 294
51 72
51 77
51 180
51 84
51 226
51 130
51 63
51 80
52 133
52 69
52 200
52 105
52 238
52 261
52 94
52 295
52 228
52 214
52 251
52 58
52 82
52 181
52 109
52 196
52 140
52 252
52 186
52 66
52 120
52 203
52 230
52 273
52 99
52 216
52 57
52 285
52 281
52 87
52 292
52 274
52 287
52 89
52 257
52 70
52 298
52 168
52 271
52 160
52 59
52 277
52 182
52 76
52 219
52 158
52 245
52 107
52 81
52 244
52 85
52 138
52 121
52 213
52 78
53 55
53 56
53 65
53 67
53 74
53 95
53 97
53 101
53 104
53 111
53 116
53 118
53 124
53 129
53 136
53 139
53 142
53 143
53 144
53 148
53 155
53 161
53 164
53 166
53 171
53 172
53 179
53 184
53 189
53 194
53 198
53 202
53 204
53 205
53 209
53 215
53 223
53 231
53 233
53 234
53 235
53 240
53 249
53 250
53 254
53 275
53 279
53 283
53 288
53 296
53 300
53 237
53 178
53 126
53 282
53 60
53 86
53 280
53 98
53 153
53 173
53 68
53 149
53 220
53 177
53 114
53 199
53 162
53 243
53 193
53 241
53 248
53 265
53 264
53 259
53 75
53 157
53 221
53 165
53 176
53 262
53 286
53 88
53 103
54 131
54 134
54 137
54 266
54 152
54 290
54 291
54 167
54 185
54 61
54 73
54 92
54 224
54 112
54 115
54 225
54 201
55 65
55 67
55 95
55 101
55 118
55 129
55 139
55 142
55 143
55 144
55 161
55 166
55 171
55 172
55 184
55 189
55 198
55 202
55 204
55 205
55 209
55 215
55 223
55 231
55 233
55 234
55 235
55 249
55 250
55 254
55 275
55 283
55 288
55 296
55 300
55 74
55 148
55 124
55 194
55 155
55 116
55 240
55 136
55 178
55 126
55 282
55 60
55 86
55 280
55 98
55 153
55 173
55 68
55 149
55 220
55 114
55 199
55 243
55 193
55 241
55 248
55 265
55 264
55 259
55 75
55 157
55 221
55 165
55 176
55 262
55 256
55 286
55 88
55 103
56 65
56 67
56 74
56 95
56 101
56 104
56 111
56 116
56 118
56 124
56 129
56 136
56 139
56 142
56 143
56 144
56 148
56 155
56 161
56 166
56 171
56 172
56 179
56 184
56 189
56 194
56 198
56 202
56 204
56 205
56 209
56 215
56 223
56 231
56 233
56 234
56 235
56 240
56 249
56 250
56 254
56 275
56 283
56 288
56 296
56 300
56 178
56 126
56 282
56 60
56 86
56 280
56 98
56 153
56 173
56 68
56 149
56 220
56 177
56 114
56 199
56 162
56 243
56 193
56 241
56 248
56 265
56 264
56 259
56 75
56 157
56 221
56 165
56 176
56 262
56 256
56 286
56 88
56 103
57 133
57 261
57 140
57 273
57 276
57 295
57 181
57 58
57 186
57 66
57 196
57 69
57 200
57 203
57 82
57 214
57 216
57 94
57 228
57 230
57 109
57 238
57 120
57 251
57 252
57 285
57 281
57 87
57 292
57 274
57 287
57 89
57 257
57 70
57 298
57 168
57 59
57 182
57 119
57 76
57 268
57 219
57 158
57 245
57 107
57 81
57 244
57 85
57 138
57 121
57 123
57 213
57 78
58 69
58 94
58 105
58 200
58 214
58 228
58 261
58 276
58 295
58 82
58 181
58 109
58 196
58 140
58 252
58 186
58 66
58 120
58 203
58 230
58 273
58 99
58 216
58 285
58 281
58 87
58 292
58 274
58 287
58 89
58 257
58 298
58 168
58 271
58 160
58 59
58 277
58 182
58 76
58 268
58 219
58 158
58 245
58 107
58 81
58 244
58 85
58 138
58 121
59 257
59 133
59 261
59 140
59 271
59 273
59 274
59 276
59 281
59 285
59 287
59 160
59 292
59 295
59 168
59 298
59 181
59 186
59 66
59 196
59 69
59 70
59 200
59 82
59 214
59 87
59 216
59 89
59 99
59 228
59 230
59 105
59 109
59 238
59 120
59 251
59 252
59 277
59 182
59 119
59 76
59 268
59 219
59 158
59 245
59 107
59 81
59 244
59 85
59 138
59 121
59 123
59 213
59 78
60 65
60 67
60 74
60 95
60 97
60 101
60 104
60 111
60 116
60 118
60 124
60 126
60 129
60 136
60 139
60 142
60 143
60 144
60 148
60 155
60 161
60 164
60 166
60 171
60 172
60 178
60 179
60 184
60 189
60 194
60 198
60 202
60 204
60 205
60 209
60 215
60 223
60 231
60 233
60 234
60 235
60 237
60 240
60 249
60 250
60 254
60 275
60 279
60 282
60 283
60 288
60 296
60 300
60 86
60 280
60 98
60 153
60 173
60 68
60 149
60 220
60 177
60 114
60 199
60 162
60 243
60 193
60 241
60 248
60 265
60 264
60 259
60 75
60 157
60 221
60 165
60 176
60 262
60 256
60 286
60 88
60 103
61 131
61 134
61 137
61 185
61 92
61 224
61 266
61 117
61 290
61 115
61 125
61 73
61 291
61 112
61 152
61 167
61 225
62 132
62 267
62 141
62 150
62 151
62 154
62 284
62 156
62 289
62 299
62 175
62 183
62 191
62 195
62 197
62 71
62 208
62 212
62 217
62 90
62 91
62 93
62 222
62 96
62 227
62 100
62 229
62 106
62 236
62 113
62 242
62 246
62 127
62 239
62 135
62 190
62 108
62 269
63 130
63 263
63 270
63 272
63 145
63 159
63 294
63 169
63 174
63 180
63 188
63 72
63 77
63 79
63 210
63 84
63 218
63 226
63 102
63 232
63 247
63 122
63 253
63 255
63 80
64 128
64 258
64 163
64 293
64 260
64 297
64 206
64 83
64 147
64 187
64 207
65 129
65 139
65 143
65 275
65 283
65 288
65 161
65 164
65 166
65 172
65 171
65 179
65 189
65 205
65 209
65 215
65 97
65 104
65 231
65 234
65 235
65 250
65 111
65 118
65 202
65 144
65 279
65 95
65 67
65 296
65 198
65 223
65 184
65 233
65 249
65 204
65 101
65 254
65 300
65 142
65 74
65 148
65 124
65 194
65 155
65 116
65 240
65 136
65 237
65 178
65 126
65 282
65 86
65 280
65 98
65 153
65 173
65 68
65 149
65 220
65 177
65 114
65 199
65 162
65 243
65 193
65 241
65 248
65 265
65 264
65 259
65 75
65 157
65 221
65 165
65 176
65 262
65 256
65 286
65 88
65 103
66 133
66 261
66 140
66 276
66 295
66 181
66 186
66 196
66 69
66 200
66 82
66 214
66 94
66 228
66 105
66 109
66 238
66 251
66 252
66 120
66 203
66 230
66 273
66 99
66 216
66 285
66 281
66 87
66 292
66 274
66 287
66 89
66 257
66 70
66 298
66 168
66 271
66 160
66 277
66 182
66 119
66 76
66 268
66 219
66 158
66 245
66 107
66 81
66 244
66 85
66 138
66 121
66 123
66 213
66 78
67 129
67 139
67 143
67 144
67 279
67 283
67 288
67 161
67 164
67 166
67 172
67 171
67 179
67 189
67 202
67 205
67 209
67 97
67 95
67 104
67 231
67 234
67 235
67 111
67 118
67 250
67 198
67 184
67 233
67 249
67 101
67 300
67 142
67 74
67 148
67 124
67 155
67 116
67 136
67 237
67 178
67 282
67 280
67 98
67 153
67 173
67 68
67 149
67 220
67 177
67 114
67 162
67 243
67 193
67 241
67 248
67 265
67 264
67 259
67 75
67 157
67 221
67 165
67 176
67 262
67 256
67 286
67 88
67 103
68 74
68 86
68 95
68 97
68 98
68 101
68 104
68 111
68 116
68 118
68 124
68 126
68 129
68 136
68 139
68 142
68 143
68 148
68 153
68 155
68 161
68 164
68 166
68 171
68 172
68 173
68 178
68 179
68 184
68 189
68 194
68 202
68 204
68 205
68 209
68 215
68 223
68 231
68 233
68 234
68 235
68 237
68 240
68 249
68 250
68 254
68 275
68 279
68 280
68 282
68 283
68 288
68 296
68 300
68 149
68 220
68 177
68 114
68 199
68 162
68 243
68 193
68 241
68 248
68 265
68 264
68 259
68 75
68 157
68 221
68 165
68 176
68 262
68 256
68 286
68 103
69 133
69 200
69 105
69 238
69 261
69 276
69 94
69 295
69 228
69 214
69 251
69 82
69 181
69 109
69 196
69 140
69 252
69 186
69 120
69 203
69 230
69 273
69 99
69 216
69 285
69 281
69 87
69 292
69 274
69 287
69 89
69 257
69 70
69 298
69 168
69 271
69 160
69 277
69 182
69 119
69 76
69 268
69 219
69 158
69 245
69 107
69 81
69 244
69 85
69 138
69 121
69 123
69 213
69 78
70 257
70 261
70 140
70 273
70 274
70 276
70 281
70 285
70 292
70 295
70 181
70 186
70 200
70 203
70 82
70 214
70 87
70 216
70 89
70 94
70 99
70 230
70 105
70 109
70 238
70 120
70 252
70 298
70 168
70 271
70 160
70 277
70 182
70 119
70 76
70 268
70 219
70 158
70 245
70 107
70 244
70 138
70 121
70 123
70 213
71 146
71 154
71 284
71 299
71 183
71 90
71 93
71 227
71 100
71 246
71 236
71 217
71 151
71 267
71 211
71 195
71 110
71 208
71 242
71 222
71 197
71 212
71 289
71 106
71 91
71 156
71 132
71 192
71 175
71 141
71 150
71 96
71 239
71 135
71 190
71 278
71 108
71 269
72 263
72 270
72 272
72 145
72 159
72 294
72 169
72 170
72 174
72 188
72 79
72 102
72 232
72 247
72 122
72 253
72 255
72 210
72 180
72 84
72 130
72 80
73 131
73 134
73 137
73 266
73 290
73 185
73 92
73 224
73 115
73 117
73 125
73 291
73 112
73 152
73 167
73 225
73 201
74 95
74 97
74 101
74 104
74 118
74 129
74 139
74 142
74 143
74 144
74 161
74 164
74 166
74 171
74 172
74 179
74 184
74 189
74 198
74 202
74 204
74 205
74 209
74 215
74 231
74 233
74 234
74 235
74 249
74 250
74 254
74 275
74 279
74 283
74 288
74 296
74 300
74 148
74 124
74 194
74 155
74 116
74 240
74 136
74 237
74 178
74 126
74 282
74 280
74 98
74 153
74 173
74 220
74 114
74 199
74 162
74 193
74 241
74 248
74 265
74 264
74 259
74 75
74 157
74 221
74 165
74 176
74 262
74 256
74 286
74 88
74 103
75 86
75 95
75 97
75 98
75 101
75 104
75 111
75 114
75 116
75 118
75 124
75 126
75 129
75 136
75 139
75 142
75 143
75 144
75 148
75 149
75 153
75 155
75 161
75 162
75 164
75 166
75 171
75 172
75 173
75 177
75 178
75 179
75 184
75 189
75 193
75 194
75 198
75 199
75 202
75 204
75 205
75 209
75 215
75 220
75 223
75 231
75 233
75 234
75 235
75 237
75 240
75 241
75 243
75 248
75 249
75 250
75 254
75 259
75 264
75 265
75 275
75 279
75 280
75 282
75 283
75 288
75 296
75 300
75 157
75 221
75 165
75 176
75 262
75 256
75 286
75 88
75 103
76 257
76 133
76 261
76 140
76 271
76 273
76 274
76 276
76 277
76 281
76 285
76 287
76 160
76 292
76 295
76 168
76 298
76 181
76 182
76 186
76 196
76 200
76 203
76 82
76 214
76 87
76 216
76 89
76 94
76 99
76 228
76 230
76 105
76 109
76 238
76 119
76 120
76 251
76 252
76 268
76 219
76 158
76 245
76 107
76 81
76 244
76 85
76 138
76 121
76 123
76 213
76 78
77 263
77 270
77 272
77 145
77 159
77 294
77 169
77 170
77 174
77 188
77 79
77 102
77 232
77 247
77 122
77 253
77 255
77 210
77 180
77 84
77 130
77 80
78 257
78 261
78 138
78 140
78 271
78 268
78 273
78 274
78 276
78 277
78 281
78 285
78 158
78 160
78 292
78 295
78 168
78 298
78 181
78 182
78 186
78 200
78 203
78 82
78 214
78 87
78 216
78 89
78 213
78 219
78 94
78 99
78 230
78 105
78 107
78 123
78 109
78 244
78 245
78 119
78 120
78 121
78 251
78 252
79 270
79 145
79 159
79 169
79 170
79 174
79 218
79 102
79 232
79 122
79 253
79 188
79 263
79 294
79 210
79 180
79 84
79 226
79 130
79 80
80 130
80 263
80 270
80 272
80 145
80 159
80 294
80 169
80 170
80 174
80 180
80 188
80 210
80 84
80 218
80 226
80 102
80 232
80 247
80 122
80 253
80 255
81 257
81 261
81 140
81 271
81 268
81 273
81 274
81 276
81 277
81 281
81 285
81 158
81 160
81 292
81 295
81 168
81 298
81 181
81 182
81 186
81 200
81 203
81 82
81 214
81 87
81 216
81 89
81 219
81 94
81 99
81 230
81 105
81 107
81 109
81 245
81 120
81 251
81 252
81 244
81 85
81 138
81 121
81 123
81 213
82 94
82 105
82 133
82 200
82 214
82 228
82 238
82 251
82 261
82 276
82 295
82 181
82 109
82 196
82 140
82 252
82 186
82 120
82 203
82 230
82 273
82 99
82 216
82 285
82 281
82 87
82 292
82 274
82 287
82 89
82 257
82 298
82 168
82 271
82 160
82 277
82 182
82 119
82 268
82 219
82 158
82 245
82 107
82 244
82 85
82 138
82 121
82 123
82 213
83 258
83 187
83 206
83 293
83 163
83 260
83 128
83 147
83 297
83 207
84 263
84 270
84 272
84 145
84 159
84 294
84 169
84 170
84 174
84 180
84 188
84 210
84 218
84 102
84 232
84 247
84 122
84 255
84 226
84 130
85 257
85 261
85 140
85 271
85 268
85 273
85 274
85 276
85 277
85 281
85 285
85 158
85 160
85 292
85 295
85 168
85 298
85 181
85 182
85 186
85 200
85 203
85 214
85 87
85 216
85 89
85 219
85 94
85 99
85 230
85 105
85 107
85 109
85 238
85 244
85 245
85 119
85 120
85 251
85 252
85 138
85 121
85 123
85 213
86 95
86 97
86 101
86 104
86 111
86 116
86 118
86 124
86 126
86 129
86 139
86 142
86 143
86 144
86 161
86 164
86 166
86 171
86 172
86 179
86 184
86 189
86 194
86 198
86 202
86 205
86 209
86 233
86 234
86 235
86 237
86 249
86 250
86 279
86 282
86 283
86 288
86 300
86 280
86 98
86 153
86 173
86 220
86 114
86 162
86 241
86 248
86 264
86 259
86 157
86 221
86 165
86 176
86 262
86 256
86 88
87 133
87 261
87 140
87 273
87 276
87 281
87 285
87 295
87 181
87 186
87 196
87 200
87 203
87 214
87 216
87 94
87 99
87 228
87 230
87 105
87 109
87 238
87 120
87 251
87 252
87 292
87 274
87 287
87 89
87 257
87 298
87 168
87 271
87 160
87 277
87 182
87 119
87 268
87 219
87 158
87 245
87 107
87 244
87 138
87 121
87 123
87 213
88 95
88 97
88 98
88 101
88 104
88 111
88 114
88 116
88 118
88 124
88 126
88 129
88 136
88 139
88 142
88 143
88 148
88 149
88 153
88 155
88 157
88 161
88 162
88 164
88 165
88 166
88 171
88 172
88 173
88 176
88 177
88 178
88 179
88 184
88 189
88 193
88 194
88 199
88 202
88 204
88 205
88 209
88 215
88 220
88 221
88 223
88 231
88 233
88 234
88 235
88 237
88 240
88 241
88 243
88 248
88 249
88 250
88 254
88 256
88 259
88 262
88 264
88 265
88 275
88 279
88 280
88 282
88 283
88 286
88 288
88 296
88 300
88 103
89 133
89 261
89 140
89 273
89 274
89 276
89 281
89 285
89 287
89 292
89 295
89 181
89 186
89 196
89 200
89 203
89 214
89 216
89 94
89 99
89 228
89 230
89 105
89 109
89 238
89 120
89 251
89 252
89 257
89 298
89 168
89 271
89 160
89 277
89 182
89 119
89 268
89 219
89 158
89 245
89 107
89 244
89 138
89 121
89 123
89 213
90 146
90 154
90 246
90 127
90 227
90 93
90 183
90 299
90 284
90 100
90 236
90 217
90 151
90 267
90 211
90 195
90 110
90 208
90 242
90 222
90 197
90 212
90 289
90 106
90 91
90 156
90 132
90 192
90 175
90 141
90 113
90 150
90 229
90 191
90 96
90 239
90 135
90 190
90 278
90 108
90 269
91 267
91 146
91 151
91 154
91 284
91 289
91 299
91 183
91 195
91 197
91 208
91 211
91 212
91 93
91 222
91 227
91 100
91 106
91 236
91 110
91 242
91 246
91 127
91 132
91 192
91 175
91 141
91 113
91 150
91 229
91 191
91 96
91 239
91 135
91 190
91 278
91 269
92 137
92 224
92 185
92 131
92 134
92 266
92 117
92 115
92 125
92 291
92 112
92 152
92 167
92 201
93 146
93 154
93 227
93 246
93 127
93 183
93 299
93 284
93 100
93 236
93 217
93 151
93 211
93 195
93 110
93 242
93 222
93 197
93 212
93 289
93 106
93 156
93 132
93 192
93 175
93 113
93 229
93 191
93 96
93 239
93 135
93 190
93 278
93 108
93 269
94 105
94 133
94 200
94 238
94 261
94 276
94 295
94 228
94 214
94 251
94 181
94 109
94 196
94 140
94 252
94 186
94 120
94 203
94 230
94 273
94 99
94 216
94 285
94 281
94 292
94 274
94 287
94 257
94 298
94 168
94 271
94 160
94 277
94 182
94 119
94 268
94 219
94 158
94 245
94 107
94 244
94 138
94 121
94 123
94 213
95 129
95 139
95 143
95 275
95 144
95 279
95 283
95 288
95 161
95 164
95 166
95 172
95 171
95 179
95 189
95 202
95 205
95 209
95 215
95 97
95 104
95 231
95 234
95 235
95 111
95 118
95 250
95 296
95 198
95 184
95 233
95 249
95 204
95 101
95 254
95 300
95 142
95 148
95 124
95 194
95 155
95 116
95 240
95 136
95 237
95 178
95 126
95 282
95 280
95 98
95 153
95 173
95 149
95 220
95 177
95 114
95 162
95 243
95 193
95 241
95 248
95 265
95 264
95 259
95 157
95 221
95 165
95 176
95 262
95 256
95 286
95 103
96 132
96 267
96 141
96 146
96 150
96 151
96 154
96 284
96 156
96 289
96 299
96 175
96 183
96 192
96 191
96 195
96 197
96 208
96 211
96 212
96 217
96 222
96 227
96 100
96 229
96 106
96 236
96 110
96 113
96 242
96 246
96 127
96 239
96 135
96 190
96 278
96 108
96 269
97 129
97 139
97 143
97 172
97 189
97 104
97 235
97 111
97 288
97 234
97 179
97 205
97 231
97 215
97 171
97 118
97 283
97 275
97 250
97 161
97 209
97 166
97 202
97 144
97 296
97 198
97 223
97 184
97 233
97 249
97 204
97 101
97 254
97 300
97 142
97 148
97 124
97 194
97 155
97 116
97 240
97 136
97 178
97 126
97 282
97 280
97 98
97 173
97 149
97 220
97 177
97 114
97 199
97 243
97 193
97 241
97 248
97 265
97 264
97 259
97 157
97 221
97 165
97 176
97 262
97 256
97 286
97 103
98 101
98 104
98 111
98 116
98 118
98 126
98 129
98 136
98 142
98 143
98 144
98 148
98 155
98 161
98 164
98 166
98 171
98 178
98 179
98 194
98 198
98 202
98 204
98 205
98 215
98 223
98 231
98 233
98 234
98 235
98 237
98 240
98 249
98 250
98 254
98 275
98 279
98 283
98 296
98 300
98 153
98 173
98 149
98 220
98 177
98 114
98 199
98 162
98 243
98 193
98 241
98 248
98 265
98 264
98 259
98 157
98 221
98 165
98 176
98 262
98 286
98 103
99 133
99 261
99 140
99 273
99 276
99 295
99 181
99 186
99 196
99 200
99 214
99 228
99 230
99 109
99 238
99 120
99 251
99 252
99 216
99 285
99 281
99 292
99 274
99 287
99 257
99 298
99 168
99 271
99 160
99 277
99 182
99 119
99 268
99 219
99 158
99 245
99 107
99 244
99 138
99 121
99 123
99 213
100 146
100 154
100 284
100 299
100 183
100 227
100 246
100 127
100 236
100 217
100 151
100 267
100 211
100 195
100 110
100 208
100 242
100 222
100 197
100 212
100 289
100 106
100 156
100 132
100 192
100 175
100 141
100 113
100 150
100 229
100 191
100 239
100 135
100 190
100 278
100 108
100 269
101 104
101 111
101 118
101 129
101 139
101 143
101 144
101 161
101 164
101 166
101 171
101 172
101 179
101 184
101 189
101 198
101 202
101 204
101 205
101 209
101 215
101 223
101 231
101 233
101 234
101 235
101 249
101 250
101 275
101 279
101 283
101 288
101 296
101 254
101 300
101 142
101 148
101 124
101 194
101 155
101 116
101 240
101 136
101 237
101 178
101 126
101 282
101 280
101 153
101 173
101 149
101 220
101 177
101 114
101 199
101 243
101 193
101 241
101 248
101 265
101 264
101 259
101 157
101 221
101 165
101 176
101 262
101 256
101 286
101 103
102 270
102 272
102 169
102 218
102 247
102 122
102 253
102 174
102 159
102 232
102 255
102 170
102 145
102 188
102 263
102 294
102 210
102 180
102 226
102 130
103 104
103 111
103 114
103 116
103 118
103 124
103 126
103 129
103 139
103 142
103 143
103 144
103 149
103 153
103 157
103 161
103 162
103 164
103 165
103 166
103 171
103 172
103 173
103 176
103 177
103 179
103 184
103 189
103 193
103 194
103 198
103 199
103 202
103 205
103 209
103 220
103 221
103 223
103 231
103 233
103 234
103 235
103 237
103 240
103 241
103 243
103 248
103 249
103 250
103 254
103 256
103 259
103 262
103 264
103 279
103 280
103 282
103 283
103 286
103 288
103 296
103 300
104 129
104 235
104 111
104 172
104 164
104 139
104 143
104 189
104 288
104 234
104 179
104 205
104 231
104 215
104 171
104 118
104 283
104 275
104 250
104 161
104 209
104 166
104 202
104 144
104 279
104 296
104 198
104 223
104 184
104 233
104 249
104 204
104 300
104 142
104 148
104 124
104 194
104 155
104 116
104 240
104 136
104 237
104 178
104 126
104 282
104 280
104 153
104 173
104 220
104 114
104 199
104 162
104 193
104 241
104 248
104 265
104 264
104 259
104 157
104 221
104 165
104 176
104 262
104 256
104 286
105 133
105 200
105 276
105 228
105 214
105 251
105 181
105 109
105 196
105 140
105 252
105 186
105 120
105 230
105 273
105 216
105 285
105 281
105 292
105 274
105 287
105 257
105 298
105 168
105 277
105 182
105 119
105 268
105 219
105 158
105 245
105 107
105 244
105 138
105 121
105 123
105 213
106 267
106 146
106 151
106 154
106 284
106 299
106 183
106 195
106 197
106 208
106 212
106 217
106 222
106 227
106 236
106 110
106 242
106 246
106 127
106 156
106 192
106 175
106 141
106 113
106 150
106 229
106 191
106 239
106 135
106 190
106 278
106 108
106 269
107 257
107 133
107 261
107 140
107 271
107 268
107 273
107 274
107 276
107 277
107 281
107 285
107 158
107 287
107 160
107 292
107 295
107 168
107 298
107 181
107 182
107 186
107 196
107 200
107 203
107 214
107 216
107 219
107 228
107 230
107 109
107 238
107 245
107 120
107 251
107 252
107 244
107 138
107 121
107 123
107 213
108 132
108 135
108 267
108 141
108 146
108 150
108 151
108 278
108 154
108 284
108 289
108 299
108 175
108 183
108 191
108 192
108 190
108 195
108 197
108 208
108 211
108 212
108 217
108 222
108 227
108 229
108 236
108 110
108 239
108 113
108 242
108 246
108 127
108 269
109 133
109 181
109 200
109 214
109 228
109 238
109 251
109 261
109 276
109 295
109 196
109 140
109 252
109 186
109 120
109 203
109 230
109 273
109 216
109 285
109 281
109 292
109 274
109 287
109 257
109 298
109 168
109 271
109 160
109 277
109 182
109 119
109 268
109 219
109 158
109 245
109 244
109 138
109 121
109 123
109 213
110 267
110 146
110 151
110 154
110 284
110 299
110 183
110 195
110 211
110 217
110 227
110 236
110 246
110 127
110 208
110 222
110 197
110 212
110 289
110 156
110 132
110 192
110 175
110 141
110 113
110 150
110 229
110 191
110 239
110 135
110 190
110 278
110 269
111 129
111 235
111 172
111 139
111 143
111 189
111 288
111 234
111 179
111 205
111 231
111 215
111 171
111 118
111 283
111 250
111 161
111 209
111 166
111 202
111 144
111 279
111 296
111 198
111 184
111 233
111 249
111 204
111 300
111 142
111 148
111 124
111 194
111 155
111 116
111 240
111 136
111 178
111 126
111 282
111 280
111 153
111 173
111 220
111 114
111 199
111 162
111 241
111 248
111 265
111 264
111 259
111 157
111 221
111 165
111 176
111 262
111 256
111 286
112 131
112 134
112 137
112 266
112 290
112 291
112 185
112 224
112 115
112 117
112 125
112 152
112 167
112 201
113 132
113 267
113 141
113 146
113 151
113 154
113 284
113 156
113 289
113 299
113 175
113 183
113 192
113 195
113 197
113 208
113 211
113 212
113 217
113 222
113 227
113 236
113 242
113 246
113 150
113 239
113 135
113 190
113 278
113 269
114 116
114 118
114 124
114 126
114 129
114 136
114 139
114 142
114 143
114 144
114 148
114 149
114 153
114 155
114 161
114 164
114 166
114 171
114 172
114 173
114 177
114 178
114 179
114 184
114 189
114 194
114 198
114 202
114 204
114 205
114 209
114 215
114 220
114 223
114 231
114 233
114 234
114 235
114 237
114 240
114 249
114 250
114 254
114 275
114 279
114 280
114 282
114 283
114 288
114 296
114 300
114 199
114 162
114 243
114 193
114 241
114 248
114 265
114 264
114 259
114 157
114 221
114 165
114 176
114 262
114 256
114 286
115 131
115 134
115 137
115 266
115 290
115 185
115 224
115 117
115 125
115 291
115 152
115 167
115 225
115 201
116 118
116 124
116 129
116 139
116 142
116 143
116 144
116 148
116 155
116 161
116 164
116 166
116 171
116 172
116 179
116 184
116 189
116 194
116 198
116 202
116 204
116 205
116 209
116 215
116 223
116 231
116 233
116 234
116 235
116 249
116 250
116 254
116 275
116 279
116 283
116 288
116 296
116 300
116 240
116 136
116 237
116 178
116 126
116 282
116 280
116 153
116 173
116 149
116 220
116 177
116 199
116 162
116 243
116 193
116 241
116 248
116 265
116 264
116 259
116 157
116 221
116 165
116 176
116 262
116 256
116 286
117 131
117 134
117 137
117 266
117 185
117 224
117 290
117 291
117 152
117 167
117 225
117 201
118 129
118 139
118 143
118 288
118 164
118 172
118 171
118 179
118 189
118 205
118 215
118 234
118 235
118 231
118 283
118 275
118 250
118 161
118 209
118 166
118 202
118 144
118 279
118 296
118 198
118 223
118 184
118 233
118 249
118 204
118 254
118 300
118 142
118 148
118 124
118 194
118 155
118 240
118 136
118 237
118 178
118 126
118 282
118 280
118 153
118 173
118 149
118 220
118 177
118 199
118 162
118 243
118 193
118 241
118 248
118 265
118 264
118 259
118 157
118 221
118 165
118 176
118 262
118 256
118 286
119 257
119 133
119 261
119 140
119 271
119 277
119 281
119 285
119 287
119 160
119 292
119 295
119 168
119 298
119 181
119 182
119 186
119 196
119 200
119 203
119 214
119 216
119 228
119 230
119 120
119 252
119 219
119 158
119 245
119 244
119 138
119 121
119 213
120 133
120 261
120 140
120 276
120 295
120 181
120 186
120 196
120 200
120 214
120 228
120 238
120 251
120 252
120 203
120 230
120 273
120 216
120 285
120 281
120 292
120 274
120 287
120 257
120 298
120 168
120 271
120 160
120 277
120 182
120 268
120 219
120 158
120 245
120 244
120 138
120 121
120 123
120 213
121 257
121 133
121 261
121 138
121 140
121 271
121 268
121 273
121 274
121 276
121 277
121 281
121 285
121 158
121 287
121 160
121 292
121 295
121 168
121 298
121 181
121 182
121 186
121 196
121 200
121 203
121 214
121 216
121 219
121 228
121 230
121 238
121 244
121 245
121 251
121 252
121 213
122 270
122 272
122 169
122 218
122 247
122 253
122 174
122 159
122 232
122 255
122 170
122 145
122 188
122 263
122 294
122 210
122 180
122 226
123 257
123 133
123 261
123 138
123 140
123 271
123 277
123 281
123 285
123 158
123 287
123 160
123 292
123 295
123 168
123 298
123 181
123 182
123 186
123 196
123 200
123 203
123 214
123 216
123 219
123 228
123 230
123 244
123 245
123 252
123 213
124 129
124 142
124 143
124 144
124 148
124 161
124 164
124 166
124 171
124 179
124 184
124 189
124 198
124 202
124 204
124 205
124 215
124 223
124 231
124 233
124 234
124 235
124 250
124 254
124 275
124 279
124 283
124 288
124 296
124 300
124 194
124 155
124 240
124 136
124 237
124 178
124 126
124 280
124 153
124 173
124 149
124 220
124 177
124 199
124 162
124 243
124 193
124 241
124 248
124 265
124 264
124 259
124 157
124 221
124 165
124 176
124 262
124 286
125 131
125 134
125 137
125 266
125 290
125 185
125 224
125 291
125 152
125 167
125 225
125 201
126 129
126 136
126 139
126 142
126 143
126 144
126 148
126 155
126 161
126 164
126 166
126 171
126 172
126 178
126 179
126 184
126 189
126 198
126 202
126 204
126 205
126 209
126 215
126 223
126 231
126 233
126 234
126 235
126 237
126 240
126 249
126 250
126 254
126 275
126 279
126 283
126 288
126 296
126 300
126 282
126 280
126 153
126 173
126 149
126 220
126 177
126 199
126 162
126 243
126 193
126 241
126 248
126 265
126 264
126 259
126 157
126 221
126 165
126 176
126 262
126 256
126 286
127 146
127 154
127 246
127 227
127 183
127 299
127 284
127 236
127 217
127 151
127 267
127 211
127 195
127 208
127 242
127 222
127 197
127 212
127 289
127 156
127 132
127 192
127 175
127 141
127 150
127 239
127 135
127 190
127 278
127 269
128 258
128 163
128 293
128 260
128 206
128 187
128 147
128 297
128 207
129 235
129 172
129 164
129 139
129 143
129 189
129 288
129 234
129 179
129 205
129 231
129 215
129 171
129 283
129 275
129 250
129 161
129 209
129 166
129 202
129 144
129 279
129 296
129 198
129 223
129 184
129 233
129 249
129 204
129 254
129 300
129 142
129 148
129 194
129 155
129 240
129 136
129 237
129 178
129 282
129 280
129 153
129 173
129 149
129 220
129 177
129 199
129 162
129 243
129 193
129 241
129 248
129 265
129 264
129 259
129 157
129 221
129 165
129 262
129 256
129 286
130 263
130 270
130 272
130 145
130 159
130 294
130 169
130 170
130 174
130 180
130 188
130 210
130 218
130 226
130 232
130 247
130 253
130 255
131 137
131 185
131 224
131 134
131 266
131 290
131 291
131 152
131 167
131 225
131 201
132 267
132 146
132 151
132 154
132 284
132 156
132 289
132 299
132 183
132 195
132 197
132 208
132 211
132 212
132 217
132 222
132 227
132 236
132 242
132 246
132 192
132 175
132 141
132 150
132 229
132 191
132 239
132 135
132 190
132 278
132 269
133 200
133 238
133 261
133 276
133 295
133 214
133 181
133 140
133 252
133 186
133 203
133 230
133 273
133 216
133 285
133 281
133 292
133 274
133 257
133 298
133 168
133 271
133 160
133 277
133 182
133 268
133 219
133 158
133 245
133 244
133 138
133 213
134 137
134 185
134 224
134 266
134 290
134 291
134 152
134 167
134 225
134 201
135 267
135 141
135 146
135 150
135 151
135 154
135 156
135 284
135 289
135 299
135 175
135 183
135 191
135 192
135 195
135 197
135 208
135 211
135 212
135 217
135 222
135 227
135 229
135 236
135 239
135 242
135 246
135 190
135 278
135 269
136 139
136 142
136 143
136 144
136 155
136 161
136 164
136 166
136 171
136 172
136 179
136 184
136 189
136 194
136 198
136 202
136 205
136 209
136 231
136 233
136 234
136 235
136 240
136 249
136 250
136 279
136 283
136 288
136 296
136 300
136 237
136 282
136 280
136 153
136 173
136 149
136 220
136 177
136 162
136 243
136 241
136 248
136 264
136 259
136 157
136 221
136 165
136 176
136 262
136 256
137 224
137 185
137 266
137 290
137 291
137 152
137 167
137 225
137 201
138 257
138 261
138 271
138 268
138 273
138 274
138 276
138 277
138 281
138 285
138 158
138 287
138 160
138 295
138 168
138 298
138 181
138 182
138 186
138 196
138 200
138 203
138 214
138 216
138 219
138 228
138 230
138 238
138 244
138 251
138 252
138 213
139 164
139 143
139 234
139 179
139 205
139 231
139 215
139 171
139 283
139 275
139 250
139 161
139 166
139 202
139 144
139 279
139 296
139 198
139 223
139 233
139 204
139 254
139 300
139 142
139 148
139 194
139 155
139 240
139 237
139 178
139 153
139 173
139 149
139 220
139 199
139 162
139 243
139 193
139 241
139 248
139 265
139 264
139 259
139 157
139 221
139 165
139 176
139 262
139 286
140 181
140 196
140 214
140 228
140 238
140 251
140 261
140 276
140 295
140 252
140 186
140 203
140 230
140 273
140 216
140 285
140 281
140 274
140 287
140 257
140 298
140 168
140 271
140 160
140 277
140 182
140 268
140 219
140 158
140 244
140 213
141 146
141 151
141 154
141 284
141 156
141 289
141 299
141 175
141 183
141 192
141 195
141 197
141 211
141 212
141 217
141 222
141 227
141 236
141 242
141 246
141 229
141 191
141 239
141 190
141 278
141 269
142 143
142 144
142 161
142 164
142 166
142 171
142 172
142 179
142 184
142 189
142 198
142 202
142 204
142 205
142 209
142 215
142 223
142 231
142 233
142 234
142 235
142 249
142 250
142 254
142 275
142 279
142 283
142 288
142 296
142 300
142 148
142 194
142 155
142 240
142 237
142 178
142 282
142 280
142 153
142 173
142 149
142 220
142 199
142 162
142 243
142 193
142 241
142 248
142 265
142 264
142 259
142 157
142 221
142 165
142 176
142 262
142 256
142 286
143 164
143 172
143 235
143 189
143 288
143 234
143 179
143 231
143 215
143 171
143 283
143 275
143 250
143 161
143 209
143 166
143 202
143 144
143 279
143 296
143 198
143 223
143 184
143 233
143 249
143 204
143 254
143 300
143 148
143 194
143 155
143 240
143 237
143 178
143 282
143 280
143 153
143 173
143 149
143 220
143 177
143 199
143 162
143 243
143 193
143 241
143 248
143 265
143 264
143 259
143 157
143 221
143 165
143 176
143 262
143 256
143 286
144 161
144 164
144 166
144 171
144 172
144 179
144 189
144 202
144 205
144 209
144 215
144 231
144 234
144 235
144 250
144 275
144 283
144 288
144 279
144 296
144 223
144 184
144 233
144 249
144 204
144 254
144 300
144 148
144 194
144 155
144 240
144 237
144 178
144 282
144 280
144 153
144 173
144 149
144 220
144 177
144 199
144 162
144 243
144 193
144 241
144 248
144 265
144 264
144 259
144 157
144 221
144 165
144 176
144 262
144 256
144 286
145 270
145 272
145 159
145 169
145 170
145 174
145 218
145 232
145 247
145 253
145 255
145 188
145 263
145 294
145 210
145 180
145 226
146 246
146 154
146 227
146 183
146 299
146 284
146 236
146 217
146 151
146 267
146 211
146 195
146 208
146 242
146 222
146 197
146 212
146 289
146 156
146 175
146 150
146 229
146 191
146 239
146 190
146 269
147 163
147 293
147 260
147 206
147 187
147 297
148 161
148 164
148 166
148 171
148 172
148 179
148 184
148 189
148 198
148 202
148 205
148 209
148 223
148 231
148 233
148 234
148 235
148 249
148 250
148 254
148 279
148 283
148 288
148 296
148 300
148 194
148 240
148 237
148 282
148 280
148 153
148 173
148 149
148 220
148 177
148 199
148 162
148 243
148 193
148 241
148 248
148 264
148 259
148 157
148 221
148 165
148 176
148 262
148 256
148 286
149 153
149 155
149 161
149 164
149 166
149 171
149 172
149 173
149 178
149 179
149 184
149 189
149 194
149 198
149 202
149 205
149 209
149 215
149 223
149 231
149 233
149 234
149 235
149 237
149 240
149 249
149 250
149 279
149 280
149 282
149 283
149 288
149 300
149 220
149 199
149 162
149 193
149 241
149 248
149 265
149 264
149 259
149 157
149 221
149 165
149 176
149 262
149 256
149 286
150 151
150 154
150 284
150 156
150 289
150 299
150 175
150 183
150 195
150 197
150 212
150 217
150 222
150 227
150 236
150 242
150 246
150 229
150 191
150 239
150 190
150 269
151 284
151 299
151 217
151 227
151 267
151 211
151 195
151 208
151 242
151 197
151 212
151 289
151 156
151 192
151 175
151 229
151 191
151 278
151 269
152 266
152 290
152 291
152 185
152 224
152 167
152 225
152 201
153 155
153 161
153 166
153 171
153 172
153 178
153 179
153 184
153 189
153 194
153 198
153 202
153 204
153 205
153 209
153 215
153 223
153 231
153 233
153 234
153 235
153 237
153 240
153 249
153 250
153 254
153 275
153 280
153 282
153 283
153 288
153 296
153 300
153 173
153 220
153 177
153 199
153 243
153 193
153 241
153 248
153 265
153 264
153 259
153 157
153 221
153 165
153 176
153 262
153 256
153 286
154 246
154 227
154 299
154 284
154 236
154 217
154 267
154 211
154 195
154 208
154 242
154 197
154 212
154 289
154 156
154 192
154 175
154 229
154 191
154 190
154 278
154 269
155 161
155 164
155 166
155 171
155 172
155 179
155 184
155 189
155 194
155 198
155 202
155 205
155 209
155 223
155 231
155 233
155 234
155 235
155 249
155 250
155 254
155 279
155 283
155 288
155 296
155 300
155 240
155 237
155 282
155 280
155 173
155 220
155 177
155 199
155 162
155 243
155 193
155 241
155 248
155 264
155 259
155 157
155 221
155 165
155 176
155 262
155 256
155 286
156 267
156 284
156 289
156 299
156 183
156 195
156 197
156 208
156 211
156 222
156 227
156 236
156 242
156 246
156 192
156 175
156 229
156 191
156 239
156 190
156 278
156 269
157 161
157 162
157 164
157 166
157 171
157 172
157 173
157 177
157 178
157 179
157 184
157 189
157 193
157 194
157 198
157 199
157 202
157 204
157 205
157 209
157 215
157 220
157 223
157 231
157 233
157 234
157 235
157 237
157 240
157 241
157 243
157 248
157 249
157 250
157 254
157 259
157 264
157 265
157 275
157 279
157 280
157 282
157 283
157 288
157 296
157 300
157 221
157 165
157 176
157 262
157 256
157 286
158 257
158 261
158 271
158 268
158 273
158 274
158 276
158 277
158 281
158 285
158 287
158 160
158 292
158 295
158 168
158 298
158 181
158 182
158 186
158 196
158 200
158 203
158 214
158 216
158 219
158 228
158 230
158 238
158 251
158 252
158 245
158 244
158 213
159 272
159 174
159 218
159 247
159 253
159 232
159 255
159 170
159 188
159 263
159 294
159 180
159 226
160 257
160 273
160 274
160 276
160 281
160 285
160 287
160 292
160 168
160 298
160 181
160 186
160 196
160 200
160 214
160 216
160 228
160 230
160 238
160 251
160 252
160 182
160 268
160 219
160 245
160 244
160 213
161 275
161 283
161 288
161 164
161 172
161 171
161 179
161 189
161 205
161 215
161 234
161 235
161 231
161 250
161 209
161 166
161 202
161 279
161 296
161 198
161 223
161 184
161 233
161 249
161 204
161 254
161 300
161 194
161 240
161 237
161 178
161 282
161 280
161 173
161 220
161 177
161 199
161 162
161 243
161 193
161 241
161 248
161 265
161 264
161 259
161 221
161 165
161 176
161 262
161 256
161 286
162 166
162 171
162 172
162 173
162 177
162 178
162 184
162 189
162 194
162 198
162 199
162 202
162 204
162 205
162 209
162 215
162 220
162 223
162 231
162 233
162 234
162 235
162 240
162 249
162 250
162 254
162 275
162 280
162 282
162 283
162 288
162 296
162 300
162 243
162 193
162 241
162 248
162 265
162 264
162 259
162 221
162 165
162 176
162 262
162 256
162 286
163 258
163 293
163 187
163 206
163 260
163 297
163 207
164 172
164 235
164 189
164 288
164 234
164 205
164 231
164 215
164 171
164 283
164 275
164 250
164 209
164 166
164 202
164 296
164 198
164 223
164 184
164 233
164 249
164 204
164 254
164 300
164 194
164 240
164 178
164 282
164 280
164 173
164 220
164 177
164 199
164 243
164 193
164 241
164 248
164 265
164 264
164 259
164 221
164 165
164 176
164 262
164 256
164 286
165 166
165 171
165 172
165 173
165 177
165 178
165 179
165 184
165 189
165 193
165 194
165 198
165 199
165 202
165 204
165 205
165 209
165 215
165 220
165 221
165 223
165 231
165 233
165 234
165 235
165 237
165 240
165 241
165 243
165 248
165 249
165 250
165 254
165 259
165 264
165 265
165 275
165 279
165 280
165 282
165 283
165 288
165 296
165 300
165 176
165 262
165 256
165 286
166 275
166 283
166 288
166 172
166 171
166 179
166 189
166 205
166 209
166 215
166 231
166 234
166 235
166 250
166 202
166 279
166 296
166 198
166 223
166 184
166 233
166 249
166 204
166 254
166 300
166 194
166 240
166 237
166 178
166 282
166 280
166 173
166 177
166 199
166 243
166 193
166 241
166 248
166 265
166 264
166 259
166 221
166 176
166 262
166 286
167 266
167 290
167 291
167 185
167 224
167 225
167 201
168 257
168 261
168 273
168 274
168 276
168 281
168 285
168 287
168 292
168 295
168 298
168 181
168 186
168 196
168 200
168 203
168 214
168 216
168 228
168 230
168 238
168 251
168 252
168 271
168 277
168 182
168 268
168 219
168 245
168 244
168 213
169 272
169 218
169 247
169 253
169 174
169 232
169 255
169 170
169 188
169 263
169 294
169 180
169 226
170 270
170 272
170 174
170 218
170 232
170 247
170 253
170 255
170 188
170 263
170 294
170 210
170 180
170 226
171 288
171 172
171 179
171 189
171 205
171 215
171 235
171 231
171 283
171 275
171 250
171 209
171 202
171 279
171 296
171 198
171 223
171 184
171 233
171 249
171 204
171 254
171 300
171 194
171 240
171 237
171 178
171 282
171 280
171 173
171 220
171 177
171 199
171 243
171 193
171 241
171 248
171 265
171 264
171 259
171 221
171 176
171 262
171 256
171 286
172 234
172 179
172 205
172 231
172 215
172 283
172 275
172 250
172 202
172 279
172 296
172 198
172 223
172 233
172 249
172 204
172 254
172 300
172 194
172 240
172 237
172 178
172 173
172 220
172 177
172 199
172 243
172 193
172 241
172 248
172 265
172 264
172 259
172 221
172 176
172 262
172 286
173 178
173 179
173 184
173 189
173 194
173 198
173 202
173 204
173 205
173 209
173 215
173 231
173 233
173 234
173 235
173 237
173 240
173 249
173 250
173 254
173 275
173 279
173 280
173 282
173 283
173 288
173 296
173 300
173 220
173 177
173 199
173 243
173 193
173 241
173 248
173 265
173 264
173 259
173 221
173 176
173 262
173 256
173 286
174 270
174 272
174 218
174 247
174 253
174 232
174 255
174 188
174 263
174 294
174 210
174 180
174 226
175 267
175 284
175 289
175 183
175 192
175 195
175 197
175 208
175 211
175 212
175 217
175 222
175 227
175 236
175 242
175 246
175 229
175 191
175 239
175 190
175 278
176 177
176 178
176 179
176 184
176 189
176 193
176 194
176 198
176 199
176 202
176 204
176 205
176 209
176 215
176 220
176 221
176 223
176 231
176 233
176 234
176 235
176 237
176 240
176 241
176 243
176 248
176 249
176 250
176 254
176 259
176 264
176 265
176 275
176 279
176 280
176 282
176 283
176 288
176 296
176 300
176 262
176 256
176 286
177 178
177 179
177 184
177 189
177 194
177 198
177 202
177 204
177 205
177 209
177 215
177 220
177 233
177 234
177 235
177 240
177 249
177 250
177 280
177 282
177 283
177 288
177 300
177 199
177 193
177 241
177 248
177 264
177 259
177 221
177 262
177 256
178 179
178 184
178 189
178 194
178 198
178 202
178 205
178 209
178 223
178 231
178 233
178 234
178 235
178 237
178 240
178 249
178 250
178 279
178 283
178 288
178 296
178 300
178 282
178 280
178 220
178 199
178 243
178 241
178 248
178 264
178 259
178 221
178 262
178 256
178 286
179 288
179 189
179 235
179 234
179 205
179 231
179 215
179 283
179 275
179 250
179 209
179 202
179 296
179 198
179 223
179 184
179 233
179 249
179 204
179 254
179 300
179 194
179 240
179 282
179 280
179 220
179 199
179 243
179 193
179 241
179 248
179 265
179 264
179 259
179 221
179 262
179 256
179 286
180 263
180 270
180 272
180 294
180 188
180 210
180 218
180 232
180 247
180 253
180 255
180 226
181 200
181 214
181 228
181 238
181 251
181 261
181 276
181 295
181 196
181 252
181 186
181 203
181 230
181 273
181 216
181 285
181 281
181 292
181 287
181 257
181 298
181 271
181 277
181 182
181 268
181 219
181 245
181 244
181 213
182 257
182 261
182 271
182 273
182 274
182 276
182 277
182 285
182 287
182 292
182 295
182 298
182 186
182 196
182 200
182 203
182 214
182 216
182 228
182 230
182 238
182 251
182 252
182 268
182 219
182 245
182 244
182 213
183 227
183 246
183 299
183 284
183 236
183 217
183 267
183 211
183 195
183 208
183 242
183 197
183 212
183 289
183 192
183 229
183 191
183 278
183 269
184 198
184 202
184 205
184 215
184 223
184 231
184 234
184 250
184 275
184 279
184 283
184 296
184 233
184 204
184 254
184 300
184 194
184 240
184 237
184 220
184 199
184 243
184 193
184 241
184 248
184 265
184 264
184 259
184 221
184 262
184 286
185 224
185 266
185 290
185 291
185 225
185 201
186 261
186 276
186 295
186 196
186 200
186 214
186 228
186 238
186 251
186 252
186 203
186 230
186 273
186 216
186 285
186 281
186 292
186 274
186 287
186 257
186 298
186 271
186 277
186 268
186 219
186 245
186 244
186 213
187 258
187 206
187 293
187 260
187 297
187 207
188 270
188 218
188 232
188 247
188 253
188 263
188 294
188 210
188 226
189 234
189 205
189 231
189 215
189 283
189 275
189 250
189 202
189 279
189 296
189 198
189 223
189 233
189 249
189 204
189 254
189 300
189 194
189 240
189 237
189 220
189 199
189 243
189 193
189 241
189 248
189 265
189 264
189 259
189 221
189 262
189 286
190 267
190 284
190 289
190 299
190 191
190 192
190 195
190 197
190 208
190 211
190 212
190 217
190 227
190 229
190 239
190 242
190 246
190 278
190 269
191 267
191 284
191 289
191 299
191 192
191 195
191 197
191 208
191 211
191 212
191 217
191 222
191 227
191 236
191 242
191 246
191 239
191 278
191 269
192 289
192 299
192 195
192 197
192 208
192 212
192 217
192 222
192 227
192 236
192 242
192 246
192 229
192 239
192 269
193 194
193 198
193 199
193 202
193 204
193 205
193 209
193 215
193 220
193 223
193 231
193 233
193 234
193 235
193 237
193 240
193 243
193 249
193 250
193 254
193 279
193 280
193 282
193 283
193 288
193 296
193 300
193 241
193 248
193 264
193 259
193 221
193 262
193 256
193 286
194 198
194 202
194 204
194 205
194 209
194 215
194 223
194 231
194 233
194 234
194 235
194 249
194 250
194 254
194 275
194 279
194 283
194 288
194 296
194 300
194 240
194 237
194 282
194 280
194 220
194 199
194 243
194 241
194 248
194 265
194 264
194 259
194 221
194 262
194 256
194 286
195 267
195 284
195 299
195 211
195 217
195 227
195 236
195 246
195 208
195 242
195 222
195 197
195 212
195 289
195 229
195 239
195 278
195 269
196 200
196 214
196 238
196 251
196 261
196 276
196 295
196 252
196 203
196 230
196 273
196 216
196 285
196 281
196 292
196 274
196 257
196 298
196 271
196 277
196 268
196 219
196 245
196 244
196 213
197 267
197 284
197 299
197 208
197 211
197 217
197 222
197 227
197 236
197 242
197 246
197 212
197 289
197 229
197 239
197 278
197 269
198 202
198 205
198 209
198 215
198 231
198 234
198 235
198 250
198 275
198 279
198 283
198 288
198 296
198 223
198 233
198 249
198 204
198 254
198 300
198 240
198 237
198 282
198 280
198 220
198 199
198 243
198 241
198 248
198 265
198 264
198 259
198 221
198 262
198 256
198 286
199 202
199 205
199 209
199 220
199 233
199 234
199 235
199 237
199 249
199 250
199 279
199 280
199 282
199 283
199 288
199 300
199 243
199 241
199 248
199 265
199 264
199 259
199 221
199 262
199 256
200 238
200 261
200 276
200 295
200 228
200 214
200 251
200 252
200 203
200 230
200 273
200 216
200 285
200 281
200 274
200 287
200 257
200 298
200 277
200 268
200 219
200 244
200 213
201 266
201 290
201 291
201 224
201 225
202 275
202 283
202 288
202 205
202 209
202 215
202 231
202 234
202 235
202 250
202 279
202 296
202 223
202 233
202 249
202 204
202 254
202 300
202 240
202 237
202 282
202 280
202 220
202 243
202 241
202 248
202 265
202 264
202 259
202 221
202 262
202 256
202 286
203 261
203 276
203 295
203 214
203 228
203 238
203 251
203 252
203 230
203 273
203 216
203 285
203 281
203 292
203 274
203 287
203 257
203 298
203 277
203 268
203 219
203 245
203 244
203 213
204 205
204 209
204 223
204 231
204 233
204 234
204 235
204 249
204 250
204 279
204 283
204 288
204 296
204 300
204 240
204 237
204 282
204 280
204 220
204 243
204 241
204 248
204 264
204 259
204 221
204 262
204 256
204 286
205 288
205 235
205 231
205 215
205 283
205 275
205 250
205 209
205 279
205 296
205 223
205 233
205 249
205 254
205 300
205 240
205 237
205 282
205 280
205 220
205 243
205 241
205 248
205 265
205 259
205 221
205 262
205 286
206 260
206 297
206 207
207 258
207 293
207 260
207 297
208 284
208 299
208 211
208 217
208 227
208 236
208 246
208 242
208 222
208 212
208 289
208 229
208 239
208 278
208 269
209 275
209 283
209 215
209 231
209 234
209 235
209 250
209 279
209 296
209 223
209 233
209 249
209 254
209 300
209 240
209 237
209 220
209 243
209 241
209 248
209 265
209 264
209 259
209 221
209 262
209 286
210 263
210 272
210 294
210 218
210 232
210 247
210 253
210 255
210 226
211 284
211 299
211 217
211 227
211 236
211 246
211 242
211 222
211 212
211 229
211 239
211 269
212 267
212 284
212 299
212 222
212 227
212 236
212 242
212 246
212 289
212 229
212 239
212 278
212 269
213 257
213 261
213 271
213 268
213 273
213 274
213 276
213 277
213 281
213 285
213 287
213 292
213 295
213 298
213 214
213 216
213 219
213 228
213 230
213 244
213 245
213 252
214 228
214 238
214 261
214 276
214 295
214 251
214 252
214 230
214 273
214 216
214 285
214 281
214 292
214 274
214 287
214 257
214 298
214 271
214 277
214 268
214 219
214 245
214 244
215 288
215 234
215 235
215 231
215 283
215 250
215 279
215 233
215 249
215 300
215 237
215 282
215 280
215 220
215 243
215 241
215 248
215 264
215 259
215 221
215 262
215 256
216 261
216 273
216 276
216 295
216 228
216 230
216 238
216 251
216 252
216 285
216 281
216 292
216 274
216 287
216 257
216 298
216 271
216 277
216 268
216 219
216 245
216 244
217 284
217 299
217 227
217 236
217 246
217 267
217 242
217 222
217 289
217 229
217 239
217 278
217 269
218 270
218 247
218 253
218 232
218 263
218 294
219 257
219 261
219 271
219 268
219 273
219 274
219 276
219 277
219 281
219 285
219 287
219 292
219 295
219 298
219 228
219 230
219 238
219 251
219 252
219 245
219 244
220 223
220 231
220 233
220 234
220 235
220 237
220 240
220 249
220 250
220 254
220 275
220 279
220 280
220 282
220 283
220 288
220 296
220 300
220 243
220 241
220 248
220 265
220 264
220 259
220 221
220 262
220 286
221 223
221 231
221 233
221 234
221 235
221 237
221 240
221 241
221 243
221 248
221 249
221 250
221 254
221 259
221 264
221 265
221 275
221 279
221 280
221 282
221 283
221 288
221 296
221 300
221 262
221 256
221 286
222 267
222 284
222 299
222 227
222 242
222 289
222 229
222 278
222 269
223 234
223 235
223 250
223 279
223 283
223 288
223 233
223 249
223 300
223 237
223 282
223 280
223 243
223 241
223 248
223 265
223 264
223 259
223 262
223 256
224 266
224 290
224 291
224 225
225 266
225 290
225 291
226 263
226 270
226 272
226 294
226 232
226 247
226 253
226 255
227 246
227 299
227 284
227 236
227 267
227 242
227 289
227 229
227 239
227 278
227 269
228 261
228 276
228 295
228 251
228 252
228 230
228 273
228 285
228 281
228 292
228 274
228 257
228 298
228 271
228 277
228 268
228 245
228 244
229 267
229 284
229 289
229 299
229 236
229 242
229 246
229 239
229 278
229 269
230 261
230 276
230 295
230 238
230 251
230 252
230 273
230 285
230 281
230 292
230 274
230 287
230 257
230 298
230 271
230 277
230 268
230 245
230 244
231 288
231 235
231 234
231 283
231 275
231 250
231 279
231 233
231 249
231 300
231 237
231 282
231 280
231 243
231 241
231 248
231 265
231 264
231 259
231 262
231 256
232 270
232 272
232 247
232 253
232 255
232 263
232 294
233 234
233 235
233 250
233 275
233 279
233 283
233 288
233 296
233 249
233 254
233 300
233 240
233 237
233 282
233 280
233 243
233 241
233 248
233 265
233 264
233 259
233 262
233 256
233 286
234 288
234 235
234 283
234 275
234 250
234 279
234 296
234 249
234 254
234 300
234 240
234 237
234 282
234 280
234 243
234 241
234 248
234 265
234 259
234 262
234 256
234 286
235 288
235 283
235 275
235 250
235 279
235 296
235 249
235 254
235 300
235 240
235 237
235 280
235 243
235 241
235 248
235 265
235 264
235 259
235 262
235 286
236 284
236 299
236 246
236 267
236 242
236 289
236 239
236 278
236 269
237 240
237 249
237 250
237 254
237 275
237 283
237 288
237 296
237 300
237 282
237 280
237 243
237 241
237 248
237 265
237 264
237 259
237 262
237 256
237 286
238 261
238 276
238 295
238 251
238 252
238 273
238 285
238 281
238 292
238 274
238 257
238 298
238 271
238 277
238 268
238 245
238 244
239 267
239 284
239 289
239 299
239 242
239 278
239 269
240 249
240 250
240 279
240 283
240 288
240 300
240 282
240 280
240 243
240 241
240 248
240 265
240 264
240 259
240 262
241 243
241 249
241 250
241 254
241 275
241 279
241 280
241 282
241 283
241 288
241 296
241 300
241 248
241 265
241 264
241 259
241 262
241 256
241 286
242 267
242 284
242 299
242 246
242 289
242 278
242 269
243 249
243 250
243 275
243 279
243 280
243 282
243 283
243 288
243 300
243 248
243 264
243 259
243 262
243 256
243 286
244 257
244 261
244 271
244 268
244 273
244 274
244 276
244 277
244 281
244 285
244 287
244 292
244 295
244 298
244 245
244 251
244 252
245 257
245 261
245 271
245 268
245 273
245 274
245 276
245 277
245 281
245 285
245 287
245 295
245 298
245 251
245 252
246 299
246 284
246 267
246 289
246 278
246 269
247 253
247 270
247 255
247 263
247 294
248 249
248 250
248 254
248 275
248 279
248 280
248 282
248 283
248 288
248 296
248 300
248 265
248 264
248 259
248 262
248 256
248 286
249 250
249 275
249 279
249 283
249 288
249 296
249 254
249 300
249 280
249 265
249 264
249 259
249 262
249 286
250 275
250 283
250 288
250 279
250 296
250 254
250 300
250 282
250 280
250 265
250 264
250 259
250 262
250 256
250 286
251 261
251 276
251 295
251 252
251 273
251 285
251 281
251 292
251 274
251 287
251 257
251 298
251 271
251 277
251 268
252 261
252 276
252 295
252 273
252 285
252 281
252 292
252 274
252 287
252 257
252 298
252 271
252 277
252 268
253 270
253 272
253 255
253 263
253 294
254 279
254 283
254 288
254 300
254 282
254 280
254 264
254 259
254 262
254 256
255 270
255 263
255 294
256 259
256 262
256 264
256 265
256 275
256 279
256 283
256 296
256 300
256 286
257 261
257 273
257 274
257 276
257 281
257 285
257 287
257 292
257 295
257 298
257 271
257 277
257 268
258 293
258 297
259 264
259 265
259 275
259 279
259 280
259 282
259 283
259 288
259 296
259 300
259 262
259 286
260 293
260 297
261 276
261 295
261 273
261 285
261 281
261 292
261 274
261 287
261 298
261 271
261 277
261 268
262 264
262 265
262 275
262 279
262 280
262 282
262 283
262 288
262 296
262 300
262 286
263 270
263 272
263 294
264 265
264 275
264 279
264 280
264 282
264 283
264 288
264 296
264 300
264 286
265 279
265 280
265 282
265 283
265 288
265 300
265 286
266 290
266 291
267 284
267 299
267 289
267 278
267 269
268 271
268 273
268 274
268 277
268 281
268 285
268 287
268 292
268 295
268 298
269 278
269 284
269 289
270 272
270 294
271 273
271 274
271 276
271 281
271 285
271 287
271 292
271 295
271 298
272 294
273 276
273 295
273 285
273 281
273 292
273 287
273 298
273 277
274 276
274 281
274 285
274 292
274 295
274 287
274 298
274 277
275 283
275 288
275 279
275 300
275 282
275 280
276 295
276 285
276 281
276 292
276 287
276 298
276 277
277 281
277 285
277 287
277 292
277 295
277 298
278 284
278 289
278 299
279 283
279 288
279 296
279 300
279 282
279 280
279 286
280 283
280 296
280 300
280 286
281 285
281 295
281 292
281 287
281 298
282 283
282 296
282 300
282 286
283 288
283 296
283 300
283 286
284 299
284 289
285 295
285 292
285 287
285 298
286 288
286 300
287 292
287 295
287 298
288 296
288 300
289 299
290 291
292 295
292 298
293 297
295 298
296 300
