heur046_n_300_m_13150
1 257
1 2
1 263
1 15
1 161
1 291
1 181
1 56
1 73
1 78
1 213
1 85
1 216
1 221
1 96
1 115
1 245
1 249
1 130
1 138
1 124
2 267
2 62
2 213
2 85
2 245
2 46
2 125
2 161
2 78
2 115
2 255
2 154
2 258
2 116
2 291
2 239
2 181
2 257
2 17
2 104
2 216
2 93
2 47
2 67
2 261
2 151
2 56
2 73
2 96
2 263
2 22
2 221
2 31
2 204
2 207
2 253
2 194
2 130
2 247
2 193
2 138
2 124
3 128
3 129
3 6
3 148
3 155
3 157
3 294
3 299
3 70
3 80
3 87
3 90
3 219
3 235
3 120
3 122
3 251
4 128
4 129
4 148
4 155
4 157
4 34
4 294
4 41
4 184
4 58
4 197
4 80
4 87
4 91
4 228
4 235
4 236
4 6
4 299
4 72
4 70
4 219
4 122
4 226
4 170
4 120
4 98
4 251
4 266
4 277
5 131
5 133
5 7
5 11
5 12
5 143
5 269
5 145
5 146
5 19
5 278
5 152
5 23
5 156
5 286
5 164
5 38
5 166
5 43
5 44
5 49
5 53
5 183
5 190
5 63
5 76
5 210
5 83
5 225
5 230
5 108
5 252
5 244
5 246
5 202
5 220
5 296
5 84
5 149
5 200
5 264
5 57
5 238
5 205
5 290
5 101
5 39
5 279
5 174
5 232
5 231
5 121
5 173
5 32
5 159
6 128
6 129
6 134
6 148
6 155
6 157
6 34
6 294
6 41
6 55
6 184
6 58
6 197
6 80
6 87
6 89
6 91
6 228
6 105
6 235
6 236
6 254
6 90
6 299
6 72
6 70
6 219
6 140
6 241
6 122
6 295
6 226
6 170
6 120
6 98
6 271
6 29
6 251
6 126
6 256
6 266
6 277
7 11
7 145
7 275
7 146
7 19
7 152
7 156
7 286
7 164
7 38
7 166
7 44
7 53
7 190
7 63
7 210
7 225
7 230
7 108
7 244
7 246
7 252
7 33
7 143
7 12
7 136
7 269
7 83
7 133
7 183
7 76
7 103
7 278
7 23
7 49
7 131
7 43
7 8
7 202
7 220
7 296
7 84
7 149
7 200
7 264
7 57
7 238
7 205
7 290
7 101
7 39
7 279
7 174
7 232
7 231
7 121
7 173
7 32
7 159
8 12
8 269
8 143
8 145
8 152
8 156
8 38
8 43
8 44
8 49
8 53
8 76
8 83
8 230
8 108
8 252
8 244
8 202
8 84
8 264
8 205
8 290
8 174
8 32
8 159
9 14
9 36
9 40
9 42
9 60
9 61
9 64
9 65
9 66
9 69
9 79
9 81
9 82
9 88
9 109
9 127
9 132
9 135
9 158
9 168
9 175
9 176
9 191
9 195
9 196
9 233
9 259
9 262
9 281
9 285
9 298
9 300
9 27
9 94
9 273
9 71
9 28
9 16
10 40
10 64
10 65
10 81
10 109
10 127
10 135
10 158
10 165
10 168
10 176
10 191
10 195
10 196
10 233
10 259
10 262
10 281
10 285
10 298
10 300
10 175
10 61
10 27
10 71
10 28
10 16
11 145
11 164
11 38
11 166
11 44
11 53
11 190
11 63
11 225
11 230
11 244
11 246
11 252
11 156
11 108
11 152
11 143
11 12
11 269
11 83
11 133
11 183
11 76
11 103
11 23
11 49
11 43
11 202
11 220
11 84
11 149
11 200
11 264
11 238
11 205
11 290
11 101
11 39
11 279
11 174
11 232
11 121
11 173
11 32
11 159
12 145
12 275
12 146
12 19
12 152
12 286
12 33
12 164
12 166
12 44
12 53
12 190
12 210
12 230
12 244
12 246
12 252
12 136
12 269
12 83
12 183
12 76
12 103
12 278
12 23
12 49
12 131
12 43
12 202
12 220
12 296
12 84
12 149
12 200
12 57
12 290
12 101
12 39
12 279
12 174
12 232
12 231
12 173
12 32
12 159
13 36
13 40
13 64
13 65
13 66
13 69
13 88
13 109
13 127
13 135
13 158
13 168
13 176
13 195
13 196
13 233
13 259
13 262
13 281
13 285
13 298
13 300
13 175
13 61
13 27
13 28
13 24
13 16
14 36
14 42
14 59
14 60
14 64
14 65
14 81
14 97
14 109
14 117
14 119
14 132
14 135
14 141
14 150
14 158
14 165
14 168
14 169
14 176
14 195
14 206
14 208
14 218
14 222
14 233
14 259
14 285
14 292
14 298
14 237
14 162
14 18
14 191
14 92
14 300
14 281
14 270
14 86
14 196
14 127
14 243
14 175
14 61
14 27
14 94
14 273
14 71
14 28
14 24
14 16
15 257
15 258
15 261
15 263
15 267
15 17
15 276
15 151
15 154
15 161
15 47
15 181
15 56
15 62
15 67
15 73
15 77
15 216
15 93
15 96
15 104
15 239
15 115
15 116
15 245
15 125
15 255
15 22
15 217
15 31
15 204
15 207
15 253
15 194
15 247
15 172
15 193
15 138
16 18
16 24
16 25
16 27
16 28
16 36
16 40
16 42
16 48
16 51
16 59
16 60
16 61
16 64
16 65
16 66
16 68
16 69
16 71
16 79
16 81
16 82
16 86
16 88
16 92
16 94
16 95
16 97
16 99
16 106
16 109
16 111
16 117
16 119
16 127
16 132
16 135
16 141
16 150
16 158
16 160
16 162
16 165
16 168
16 169
16 176
16 179
16 188
16 191
16 195
16 196
16 198
16 203
16 206
16 208
16 218
16 222
16 233
16 237
16 242
16 243
16 259
16 262
16 270
16 273
16 281
16 284
16 285
16 289
16 292
16 298
16 300
16 248
17 257
17 258
17 276
17 161
17 291
17 46
17 181
17 78
17 213
17 85
17 115
17 116
17 249
17 255
17 104
17 123
17 216
17 93
17 67
17 96
17 263
17 217
17 221
17 31
17 204
17 207
17 253
17 194
17 130
17 172
17 124
18 36
18 40
18 59
18 60
18 64
18 65
18 66
18 69
18 81
18 82
18 109
18 135
18 141
18 158
18 165
18 168
18 176
18 195
18 198
18 206
18 208
18 233
18 242
18 259
18 262
18 285
18 298
18 191
18 92
18 300
18 281
18 196
18 127
18 48
18 175
18 61
18 27
18 273
18 160
18 71
18 28
18 24
18 248
19 145
19 152
19 156
19 38
19 44
19 53
19 190
19 230
19 244
19 246
19 252
19 143
19 269
19 83
19 133
19 183
19 76
19 103
19 49
19 43
19 264
19 205
19 290
19 101
19 174
19 232
19 121
19 32
19 159
20 26
20 35
20 167
20 177
20 52
20 182
20 211
20 212
20 114
20 147
20 75
20 209
20 201
20 283
20 163
20 37
20 229
20 293
20 171
20 118
20 180
20 265
20 185
21 107
21 187
21 112
21 113
21 142
21 186
21 224
21 250
21 137
22 257
22 263
22 276
22 291
22 46
22 181
22 73
22 78
22 213
22 216
22 96
22 115
22 116
22 249
22 217
22 221
22 207
22 138
22 124
23 143
23 145
23 275
23 146
23 152
23 38
23 44
23 183
23 190
23 269
23 76
23 210
23 83
23 230
23 103
23 252
23 246
23 43
23 202
23 84
23 149
23 200
23 264
23 101
23 279
23 174
23 232
23 173
23 32
23 159
24 27
24 28
24 36
24 40
24 48
24 60
24 61
24 64
24 65
24 66
24 68
24 69
24 71
24 81
24 82
24 88
24 92
24 97
24 109
24 119
24 127
24 132
24 135
24 141
24 158
24 160
24 162
24 165
24 168
24 169
24 175
24 176
24 179
24 191
24 195
24 196
24 198
24 206
24 218
24 222
24 233
24 237
24 242
24 259
24 262
24 270
24 273
24 281
24 284
24 285
24 298
24 300
24 248
25 66
25 165
25 168
25 195
25 242
25 285
25 135
25 262
25 69
25 65
25 233
25 259
25 176
25 40
25 64
25 68
25 158
25 191
25 300
25 88
25 281
25 196
25 127
25 175
25 61
25 27
25 71
25 28
26 182
26 114
26 211
26 177
26 52
26 35
26 212
26 147
26 75
26 209
26 201
26 283
26 163
26 37
26 229
26 30
26 293
26 171
26 118
26 180
26 185
27 36
27 40
27 42
27 48
27 51
27 59
27 60
27 61
27 64
27 65
27 66
27 68
27 69
27 79
27 81
27 82
27 86
27 88
27 92
27 95
27 97
27 99
27 106
27 109
27 117
27 119
27 127
27 132
27 135
27 141
27 150
27 158
27 162
27 165
27 168
27 175
27 176
27 179
27 188
27 191
27 196
27 198
27 203
27 206
27 208
27 218
27 222
27 233
27 237
27 242
27 243
27 259
27 262
27 270
27 281
27 284
27 285
27 289
27 292
27 298
27 300
27 94
27 111
27 273
27 160
27 71
27 28
27 248
28 36
28 40
28 42
28 48
28 51
28 59
28 60
28 61
28 64
28 65
28 66
28 68
28 69
28 79
28 82
28 86
28 88
28 92
28 94
28 95
28 97
28 99
28 106
28 109
28 111
28 117
28 127
28 132
28 135
28 141
28 150
28 158
28 160
28 162
28 165
28 168
28 169
28 175
28 176
28 179
28 191
28 195
28 198
28 203
28 206
28 208
28 218
28 222
28 233
28 237
28 242
28 243
28 259
28 262
28 270
28 273
28 281
28 284
28 285
28 289
28 292
28 298
28 300
28 248
29 128
29 129
29 155
29 294
29 41
29 299
29 58
29 197
29 80
29 87
29 89
29 90
29 91
29 219
29 228
29 120
29 251
29 277
30 283
30 35
30 163
30 167
30 177
30 52
30 182
30 201
30 75
30 211
30 212
30 229
30 240
30 114
30 293
30 171
30 118
30 180
30 265
30 185
31 257
31 263
31 291
31 46
31 181
31 56
31 73
31 78
31 213
31 85
31 216
31 221
31 96
31 115
31 249
31 130
32 131
32 133
32 136
32 264
32 269
32 143
32 145
32 146
32 275
32 149
32 278
32 152
32 279
32 156
32 286
32 33
32 290
32 164
32 38
32 166
32 296
32 39
32 43
32 44
32 173
32 174
32 49
32 53
32 183
32 57
32 190
32 63
32 200
32 202
32 76
32 205
32 210
32 84
32 220
32 225
32 101
32 230
32 103
32 232
32 231
32 108
32 238
32 244
32 246
32 121
32 252
32 159
33 145
33 156
33 38
33 166
33 44
33 53
33 190
33 230
33 244
33 246
33 252
33 143
33 269
33 83
33 133
33 183
33 76
33 49
33 43
33 202
33 220
33 84
33 264
33 205
33 290
33 101
33 174
34 128
34 155
34 157
34 55
34 129
34 148
34 134
34 80
34 87
34 294
34 89
34 236
34 254
34 90
34 299
34 219
34 140
34 241
34 295
34 120
34 271
34 126
34 266
34 277
35 167
35 52
35 182
35 211
35 114
35 212
35 147
35 75
35 209
35 201
35 283
35 163
35 240
35 229
35 293
35 171
35 118
35 180
35 265
35 185
36 60
36 65
36 66
36 69
36 135
36 141
36 165
36 168
36 179
36 195
36 198
36 206
36 208
36 233
36 242
36 262
36 285
36 298
36 259
36 132
36 119
36 95
36 176
36 40
36 150
36 81
36 64
36 169
36 68
36 158
36 109
36 162
36 82
36 191
36 92
36 300
36 88
36 281
36 86
36 196
36 127
36 48
36 289
36 175
36 61
36 94
36 273
36 71
36 248
37 283
37 163
37 182
37 201
37 75
37 212
37 114
37 229
37 171
37 118
37 180
37 185
38 164
38 53
38 252
38 275
38 286
38 63
38 44
38 145
38 246
38 166
38 210
38 190
38 230
38 146
38 244
38 156
38 108
38 152
38 136
38 269
38 83
38 183
38 76
38 103
38 278
38 49
38 131
38 43
38 202
38 220
38 296
38 84
38 149
38 200
38 57
38 290
38 101
38 39
38 279
38 174
38 232
38 231
38 173
38 159
39 133
39 264
39 143
39 145
39 152
39 156
39 290
39 166
39 43
39 44
39 53
39 202
39 76
39 205
39 83
39 84
39 220
39 101
39 230
39 252
39 244
39 246
39 174
39 159
40 59
40 65
40 66
40 69
40 95
40 97
40 99
40 106
40 117
40 119
40 132
40 135
40 141
40 168
40 176
40 179
40 195
40 198
40 206
40 208
40 222
40 233
40 242
40 259
40 262
40 284
40 285
40 292
40 150
40 51
40 81
40 42
40 218
40 64
40 169
40 68
40 158
40 109
40 237
40 162
40 82
40 191
40 92
40 300
40 88
40 281
40 270
40 86
40 196
40 127
40 48
40 289
40 79
40 203
40 243
40 175
40 61
40 94
40 111
40 273
40 160
40 71
40 248
41 128
41 129
41 134
41 148
41 155
41 157
41 55
41 58
41 228
41 235
41 105
41 197
41 80
41 87
41 294
41 89
41 236
41 254
41 90
41 299
41 219
41 140
41 241
41 122
41 295
41 226
41 120
41 271
41 251
41 126
41 266
41 277
42 51
42 60
42 65
42 66
42 69
42 81
42 97
42 117
42 135
42 141
42 165
42 168
42 176
42 179
42 195
42 198
42 206
42 222
42 233
42 242
42 259
42 262
42 285
42 64
42 169
42 68
42 158
42 109
42 237
42 162
42 82
42 191
42 92
42 300
42 88
42 281
42 270
42 196
42 127
42 48
42 175
42 61
42 273
42 71
42 248
43 131
43 133
43 143
43 269
43 145
43 275
43 146
43 278
43 152
43 156
43 286
43 164
43 166
43 44
43 49
43 53
43 183
43 190
43 63
43 76
43 210
43 83
43 225
43 230
43 103
43 252
43 246
43 202
43 220
43 296
43 84
43 149
43 200
43 264
43 57
43 238
43 205
43 290
43 101
43 279
43 174
43 232
43 231
43 121
43 173
43 159
44 275
44 286
44 164
44 53
44 63
44 252
44 225
44 246
44 166
44 210
44 190
44 230
44 146
44 244
44 156
44 108
44 152
44 143
44 136
44 269
44 83
44 133
44 183
44 76
44 103
44 278
44 49
44 131
44 202
44 220
44 296
44 84
44 149
44 200
44 264
44 57
44 238
44 205
44 290
44 101
44 279
44 174
44 232
44 231
44 121
44 173
44 159
45 288
45 227
45 100
45 287
45 297
45 268
45 110
45 144
45 274
45 214
45 280
45 189
45 223
45 234
46 62
46 85
46 245
46 249
46 161
46 115
46 255
46 154
46 116
46 291
46 239
46 181
46 257
46 104
46 77
46 216
46 93
46 47
46 67
46 261
46 151
46 56
46 73
46 96
46 263
46 204
46 194
46 130
46 193
46 138
46 124
47 257
47 276
47 291
47 181
47 77
47 78
47 213
47 85
47 216
47 93
47 104
47 239
47 115
47 116
47 245
47 249
47 123
47 151
47 56
47 73
47 96
47 263
47 217
47 221
47 204
47 207
47 194
47 130
47 172
47 138
47 124
48 65
48 66
48 68
48 69
48 82
48 88
48 97
48 132
48 135
48 158
48 162
48 165
48 169
48 176
48 179
48 195
48 198
48 206
48 222
48 233
48 237
48 259
48 262
48 281
48 284
48 285
48 292
48 298
48 243
48 175
48 61
48 94
48 248
49 133
49 136
49 143
49 145
49 275
49 146
49 152
49 278
49 156
49 286
49 164
49 183
49 190
49 63
49 269
49 76
49 210
49 83
49 230
49 103
49 108
49 252
49 244
49 246
49 131
49 202
49 220
49 84
49 149
49 200
49 264
49 57
49 205
49 290
49 101
49 279
49 174
49 232
49 231
49 121
49 173
49 159
50 187
50 107
50 112
50 113
50 142
50 186
50 224
50 250
50 137
51 60
51 65
51 66
51 69
51 135
51 141
51 165
51 168
51 176
51 188
51 195
51 198
51 208
51 233
51 259
51 262
51 284
51 285
51 81
51 64
51 158
51 109
51 191
51 92
51 300
51 88
51 281
51 86
51 196
51 127
51 175
51 61
51 71
52 167
52 182
52 114
52 75
52 201
52 283
52 163
52 293
52 171
52 118
52 265
52 185
53 164
53 252
53 275
53 286
53 63
53 145
53 246
53 166
53 210
53 190
53 230
53 146
53 244
53 108
53 152
53 143
53 136
53 269
53 83
53 133
53 183
53 76
53 103
53 278
53 131
53 202
53 220
53 296
53 84
53 149
53 200
53 264
53 57
53 205
53 290
53 101
53 279
53 174
53 232
53 231
53 121
53 173
53 159
54 187
54 107
54 112
54 113
54 142
54 186
54 224
54 250
54 137
55 157
55 155
55 128
55 129
55 235
55 148
55 228
55 134
55 80
55 87
55 294
55 91
55 90
55 299
55 72
55 70
55 219
55 122
55 120
55 98
55 251
55 266
55 277
56 257
56 261
56 267
56 276
56 161
56 291
56 181
56 67
56 77
56 78
56 213
56 85
56 216
56 93
56 104
56 115
56 116
56 249
56 123
56 125
56 255
56 96
56 263
56 217
56 221
56 204
56 207
56 253
56 194
56 130
56 247
56 172
56 193
56 124
57 133
57 264
57 269
57 143
57 145
57 152
57 156
57 166
57 183
57 190
57 76
57 83
57 84
57 220
57 225
57 230
57 108
57 252
57 244
57 205
57 290
57 101
57 174
57 173
57 159
58 157
58 155
58 128
58 129
58 148
58 134
58 80
58 87
58 89
58 236
58 254
58 90
58 299
58 219
58 140
58 241
58 295
58 226
58 170
58 120
58 126
58 266
58 277
59 60
59 65
59 66
59 135
59 141
59 165
59 168
59 195
59 198
59 206
59 208
59 233
59 242
59 259
59 285
59 188
59 292
59 176
59 81
59 218
59 64
59 68
59 158
59 109
59 82
59 191
59 92
59 300
59 88
59 281
59 196
59 127
59 175
59 61
59 71
59 248
60 165
60 298
60 66
60 206
60 242
60 99
60 168
60 97
60 195
60 222
60 106
60 198
60 285
60 135
60 208
60 262
60 69
60 65
60 141
60 233
60 284
60 259
60 292
60 176
60 150
60 64
60 169
60 68
60 158
60 109
60 237
60 162
60 82
60 191
60 92
60 300
60 88
60 281
60 270
60 127
60 289
60 203
60 243
60 175
60 61
60 94
60 273
60 248
61 64
61 65
61 68
61 69
61 79
61 81
61 82
61 86
61 88
61 92
61 95
61 97
61 99
61 106
61 109
61 117
61 119
61 127
61 132
61 135
61 141
61 150
61 158
61 162
61 165
61 168
61 169
61 175
61 176
61 179
61 188
61 191
61 195
61 196
61 198
61 203
61 206
61 208
61 218
61 222
61 233
61 237
61 242
61 243
61 259
61 262
61 270
61 281
61 284
61 285
61 289
61 292
61 298
61 300
61 94
61 111
61 273
61 160
61 71
62 245
62 85
62 276
62 249
62 78
62 115
62 154
62 116
62 291
62 181
62 257
62 104
62 77
62 216
62 73
62 96
62 217
62 221
62 207
62 130
62 172
62 138
62 124
63 252
63 145
63 244
63 156
63 108
63 143
63 269
63 83
63 183
63 76
63 202
63 84
63 205
63 290
63 101
63 174
63 232
63 159
64 65
64 66
64 69
64 95
64 97
64 99
64 106
64 117
64 119
64 132
64 135
64 141
64 150
64 165
64 168
64 176
64 179
64 188
64 195
64 198
64 206
64 208
64 218
64 222
64 233
64 242
64 259
64 262
64 284
64 285
64 292
64 298
64 169
64 68
64 158
64 109
64 237
64 162
64 82
64 92
64 300
64 88
64 281
64 270
64 86
64 127
64 289
64 79
64 203
64 243
64 175
64 94
64 111
64 273
64 160
64 248
65 66
65 69
65 97
65 99
65 106
65 135
65 165
65 168
65 179
65 195
65 198
65 206
65 208
65 222
65 242
65 262
65 285
65 298
65 141
65 233
65 284
65 259
65 132
65 119
65 117
65 188
65 292
65 95
65 176
65 150
65 81
65 218
65 169
65 68
65 158
65 109
65 237
65 162
65 82
65 191
65 92
65 300
65 88
65 281
65 270
65 86
65 196
65 127
65 289
65 79
65 203
65 243
65 175
65 94
65 111
65 273
65 160
65 71
65 248
66 206
66 242
66 168
66 97
66 195
66 222
66 198
66 285
66 135
66 208
66 179
66 69
66 141
66 233
66 284
66 259
66 132
66 188
66 292
66 176
66 81
66 218
66 169
66 68
66 158
66 109
66 237
66 162
66 191
66 92
66 300
66 88
66 281
66 270
66 196
66 127
66 203
66 243
66 175
66 94
66 273
66 160
66 71
67 257
67 276
67 154
67 291
67 181
67 77
67 78
67 213
67 85
67 216
67 239
67 115
67 116
67 249
67 73
67 96
67 263
67 217
67 221
67 207
67 130
67 138
67 124
68 69
68 81
68 97
68 117
68 119
68 132
68 135
68 141
68 150
68 165
68 168
68 176
68 179
68 188
68 195
68 206
68 208
68 233
68 259
68 262
68 285
68 292
68 298
68 158
68 109
68 237
68 162
68 191
68 92
68 300
68 281
68 86
68 196
68 127
68 203
68 243
68 175
68 94
68 273
68 160
68 71
68 248
69 97
69 99
69 106
69 135
69 165
69 168
69 179
69 195
69 198
69 206
69 208
69 222
69 242
69 262
69 285
69 298
69 141
69 233
69 284
69 259
69 132
69 119
69 117
69 188
69 292
69 95
69 176
69 150
69 81
69 218
69 169
69 158
69 109
69 237
69 162
69 82
69 191
69 92
69 300
69 88
69 281
69 270
69 86
69 196
69 127
69 289
69 79
69 203
69 243
69 175
69 94
69 111
69 273
69 160
69 71
69 248
70 128
70 129
70 134
70 148
70 155
70 157
70 294
70 299
70 80
70 87
70 89
70 90
70 236
70 254
70 219
70 140
70 241
70 295
70 120
70 126
70 266
70 277
71 81
71 82
71 86
71 88
71 94
71 95
71 97
71 99
71 106
71 109
71 111
71 117
71 132
71 135
71 141
71 150
71 158
71 160
71 162
71 165
71 168
71 169
71 175
71 176
71 179
71 188
71 195
71 196
71 198
71 203
71 206
71 208
71 222
71 233
71 237
71 242
71 243
71 259
71 262
71 270
71 281
71 284
71 285
71 289
71 292
71 298
71 300
71 248
72 128
72 129
72 134
72 148
72 155
72 157
72 299
72 80
72 87
72 89
72 90
72 236
72 219
72 140
72 241
72 120
72 271
72 266
73 257
73 258
73 261
73 267
73 276
73 154
73 161
73 291
73 181
73 77
73 78
73 213
73 85
73 216
73 93
73 104
73 115
73 116
73 249
73 123
73 125
73 255
73 96
73 263
73 217
73 221
73 204
73 207
73 253
73 194
73 130
73 247
73 172
73 193
73 138
73 124
74 288
74 227
74 100
74 102
74 297
74 268
74 144
74 274
74 214
74 280
74 189
74 234
75 147
75 167
75 177
75 182
75 211
75 212
75 114
75 209
75 201
75 283
75 163
75 240
75 229
75 293
75 171
75 118
75 180
75 265
75 185
76 133
76 136
76 143
76 145
76 275
76 146
76 152
76 156
76 286
76 164
76 166
76 183
76 190
76 269
76 210
76 83
76 225
76 230
76 108
76 244
76 246
76 252
76 103
76 278
76 131
76 202
76 220
76 296
76 84
76 149
76 200
76 264
76 238
76 205
76 290
76 101
76 279
76 174
76 232
76 231
76 121
76 173
76 159
77 257
77 258
77 267
77 154
77 161
77 291
77 181
77 85
77 104
77 239
77 115
77 116
77 245
77 249
77 216
77 261
77 96
77 263
77 253
77 194
77 130
77 138
78 267
78 276
78 161
78 245
78 249
78 125
78 115
78 255
78 154
78 258
78 116
78 239
78 181
78 257
78 104
78 216
78 93
78 261
78 151
78 96
78 263
78 217
78 204
78 207
78 253
78 194
78 247
78 193
78 138
79 81
79 82
79 88
79 135
79 158
79 165
79 168
79 176
79 191
79 195
79 233
79 259
79 281
79 285
79 298
79 300
79 175
80 128
80 129
80 134
80 148
80 155
80 157
80 197
80 228
80 105
80 235
80 87
80 294
80 91
80 184
80 89
80 236
80 254
80 90
80 299
80 219
80 140
80 241
80 122
80 295
80 170
80 120
80 98
80 271
80 251
80 126
80 256
80 266
80 277
81 95
81 97
81 99
81 106
81 117
81 135
81 141
81 150
81 165
81 176
81 179
81 195
81 198
81 206
81 208
81 222
81 233
81 242
81 259
81 262
81 284
81 285
81 292
81 298
81 169
81 158
81 109
81 237
81 162
81 82
81 191
81 300
81 88
81 281
81 270
81 127
81 289
81 175
81 94
81 111
81 248
82 97
82 106
82 109
82 119
82 132
82 135
82 141
82 150
82 158
82 162
82 165
82 168
82 176
82 179
82 195
82 206
82 208
82 233
82 259
82 262
82 285
82 292
82 298
82 191
82 92
82 300
82 281
82 86
82 196
82 127
82 243
82 175
82 94
82 273
82 160
82 248
83 136
83 143
83 145
83 275
83 146
83 152
83 156
83 286
83 164
83 166
83 190
83 269
83 210
83 225
83 230
83 108
83 244
83 246
83 252
83 133
83 183
83 103
83 278
83 131
83 202
83 220
83 296
83 84
83 149
83 200
83 264
83 238
83 205
83 290
83 101
83 279
83 174
83 232
83 231
83 121
83 173
83 159
84 131
84 133
84 136
84 269
84 143
84 145
84 146
84 278
84 152
84 156
84 164
84 166
84 183
84 190
84 210
84 220
84 230
84 103
84 108
84 252
84 244
84 246
84 149
84 200
84 264
84 238
84 205
84 290
84 101
84 279
84 174
84 232
84 231
84 121
84 173
84 159
85 267
85 245
85 276
85 249
85 125
85 161
85 115
85 255
85 154
85 258
85 116
85 239
85 181
85 257
85 104
85 216
85 93
85 261
85 151
85 96
85 263
85 217
85 204
85 207
85 253
85 194
85 247
85 193
85 138
85 124
86 259
86 135
86 262
86 281
86 285
86 158
86 168
86 300
86 176
86 191
86 195
86 198
86 88
86 97
86 233
86 242
86 127
86 175
86 273
87 128
87 129
87 134
87 148
87 155
87 157
87 197
87 228
87 105
87 235
87 294
87 91
87 184
87 89
87 236
87 254
87 90
87 299
87 219
87 140
87 241
87 122
87 295
87 226
87 170
87 120
87 98
87 271
87 251
87 126
87 256
87 266
87 277
88 92
88 95
88 97
88 99
88 106
88 109
88 119
88 132
88 135
88 141
88 150
88 158
88 162
88 165
88 168
88 169
88 176
88 179
88 191
88 195
88 206
88 208
88 218
88 233
88 237
88 259
88 262
88 284
88 285
88 292
88 298
88 300
88 281
88 270
88 196
88 127
88 289
88 203
88 243
88 175
88 94
88 111
88 273
88 248
89 128
89 129
89 134
89 148
89 155
89 157
89 294
89 184
89 197
89 91
89 228
89 235
89 236
89 299
89 219
89 140
89 122
89 226
89 170
89 120
89 98
89 251
89 126
89 256
89 277
90 128
90 129
90 134
90 148
90 155
90 157
90 294
90 184
90 197
90 91
90 228
90 235
90 236
90 299
90 219
90 140
90 122
90 295
90 226
90 170
90 120
90 98
90 251
90 256
90 266
90 277
91 128
91 129
91 134
91 148
91 155
91 157
91 228
91 236
91 299
91 219
91 140
91 241
91 122
91 295
91 120
91 266
91 277
92 95
92 97
92 99
92 106
92 109
92 132
92 135
92 141
92 150
92 158
92 162
92 165
92 168
92 169
92 176
92 179
92 188
92 195
92 198
92 206
92 222
92 233
92 237
92 242
92 259
92 262
92 284
92 285
92 292
92 298
92 300
92 281
92 270
92 289
92 203
92 175
92 94
92 111
92 248
93 257
93 276
93 154
93 161
93 291
93 181
93 213
93 216
93 239
93 115
93 116
93 245
93 249
93 261
93 96
93 263
93 217
93 221
93 207
93 130
93 138
93 124
94 97
94 117
94 127
94 132
94 135
94 141
94 158
94 168
94 169
94 175
94 176
94 179
94 191
94 195
94 196
94 198
94 206
94 218
94 233
94 242
94 259
94 262
94 270
94 281
94 285
94 292
94 300
94 273
94 160
95 97
95 132
95 135
95 165
95 179
95 195
95 233
95 259
95 285
95 298
95 176
95 158
95 109
95 191
95 300
95 281
95 196
95 127
95 175
95 273
96 257
96 258
96 261
96 267
96 276
96 151
96 154
96 161
96 291
96 181
96 213
96 216
96 104
96 239
96 115
96 116
96 245
96 249
96 125
96 255
96 263
96 217
96 221
96 204
96 207
96 253
96 194
96 130
96 247
96 172
96 193
96 138
96 124
97 165
97 168
97 298
97 206
97 242
97 195
97 106
97 198
97 285
97 135
97 208
97 262
97 141
97 233
97 284
97 259
97 132
97 119
97 176
97 218
97 158
97 109
97 191
97 300
97 281
97 196
97 127
97 289
97 243
97 175
97 273
97 248
98 128
98 129
98 134
98 140
98 148
98 155
98 157
98 170
98 299
98 219
98 228
98 236
98 241
98 120
98 126
98 266
98 277
99 165
99 298
99 168
99 195
99 285
99 135
99 262
99 179
99 141
99 233
99 259
99 176
99 158
99 191
99 300
99 281
99 196
99 127
99 175
99 273
100 189
100 102
100 223
100 144
100 280
100 153
100 287
100 268
100 227
100 110
100 274
100 214
100 288
100 234
101 133
101 136
101 264
101 269
101 143
101 145
101 146
101 278
101 149
101 156
101 286
101 290
101 166
101 296
101 202
101 205
101 220
101 225
101 230
101 103
101 108
101 238
101 252
101 244
101 174
101 232
101 231
101 121
101 173
102 189
102 223
102 144
102 280
102 153
102 287
102 268
102 227
102 110
102 274
102 214
102 288
102 297
102 234
103 133
103 143
103 145
103 146
103 152
103 156
103 286
103 166
103 183
103 190
103 269
103 230
103 108
103 252
103 244
103 246
103 278
103 131
103 202
103 220
103 200
103 264
103 205
103 290
103 279
103 174
103 232
103 231
103 121
103 173
103 159
104 257
104 276
104 154
104 161
104 291
104 181
104 213
104 239
104 115
104 116
104 245
104 249
104 125
104 216
104 261
104 263
104 217
104 221
104 253
104 130
104 124
105 128
105 129
105 157
105 228
105 299
105 219
105 120
105 266
106 168
106 195
106 198
106 285
106 135
106 262
106 179
106 141
106 233
106 284
106 259
106 176
106 158
106 109
106 191
106 300
106 281
106 196
106 127
106 175
106 273
107 187
107 260
107 199
107 178
107 142
107 186
107 192
107 224
107 250
107 272
107 137
108 145
108 275
108 146
108 164
108 166
108 190
108 230
108 246
108 252
108 152
108 143
108 136
108 269
108 133
108 183
108 278
108 202
108 220
108 200
108 264
108 205
108 279
108 174
108 232
108 231
108 173
108 159
109 132
109 135
109 141
109 150
109 158
109 165
109 168
109 169
109 176
109 179
109 195
109 198
109 206
109 208
109 233
109 242
109 259
109 262
109 284
109 285
109 292
109 298
109 237
109 162
109 191
109 300
109 281
109 270
109 196
109 127
109 243
109 175
109 111
109 273
109 160
109 248
110 287
110 227
110 268
110 280
110 153
110 189
110 274
110 214
110 288
110 297
110 234
111 127
111 135
111 141
111 158
111 165
111 168
111 175
111 176
111 191
111 195
111 196
111 233
111 259
111 262
111 281
111 285
111 298
111 300
111 273
112 187
112 199
112 178
112 142
112 186
112 192
112 224
112 250
112 272
112 137
113 187
113 199
113 215
113 178
113 142
113 186
113 192
113 224
113 250
113 272
113 137
114 182
114 211
114 177
114 212
114 147
114 209
114 201
114 283
114 163
114 240
114 229
114 293
114 171
114 118
114 180
114 265
114 185
115 267
115 276
115 161
115 213
115 245
115 249
115 125
115 255
115 154
115 258
115 116
115 291
115 239
115 181
115 257
115 123
115 216
115 261
115 151
115 263
115 217
115 221
115 204
115 207
115 253
115 194
115 130
115 247
115 172
115 193
115 138
115 124
116 267
116 276
116 154
116 161
116 213
116 245
116 249
116 125
116 291
116 239
116 181
116 257
116 123
116 216
116 151
116 263
116 217
116 221
116 204
116 207
116 253
116 130
116 172
116 193
116 138
116 124
117 135
117 165
117 168
117 195
117 198
117 233
117 242
117 259
117 262
117 285
117 176
117 158
117 191
117 300
117 281
117 127
117 175
117 273
118 147
118 283
118 163
118 293
118 167
118 171
118 177
118 201
118 209
118 211
118 212
118 229
118 240
118 180
118 265
118 185
119 135
119 165
119 195
119 198
119 206
119 233
119 242
119 259
119 284
119 285
119 298
119 176
119 169
119 158
119 281
119 175
120 128
120 129
120 134
120 140
120 148
120 155
120 157
120 294
120 295
120 170
120 299
120 184
120 197
120 219
120 226
120 228
120 235
120 236
120 241
120 122
120 254
120 271
120 251
120 126
120 256
120 266
120 277
121 131
121 136
121 264
121 269
121 145
121 275
121 152
121 279
121 164
121 296
121 174
121 183
121 190
121 202
121 205
121 210
121 220
121 230
121 232
121 246
121 252
121 173
121 159
122 128
122 129
122 134
122 140
122 148
122 155
122 157
122 294
122 299
122 197
122 219
122 236
122 241
122 226
122 170
122 126
122 266
122 277
123 257
123 267
123 154
123 161
123 291
123 181
123 245
123 216
123 263
124 257
124 261
124 130
124 263
124 138
124 267
124 151
124 154
124 161
124 291
124 181
124 193
124 194
124 204
124 216
124 239
124 245
124 125
124 247
124 253
124 255
125 276
125 213
125 245
125 161
125 291
125 181
125 257
125 216
125 263
125 217
125 221
125 130
125 138
126 128
126 129
126 148
126 155
126 157
126 294
126 170
126 299
126 184
126 197
126 219
126 226
126 228
126 235
126 236
126 241
126 251
126 266
127 132
127 135
127 141
127 150
127 158
127 162
127 165
127 168
127 169
127 176
127 179
127 188
127 195
127 196
127 198
127 206
127 208
127 222
127 233
127 237
127 242
127 259
127 262
127 270
127 281
127 284
127 285
127 292
127 298
127 300
127 289
127 203
127 243
127 175
127 160
127 248
128 157
128 155
128 129
128 235
128 148
128 228
128 134
128 197
128 294
128 184
128 236
128 254
128 299
128 219
128 140
128 241
128 295
128 226
128 170
128 271
128 251
128 256
128 266
128 277
129 155
129 157
129 235
129 148
129 228
129 134
129 197
129 294
129 184
129 236
129 254
129 299
129 219
129 140
129 241
129 295
129 226
129 170
129 271
129 251
129 256
129 266
129 277
130 257
130 261
130 263
130 267
130 276
130 151
130 154
130 161
130 181
130 194
130 204
130 207
130 216
130 217
130 239
130 245
130 253
130 255
130 138
131 133
131 143
131 145
131 156
131 269
131 252
131 244
131 220
131 264
131 205
131 290
131 174
132 135
132 141
132 165
132 168
132 179
132 195
132 198
132 206
132 208
132 233
132 242
132 259
132 262
132 284
132 285
132 298
132 292
132 176
132 150
132 169
132 158
132 237
132 162
132 191
132 300
132 281
132 270
132 196
132 175
132 248
133 136
133 145
133 275
133 146
133 152
133 286
133 164
133 190
133 269
133 210
133 230
133 244
133 246
133 183
133 278
133 202
133 220
133 296
133 149
133 200
133 290
133 279
133 174
133 232
133 231
133 173
133 159
134 148
134 155
134 157
134 228
134 235
134 294
134 184
134 236
134 299
134 219
134 140
134 241
134 226
134 170
134 251
135 165
135 168
135 195
135 198
135 206
135 222
135 242
135 285
135 298
135 208
135 262
135 179
135 141
135 233
135 284
135 259
135 188
135 292
135 176
135 150
135 218
135 169
135 158
135 237
135 162
135 191
135 300
135 281
135 270
135 196
135 289
135 203
135 243
135 175
135 273
135 160
135 248
136 143
136 145
136 152
136 164
136 190
136 230
136 246
136 252
136 269
136 183
136 202
136 200
136 264
136 205
136 290
136 279
136 174
136 232
136 159
137 260
137 139
137 142
137 272
137 282
137 178
137 186
137 187
137 192
137 199
137 215
137 224
137 250
138 257
138 261
138 263
138 276
138 161
138 291
138 172
138 181
138 193
138 194
138 204
138 207
138 213
138 216
138 217
138 221
138 247
138 249
138 253
139 142
139 186
139 224
139 250
140 148
140 155
140 157
140 294
140 299
140 219
140 228
140 235
140 241
140 226
140 251
140 266
140 277
141 165
141 168
141 179
141 195
141 198
141 222
141 242
141 262
141 285
141 298
141 233
141 284
141 259
141 188
141 292
141 176
141 169
141 158
141 237
141 162
141 191
141 300
141 281
141 270
141 196
141 203
141 243
141 175
141 273
141 160
141 248
142 260
142 282
142 178
142 187
142 199
142 215
142 186
142 192
142 224
142 250
142 272
143 145
143 275
143 146
143 152
143 156
143 286
143 164
143 166
143 190
143 210
143 230
143 244
143 246
143 269
143 183
143 278
143 202
143 220
143 296
143 149
143 200
143 290
143 279
143 174
143 232
143 231
143 173
143 159
144 189
144 280
144 153
144 287
144 268
144 227
144 274
144 214
144 288
144 297
144 234
145 275
145 286
145 164
145 225
145 252
145 246
145 166
145 210
145 190
145 230
145 146
145 244
145 156
145 152
145 269
145 183
145 278
145 202
145 220
145 296
145 149
145 200
145 264
145 238
145 205
145 290
145 279
145 174
145 232
145 231
145 173
145 159
146 210
146 246
146 252
146 244
146 156
146 152
146 269
146 183
146 202
146 264
146 205
146 290
146 174
146 232
146 159
147 182
147 201
147 283
147 163
147 293
147 171
148 157
148 235
148 228
148 197
148 294
148 184
148 236
148 299
148 219
148 241
148 226
148 170
148 271
148 256
148 266
148 277
149 269
149 152
149 156
149 166
149 183
149 202
149 220
149 230
149 252
149 244
149 246
149 200
149 264
149 205
149 279
149 174
149 159
150 165
150 168
150 176
150 195
150 198
150 233
150 242
150 259
150 262
150 285
150 158
150 191
150 300
150 281
150 175
150 273
151 257
151 276
151 161
151 291
151 181
151 213
151 216
151 249
151 263
151 217
151 221
151 207
151 253
151 194
151 172
152 156
152 286
152 166
152 230
152 244
152 252
152 269
152 278
152 202
152 220
152 296
152 264
152 238
152 205
152 290
152 174
152 231
152 173
153 280
153 189
153 223
153 287
153 268
153 227
153 274
153 214
153 288
153 297
153 234
154 276
154 161
154 213
154 249
154 255
154 291
154 181
154 257
154 216
154 261
154 263
154 217
154 221
154 204
154 207
154 253
154 172
154 193
155 157
155 235
155 228
155 197
155 294
155 184
155 236
155 299
155 219
155 241
155 226
155 170
155 251
155 266
156 275
156 286
156 164
156 166
156 190
156 210
156 230
156 246
156 252
156 269
156 183
156 278
156 202
156 220
156 296
156 200
156 264
156 205
156 279
156 174
156 232
156 231
156 173
156 159
157 235
157 228
157 197
157 294
157 184
157 236
157 254
157 299
157 219
157 241
157 295
157 226
157 170
157 271
157 251
157 256
157 266
157 277
158 165
158 168
158 169
158 176
158 179
158 188
158 195
158 198
158 206
158 218
158 222
158 233
158 242
158 259
158 285
158 292
158 298
158 237
158 162
158 191
158 300
158 281
158 270
158 196
158 289
158 203
158 243
158 175
158 273
158 160
158 248
159 264
159 269
159 286
159 290
159 166
159 173
159 174
159 202
159 205
159 220
159 225
159 230
159 232
159 238
159 244
159 252
160 165
160 168
160 169
160 175
160 176
160 191
160 195
160 233
160 259
160 262
160 273
160 281
160 285
160 298
160 300
161 267
161 276
161 213
161 249
161 255
161 291
161 239
161 181
161 257
161 216
161 263
161 217
161 221
161 204
161 207
161 247
161 172
162 165
162 168
162 176
162 188
162 195
162 198
162 206
162 218
162 233
162 242
162 259
162 262
162 285
162 298
162 191
162 300
162 281
162 196
162 289
162 243
162 175
162 273
162 248
163 283
163 167
163 177
163 182
163 201
163 209
163 211
163 212
163 240
163 229
163 293
163 171
163 180
163 265
163 185
164 252
164 286
164 225
164 166
164 230
164 244
164 269
164 202
164 220
164 264
164 205
164 290
164 174
164 232
164 173
165 206
165 242
165 168
165 195
165 222
165 198
165 285
165 208
165 262
165 179
165 233
165 284
165 259
165 188
165 292
165 176
165 218
165 169
165 237
165 191
165 300
165 281
165 270
165 196
165 289
165 203
165 243
165 175
165 273
166 286
166 246
166 252
166 210
166 190
166 230
166 244
166 269
166 183
166 202
166 200
166 205
166 290
166 174
166 232
166 173
167 182
167 212
167 201
167 283
167 229
167 293
167 171
167 180
168 298
168 206
168 242
168 195
168 222
168 198
168 285
168 208
168 262
168 179
168 233
168 284
168 259
168 188
168 292
168 176
168 169
168 237
168 191
168 300
168 281
168 270
168 289
168 203
168 243
168 175
168 273
168 248
169 176
169 188
169 195
169 206
169 208
169 233
169 259
169 262
169 285
169 298
169 191
169 300
169 281
169 196
169 175
169 273
169 248
170 294
170 299
170 219
170 226
170 228
170 235
170 236
170 251
170 266
170 277
171 283
171 293
171 177
171 182
171 201
171 209
171 211
171 212
171 229
171 240
171 180
171 265
171 185
172 257
172 261
172 263
172 291
172 181
172 194
172 216
172 245
172 253
172 193
173 264
173 269
173 279
173 290
173 174
173 183
173 190
173 200
173 205
173 210
173 220
173 230
173 232
173 238
173 244
173 246
173 252
174 264
174 269
174 275
174 278
174 279
174 286
174 290
174 296
174 183
174 190
174 202
174 205
174 210
174 220
174 225
174 230
174 238
174 244
174 246
174 252
174 232
174 231
175 176
175 179
175 188
175 191
175 195
175 196
175 198
175 203
175 206
175 208
175 218
175 222
175 233
175 237
175 242
175 243
175 259
175 262
175 270
175 281
175 284
175 285
175 289
175 292
175 298
175 300
175 273
175 248
176 179
176 188
176 195
176 198
176 206
176 208
176 222
176 233
176 242
176 259
176 262
176 284
176 285
176 292
176 298
176 218
176 237
176 191
176 300
176 281
176 270
176 196
176 289
176 203
176 243
176 273
176 248
177 182
177 201
177 283
177 229
177 180
178 187
178 186
178 224
178 250
179 195
179 198
179 206
179 208
179 242
179 262
179 285
179 298
179 233
179 259
179 191
179 300
179 281
179 196
179 243
179 273
180 283
180 293
180 182
180 201
180 211
180 212
180 240
180 265
181 258
181 267
181 276
181 291
181 213
181 239
181 245
181 249
181 255
181 257
181 216
181 261
181 263
181 217
181 221
181 204
181 207
181 253
181 194
181 247
181 193
182 211
182 212
182 209
182 201
182 283
182 240
182 229
182 293
182 265
182 185
183 286
183 269
183 225
183 230
183 244
183 252
183 202
183 220
183 296
183 264
183 238
183 205
183 290
183 232
184 236
184 299
184 219
184 241
184 266
184 277
185 265
185 283
185 293
185 201
185 211
185 212
185 229
186 260
186 282
186 187
186 199
186 215
186 192
186 224
186 250
186 272
187 215
187 260
187 199
187 192
187 224
187 250
187 272
188 195
188 198
188 233
188 242
188 259
188 262
188 285
188 191
188 300
188 281
188 273
189 223
189 214
189 297
189 234
190 286
190 225
190 252
190 230
190 244
190 269
190 202
190 220
190 296
190 264
190 238
190 205
190 290
190 232
190 231
191 195
191 198
191 206
191 208
191 222
191 233
191 237
191 242
191 259
191 262
191 284
191 285
191 292
191 298
191 300
191 281
191 270
191 196
191 289
191 203
191 243
191 248
192 224
192 250
193 257
193 263
193 276
193 291
193 207
193 213
193 216
193 217
193 221
193 239
193 245
193 249
193 253
194 257
194 261
194 263
194 276
194 291
194 204
194 207
194 213
194 216
194 217
194 221
194 239
194 245
194 249
194 253
195 206
195 242
195 298
195 222
195 198
195 285
195 208
195 262
195 233
195 284
195 259
195 292
195 218
195 237
195 300
195 281
195 270
195 196
195 289
195 203
195 243
195 273
195 248
196 198
196 206
196 208
196 222
196 233
196 237
196 242
196 259
196 262
196 270
196 281
196 284
196 285
196 292
196 298
196 300
196 289
196 203
196 243
196 273
196 248
197 228
197 236
197 299
197 219
197 241
197 271
197 266
197 277
198 206
198 222
198 298
198 285
198 208
198 262
198 233
198 259
198 292
198 218
198 300
198 281
198 203
198 243
198 273
199 224
199 250
200 269
200 202
200 220
200 225
200 230
200 252
200 244
200 264
200 238
200 205
200 290
200 232
201 209
201 211
201 212
201 283
201 240
201 229
201 293
201 265
202 269
202 275
202 286
202 210
202 230
202 252
202 244
202 246
202 296
202 264
202 238
202 205
202 290
202 279
202 232
203 233
203 259
203 262
203 281
203 285
203 300
204 257
204 261
204 263
204 291
204 213
204 216
204 221
204 245
204 207
204 253
205 269
205 275
205 278
205 286
205 296
205 210
205 220
205 230
205 252
205 244
205 246
205 290
205 279
205 232
205 231
206 298
206 242
206 222
206 285
206 262
206 233
206 259
206 292
206 218
206 300
206 281
206 270
206 273
206 248
207 257
207 261
207 263
207 267
207 291
207 216
207 239
207 245
207 255
207 253
208 222
208 242
208 285
208 298
208 233
208 259
208 218
208 237
208 300
208 281
208 273
209 283
209 293
210 252
210 230
210 244
210 269
210 278
210 220
210 264
210 238
210 290
210 232
211 212
211 283
211 229
212 283
212 240
212 229
212 293
212 265
213 267
213 245
213 249
213 255
213 258
213 291
213 239
213 257
213 216
213 261
213 263
213 253
213 247
214 287
214 227
214 268
214 274
214 280
214 223
214 288
214 297
214 234
215 224
215 250
216 257
216 258
216 267
216 276
216 291
216 239
216 245
216 249
216 255
216 261
216 263
216 217
216 221
216 253
216 247
217 257
217 261
217 263
217 267
217 291
217 239
217 245
217 255
217 253
218 233
218 242
218 259
218 262
218 285
218 237
218 281
218 248
219 294
219 228
219 235
219 236
219 254
219 241
219 295
219 226
219 271
219 251
219 256
219 266
219 277
220 269
220 286
220 230
220 252
220 244
220 246
220 296
220 264
220 290
220 279
220 232
220 231
221 257
221 261
221 263
221 267
221 291
221 239
221 245
221 249
221 255
221 253
221 247
222 298
222 262
222 233
222 284
222 259
222 300
222 281
223 280
223 268
223 227
223 274
223 288
223 297
223 234
224 260
224 282
224 250
224 272
225 252
225 246
225 230
225 269
225 279
225 232
226 295
226 299
226 228
226 236
226 241
226 251
226 266
226 277
227 268
227 280
227 274
227 288
227 297
228 235
228 294
228 236
228 299
228 241
228 295
228 271
228 266
228 277
229 283
229 240
229 293
229 265
230 275
230 286
230 246
230 252
230 244
230 269
230 278
230 296
230 264
230 238
230 290
230 279
230 232
230 231
231 264
231 269
231 279
231 290
231 232
231 244
231 246
231 252
232 264
232 269
232 278
232 279
232 286
232 290
232 296
232 244
232 246
232 252
233 242
233 262
233 285
233 298
233 284
233 259
233 292
233 237
233 300
233 281
233 270
233 289
233 243
233 273
233 248
234 288
234 297
234 268
234 274
234 280
235 294
235 236
235 299
235 241
235 266
235 277
236 294
236 299
236 241
236 295
236 271
236 251
236 256
236 266
236 277
237 259
237 262
237 285
237 298
237 300
237 281
237 273
238 269
238 244
238 246
239 276
239 291
239 249
239 257
239 263
239 253
240 283
241 294
241 299
241 295
241 277
242 298
242 285
242 262
242 259
242 292
242 300
242 281
242 243
242 273
242 248
243 259
243 262
243 281
243 285
243 300
243 273
244 275
244 286
244 246
244 252
244 269
244 296
244 264
244 290
244 279
245 267
245 276
245 249
245 258
245 291
245 257
245 261
245 263
245 247
246 275
246 252
246 269
246 296
246 264
246 290
247 257
247 263
247 291
247 253
248 259
248 262
248 273
248 281
248 285
248 289
248 298
248 300
249 267
249 255
249 291
249 257
249 261
249 263
249 253
250 260
250 282
250 272
251 294
251 295
251 299
251 254
251 266
251 277
252 275
252 286
252 269
252 278
252 296
252 264
252 290
252 279
253 257
253 263
253 276
253 291
253 255
254 299
255 276
255 291
255 257
256 299
256 266
257 258
257 267
257 276
257 291
257 261
257 263
258 291
258 263
259 262
259 284
259 285
259 298
259 292
259 300
259 281
259 270
259 289
259 273
261 276
261 291
262 285
262 298
262 292
262 300
262 281
262 270
262 289
262 273
263 267
263 276
263 291
264 269
264 278
264 296
264 290
264 279
265 283
266 271
266 294
266 295
266 299
266 277
267 276
267 291
268 287
268 297
269 275
269 286
269 278
269 296
269 290
269 279
270 281
270 284
270 285
270 298
270 300
270 273
271 294
271 299
273 281
273 284
273 285
273 289
273 292
273 298
273 300
274 297
275 290
276 291
277 294
277 299
278 290
279 286
279 290
280 297
281 284
281 285
281 292
281 298
281 300
281 289
283 293
284 285
284 298
284 292
284 300
285 298
285 292
285 300
285 289
286 290
287 297
288 297
289 300
290 296
292 298
292 300
294 299
294 295
295 299
298 300
