heur056_n_300_m_12131
1 3
1 4
1 266
1 12
1 141
1 270
1 273
1 146
1 17
1 279
1 28
1 287
1 33
1 48
1 49
1 182
1 183
1 56
1 67
1 87
1 221
1 93
1 95
1 232
1 107
1 238
1 110
1 247
1 120
1 245
1 208
2 261
2 265
2 161
2 54
2 104
2 253
2 159
2 73
2 220
2 24
2 39
2 282
2 227
2 36
2 70
2 75
2 154
2 164
2 186
2 262
2 29
2 210
2 65
2 178
2 102
2 96
2 240
2 64
2 91
2 59
2 136
2 230
2 25
2 109
2 201
2 43
2 129
2 124
2 9
2 42
2 125
2 74
2 242
2 99
2 50
2 127
2 284
2 167
2 156
2 16
2 193
2 23
2 80
2 151
2 244
2 88
2 225
3 4
3 266
3 141
3 279
3 287
3 33
3 175
3 49
3 182
3 56
3 198
3 95
3 232
3 120
3 270
3 146
3 28
3 34
3 17
3 12
3 221
3 93
4 287
4 33
4 182
4 56
4 95
4 266
4 175
4 67
4 87
4 279
4 238
4 247
4 183
4 110
4 232
4 198
4 234
4 107
4 270
4 273
4 28
4 34
4 17
4 48
4 12
4 93
4 245
4 208
5 14
5 189
5 63
5 250
5 264
5 163
5 19
5 168
5 300
5 142
5 297
5 113
5 72
5 274
5 97
5 160
5 44
5 103
5 275
6 194
6 203
6 228
6 229
6 288
6 69
6 292
6 118
6 98
6 143
6 41
6 13
6 18
6 246
6 11
6 243
6 81
6 290
6 280
6 157
6 241
6 92
6 133
7 264
7 14
7 19
7 163
7 168
7 300
7 189
7 63
7 211
7 226
7 250
7 142
7 297
7 72
7 274
7 97
7 160
7 44
7 275
8 129
8 261
8 262
8 136
8 265
8 9
8 24
8 282
8 154
8 29
8 159
8 161
8 25
8 36
8 164
8 39
8 43
8 178
8 54
8 186
8 59
8 64
8 65
8 70
8 73
8 201
8 75
8 210
8 91
8 220
8 96
8 227
8 102
8 230
8 104
8 109
8 240
8 124
8 253
8 42
8 125
8 74
8 242
8 99
8 50
8 127
8 284
8 167
8 156
8 16
8 193
8 23
8 80
8 151
8 244
8 88
8 225
9 257
9 261
9 136
9 265
9 137
9 149
9 24
9 26
9 282
9 154
9 29
9 159
9 161
9 36
9 293
9 43
9 178
9 55
9 57
9 64
9 66
9 70
9 75
9 201
9 210
9 217
9 218
9 220
9 96
9 227
9 230
9 104
9 233
9 109
9 240
9 124
9 25
9 42
9 125
9 74
9 242
9 99
9 127
9 284
9 192
9 156
9 16
9 23
9 80
9 239
9 138
9 151
9 47
9 244
9 88
10 31
10 170
10 172
10 177
10 51
10 78
10 207
10 85
10 222
10 108
10 122
10 195
10 259
10 205
11 13
11 15
11 143
11 145
11 18
11 288
11 292
11 41
11 199
11 203
11 98
11 228
11 229
11 118
11 249
11 251
11 243
11 81
11 290
11 280
11 299
11 255
11 116
11 224
11 248
11 157
11 276
11 92
11 112
11 90
11 166
11 294
11 46
11 133
12 266
12 141
12 270
12 146
12 17
12 34
12 175
12 48
12 49
12 56
12 198
12 232
12 120
12 221
13 143
13 288
13 41
13 194
13 69
13 199
13 203
13 98
13 228
13 229
13 118
13 249
13 18
13 246
13 251
13 243
13 81
13 290
13 280
13 299
13 255
13 116
13 224
13 248
13 157
13 241
13 112
13 90
13 166
13 294
13 46
13 133
14 267
14 278
14 63
14 219
14 226
14 237
14 211
14 258
14 169
14 264
14 20
14 163
14 206
14 19
14 101
14 37
14 111
14 165
14 168
14 142
14 297
14 113
14 153
14 283
14 274
14 152
14 44
14 103
14 275
14 277
15 194
15 228
15 229
15 288
15 69
15 292
15 118
15 143
15 246
15 243
15 280
15 224
15 241
15 112
15 166
15 294
15 133
16 257
16 129
16 261
16 262
16 136
16 265
16 137
16 149
16 26
16 282
16 154
16 29
16 159
16 25
16 161
16 284
16 156
16 36
16 293
16 164
16 39
16 167
16 42
16 43
16 178
16 50
16 54
16 55
16 57
16 186
16 59
16 64
16 65
16 66
16 192
16 70
16 73
16 201
16 75
16 74
16 210
16 217
16 218
16 91
16 220
16 96
16 227
16 99
16 102
16 230
16 104
16 233
16 109
16 240
16 242
16 124
16 253
16 127
16 193
16 23
16 239
16 138
16 151
16 47
16 244
16 225
17 266
17 141
17 273
17 146
17 279
17 28
17 287
17 33
17 34
17 175
17 49
17 182
17 183
17 67
17 198
17 87
17 95
17 234
17 107
17 238
17 110
17 247
17 120
17 48
17 221
17 93
17 245
17 208
18 143
18 288
18 292
18 194
18 69
18 199
18 228
18 229
18 118
18 249
18 246
18 243
18 290
18 280
18 299
18 255
18 224
18 248
18 241
18 92
18 112
18 166
18 294
18 46
18 133
19 258
19 264
19 267
19 20
19 278
19 169
19 189
19 63
19 206
19 211
19 219
19 226
19 237
19 250
19 101
19 37
19 111
19 165
19 168
19 300
19 142
19 113
19 153
19 283
19 274
19 97
19 152
19 160
19 44
19 103
19 277
20 264
20 267
20 278
20 169
20 189
20 63
20 211
20 219
20 226
20 237
20 250
20 163
20 37
20 111
20 165
20 168
20 300
20 142
20 297
20 113
20 153
20 72
20 274
20 97
20 160
20 44
20 275
21 263
21 272
21 144
21 22
21 155
21 291
21 173
21 200
21 231
21 236
21 117
21 119
21 61
21 268
21 180
21 126
21 179
21 60
21 212
21 296
21 204
21 197
21 285
21 77
21 58
21 214
21 130
21 191
21 53
21 158
21 213
21 89
21 128
21 184
22 121
22 263
22 231
22 155
22 272
22 76
22 117
22 196
22 200
22 144
22 291
22 173
22 181
22 119
22 61
22 268
22 180
22 190
22 260
22 60
22 204
22 215
22 285
22 77
22 58
22 214
22 256
22 191
22 53
22 158
22 269
22 184
23 257
23 129
23 261
23 265
23 137
23 149
23 24
23 26
23 159
23 36
23 293
23 164
23 39
23 167
23 42
23 43
23 50
23 55
23 57
23 186
23 66
23 192
23 70
23 201
23 75
23 74
23 210
23 217
23 218
23 96
23 233
23 109
23 242
23 125
23 127
23 80
23 239
23 138
23 151
23 47
23 244
23 88
24 261
24 265
24 26
24 159
24 161
24 54
24 66
24 73
24 217
24 220
24 104
24 233
24 253
24 39
24 282
24 227
24 36
24 70
24 75
24 57
24 154
24 293
24 164
24 149
24 186
24 262
24 29
24 210
24 55
24 65
24 178
24 102
24 96
24 257
24 240
24 64
24 218
24 91
24 59
24 136
24 230
24 25
24 137
24 109
24 201
24 43
24 129
24 124
24 42
24 74
24 242
24 99
24 50
24 127
24 284
24 167
24 192
24 156
24 193
24 239
24 138
24 151
24 47
24 244
24 225
25 257
25 261
25 262
25 136
25 265
25 149
25 26
25 29
25 159
25 36
25 293
25 164
25 39
25 178
25 54
25 55
25 57
25 186
25 59
25 65
25 66
25 70
25 73
25 210
25 217
25 218
25 220
25 96
25 102
25 230
25 104
25 233
25 253
25 137
25 109
25 43
25 129
25 42
25 125
25 74
25 242
25 99
25 50
25 127
25 284
25 167
25 192
25 193
25 80
25 239
25 138
25 151
25 47
25 244
25 88
26 261
26 265
26 161
26 54
26 104
26 253
26 159
26 73
26 39
26 282
26 227
26 36
26 70
26 75
26 154
26 164
26 186
26 262
26 29
26 210
26 65
26 178
26 102
26 96
26 240
26 64
26 91
26 59
26 136
26 230
26 109
26 201
26 43
26 129
26 124
26 42
26 125
26 74
26 242
26 99
26 50
26 127
26 284
26 167
26 156
26 193
26 80
26 151
26 244
26 88
26 225
27 132
27 134
27 271
27 281
27 286
27 32
27 289
27 298
27 45
27 188
27 202
27 79
27 82
27 223
27 100
27 114
27 123
27 94
27 235
27 40
27 176
27 38
27 35
27 187
27 216
27 174
27 62
27 105
27 295
27 148
27 140
27 150
27 131
28 141
28 270
28 273
28 146
28 287
28 175
28 49
28 56
28 198
28 87
28 232
28 107
28 238
28 110
28 120
28 34
28 48
28 221
29 261
29 265
29 149
29 159
29 293
29 39
29 57
29 186
29 66
29 70
29 217
29 233
29 210
29 55
29 102
29 257
29 64
29 218
29 137
29 109
29 201
29 129
29 42
29 125
29 242
29 50
29 127
29 284
29 192
29 80
29 239
29 138
29 151
29 47
29 244
29 88
30 132
30 134
30 271
30 281
30 286
30 32
30 289
30 35
30 38
30 40
30 298
30 171
30 45
30 174
30 176
30 185
30 187
30 188
30 62
30 68
30 202
30 79
30 82
30 83
30 216
30 94
30 223
30 100
30 106
30 235
30 114
30 115
30 123
30 105
30 295
30 148
30 140
30 252
30 150
30 131
31 162
31 172
31 78
31 147
31 84
31 86
31 71
31 85
31 170
31 108
31 207
31 195
31 259
31 205
32 202
32 209
32 68
32 135
32 171
32 132
32 82
32 254
32 185
32 94
32 235
32 106
32 115
32 83
32 187
32 216
32 105
32 252
33 95
33 56
33 287
33 49
33 141
33 266
33 175
33 67
33 87
33 279
33 238
33 247
33 120
33 183
33 110
33 232
33 198
33 234
33 107
33 270
33 146
33 273
33 34
33 48
33 221
33 245
33 208
34 266
34 141
34 270
34 273
34 146
34 279
34 287
34 49
34 182
34 183
34 56
34 67
34 87
34 95
34 232
34 107
34 238
34 110
34 247
34 120
34 48
34 221
34 208
35 132
35 135
35 271
35 286
35 289
35 38
35 40
35 171
35 185
35 68
35 202
35 209
35 82
35 83
35 94
35 106
35 235
35 115
35 254
35 187
35 216
35 105
35 295
35 252
36 261
36 265
36 161
36 39
36 54
36 66
36 73
36 217
36 220
36 227
36 104
36 233
36 253
36 70
36 75
36 57
36 293
36 164
36 149
36 186
36 262
36 210
36 55
36 178
36 102
36 257
36 240
36 64
36 218
36 91
36 59
36 137
36 201
36 129
36 124
36 42
36 125
36 74
36 242
36 99
36 284
36 192
36 156
36 80
36 239
36 138
36 47
36 244
36 88
37 264
37 267
37 163
37 189
37 63
37 206
37 211
37 219
37 226
37 250
37 168
37 300
37 297
37 113
37 72
37 274
37 97
37 152
37 160
37 44
37 103
37 275
38 132
38 135
38 271
38 286
38 40
38 298
38 171
38 45
38 185
38 188
38 68
38 202
38 209
38 82
38 94
38 106
38 115
38 123
38 254
38 83
38 187
38 216
38 62
38 105
38 295
38 252
39 261
39 265
39 159
39 161
39 66
39 73
39 217
39 220
39 104
39 233
39 227
39 70
39 57
39 293
39 149
39 55
39 178
39 102
39 96
39 257
39 240
39 64
39 218
39 230
39 137
39 109
39 201
39 43
39 124
39 125
39 74
39 242
39 99
39 50
39 127
39 167
39 192
39 193
39 80
39 239
39 138
39 151
39 47
39 244
39 88
39 225
40 132
40 135
40 271
40 171
40 185
40 68
40 202
40 79
40 209
40 82
40 94
40 106
40 235
40 254
40 115
40 83
40 187
40 216
40 62
40 105
40 295
40 252
41 143
41 288
41 292
41 194
41 69
41 203
41 228
41 229
41 118
41 249
41 199
41 246
41 243
41 255
41 116
41 224
41 248
41 241
41 276
41 92
41 112
41 166
41 294
41 46
41 133
42 257
42 129
42 137
42 149
42 159
42 293
42 43
42 55
42 57
42 186
42 59
42 66
42 217
42 218
42 220
42 233
42 109
42 124
42 253
42 125
42 127
42 284
42 192
42 193
42 80
42 239
42 138
42 47
42 88
43 257
43 261
43 265
43 137
43 149
43 282
43 154
43 293
43 164
43 178
43 54
43 55
43 57
43 186
43 59
43 64
43 66
43 70
43 73
43 201
43 210
43 217
43 218
43 91
43 220
43 227
43 102
43 230
43 233
43 240
43 253
43 129
43 124
43 125
43 74
43 99
43 50
43 127
43 284
43 167
43 192
43 156
43 193
43 80
43 239
43 138
43 151
43 47
43 244
43 88
44 258
44 264
44 267
44 278
44 152
44 153
44 283
44 160
44 163
44 165
44 168
44 169
44 297
44 300
44 189
44 72
44 206
44 219
44 97
44 101
44 237
44 111
44 113
44 250
44 103
44 275
44 277
45 135
45 271
45 286
45 68
45 202
45 79
45 209
45 171
45 123
45 254
45 185
45 94
45 106
45 115
45 83
45 216
45 252
46 143
46 145
46 276
46 280
46 157
46 288
46 290
46 292
46 299
46 194
46 69
46 81
46 90
46 92
46 98
46 228
46 229
46 241
46 243
46 118
46 246
46 133
47 129
47 261
47 262
47 136
47 265
47 282
47 154
47 284
47 159
47 156
47 161
47 164
47 167
47 178
47 50
47 54
47 186
47 59
47 64
47 65
47 193
47 70
47 73
47 201
47 75
47 74
47 80
47 210
47 91
47 220
47 96
47 227
47 99
47 102
47 230
47 104
47 109
47 240
47 242
47 125
47 151
47 124
47 253
47 127
47 244
47 88
47 225
48 266
48 141
48 270
48 146
48 279
48 287
48 175
48 49
48 182
48 56
48 198
48 95
48 232
48 234
48 120
48 221
48 93
49 287
49 182
49 56
49 95
49 266
49 175
49 67
49 87
49 279
49 238
49 247
49 183
49 110
49 232
49 198
49 234
49 107
49 270
49 273
49 93
49 245
49 208
50 257
50 129
50 137
50 149
50 159
50 293
50 55
50 57
50 59
50 66
50 70
50 217
50 218
50 220
50 96
50 233
50 109
50 240
50 242
50 125
50 124
50 253
50 127
50 192
50 193
50 80
50 239
50 138
50 88
51 139
51 172
51 78
51 177
51 84
51 52
51 86
51 162
51 85
51 170
51 108
51 207
51 195
51 259
51 205
52 84
52 122
52 222
52 177
52 78
52 86
52 172
52 139
52 85
52 170
52 108
52 207
52 195
52 259
52 205
53 256
53 130
53 260
53 263
53 268
53 272
53 144
53 155
53 285
53 291
53 296
53 173
53 179
53 180
53 181
53 58
53 60
53 61
53 190
53 191
53 196
53 197
53 200
53 76
53 204
53 212
53 214
53 215
53 231
53 236
53 117
53 119
53 121
53 126
53 158
53 213
53 89
53 269
53 128
53 184
54 217
54 66
54 233
54 159
54 227
54 70
54 57
54 293
54 149
54 55
54 257
54 64
54 218
54 137
54 109
54 125
54 242
54 127
54 192
54 80
54 239
54 138
54 88
55 261
55 262
55 265
55 282
55 154
55 159
55 161
55 164
55 186
55 70
55 73
55 75
55 210
55 220
55 227
55 104
55 253
55 65
55 178
55 102
55 96
55 240
55 64
55 91
55 59
55 136
55 230
55 109
55 201
55 129
55 124
55 125
55 74
55 242
55 99
55 127
55 284
55 167
55 156
55 193
55 80
55 151
55 244
55 88
55 225
56 182
56 95
56 287
56 141
56 266
56 175
56 67
56 87
56 279
56 238
56 247
56 120
56 183
56 110
56 198
56 234
56 107
56 146
56 273
56 221
56 93
56 245
56 208
57 261
57 265
57 282
57 159
57 161
57 70
57 73
57 75
57 220
57 227
57 104
57 233
57 253
57 154
57 164
57 186
57 262
57 210
57 65
57 178
57 102
57 96
57 240
57 64
57 91
57 59
57 136
57 230
57 109
57 201
57 129
57 124
57 125
57 74
57 242
57 99
57 127
57 284
57 167
57 156
57 193
57 80
57 151
57 244
57 88
57 225
58 260
58 263
58 268
58 272
58 144
58 155
58 285
58 291
58 173
58 180
58 181
58 60
58 61
58 196
58 197
58 200
58 76
58 204
58 77
58 215
58 231
58 236
58 117
58 121
58 126
58 214
58 256
58 130
58 191
58 213
58 89
58 269
58 184
59 257
59 261
59 265
59 149
59 282
59 159
59 161
59 164
59 178
59 186
59 64
59 66
59 70
59 210
59 217
59 218
59 91
59 96
59 227
59 102
59 104
59 233
59 137
59 109
59 201
59 129
59 125
59 74
59 242
59 99
59 127
59 284
59 167
59 192
59 156
59 80
59 244
59 88
59 225
60 260
60 268
60 144
60 155
60 291
60 173
60 179
60 180
60 181
60 190
60 196
60 200
60 76
60 236
60 119
60 121
60 126
60 212
60 296
60 204
60 215
60 197
60 285
60 77
60 214
60 256
60 130
60 158
60 213
60 89
60 269
60 128
61 144
61 155
61 291
61 173
61 181
61 196
61 200
61 76
61 236
61 119
61 121
61 268
61 180
61 126
61 190
61 260
61 179
61 212
61 296
61 204
61 215
61 197
61 285
61 77
61 214
61 256
61 130
61 158
61 213
61 89
61 269
61 128
62 135
62 271
62 286
62 171
62 185
62 187
62 68
62 202
62 209
62 82
62 83
62 216
62 94
62 106
62 235
62 115
62 254
62 295
62 140
62 252
63 278
63 267
63 219
63 237
63 189
63 250
63 258
63 169
63 264
63 163
63 206
63 101
63 111
63 165
63 168
63 300
63 297
63 113
63 153
63 283
63 72
63 97
63 152
63 160
63 103
63 275
63 277
64 257
64 261
64 262
64 265
64 149
64 159
64 161
64 293
64 164
64 186
64 66
64 70
64 73
64 210
64 217
64 96
64 233
64 253
64 218
64 230
64 137
64 109
64 129
64 125
64 74
64 242
64 127
64 284
64 192
64 193
64 80
64 239
64 138
64 88
65 261
65 265
65 149
65 159
65 293
65 164
65 186
65 66
65 217
65 233
65 102
65 257
65 218
65 137
65 129
65 125
65 127
65 192
65 80
65 239
65 138
65 88
66 261
66 265
66 161
66 104
66 253
66 159
66 73
66 282
66 227
66 70
66 75
66 154
66 164
66 186
66 262
66 210
66 178
66 102
66 96
66 240
66 91
66 136
66 230
66 109
66 201
66 129
66 124
66 125
66 74
66 242
66 99
66 127
66 284
66 167
66 156
66 193
66 80
66 151
66 244
66 88
66 225
67 266
67 141
67 175
67 182
67 95
67 87
67 238
67 120
67 232
67 198
67 270
67 146
67 221
68 188
68 202
68 209
68 223
68 114
68 281
68 298
68 79
68 135
68 271
68 286
68 171
68 100
68 132
68 289
68 134
68 82
68 123
68 254
68 185
68 94
68 235
68 176
68 187
68 216
68 174
68 105
68 295
68 148
68 140
68 150
68 131
69 288
69 203
69 228
69 229
69 249
69 292
69 118
69 98
69 143
69 199
69 145
69 251
69 243
69 81
69 290
69 280
69 299
69 255
69 116
69 224
69 248
69 157
69 276
69 92
69 112
69 90
69 166
69 294
69 133
70 261
70 159
70 73
70 217
70 220
70 227
70 233
70 253
70 154
70 293
70 164
70 149
70 186
70 262
70 96
70 257
70 240
70 218
70 230
70 137
70 109
70 129
70 124
70 125
70 74
70 127
70 167
70 192
70 193
70 80
70 239
70 138
70 151
70 88
71 172
71 78
71 177
71 84
71 86
71 85
71 170
71 108
71 207
71 195
71 259
71 205
72 258
72 264
72 267
72 142
72 278
72 153
72 283
72 165
72 168
72 169
72 206
72 211
72 219
72 226
72 101
72 237
72 111
72 113
72 274
72 152
72 103
72 277
73 261
73 265
73 159
73 217
73 104
73 233
73 154
73 293
73 164
73 149
73 186
73 210
73 96
73 257
73 218
73 137
73 109
73 201
73 129
73 125
73 74
73 127
73 284
73 192
73 193
73 80
73 239
73 138
73 88
74 257
74 129
74 261
74 262
74 265
74 137
74 149
74 159
74 161
74 293
74 164
74 178
74 186
74 201
74 210
74 217
74 218
74 96
74 227
74 104
74 233
74 109
74 125
74 253
74 242
74 99
74 127
74 192
74 80
74 239
74 138
74 151
74 244
74 88
75 159
75 217
75 220
75 233
75 293
75 149
75 186
75 257
75 218
75 137
75 109
75 125
75 127
75 192
75 80
75 239
75 138
75 88
76 263
76 272
76 155
76 231
76 236
76 117
76 200
76 144
76 291
76 173
76 119
76 268
76 180
76 126
76 190
76 179
76 212
76 296
76 204
76 197
76 285
76 77
76 214
76 130
76 191
76 158
76 213
76 89
76 128
76 184
77 260
77 263
77 272
77 144
77 155
77 285
77 291
77 296
77 173
77 179
77 180
77 181
77 190
77 196
77 197
77 200
77 215
77 231
77 236
77 117
77 119
77 121
77 126
77 214
77 256
77 130
77 191
77 269
77 184
78 177
78 147
78 84
78 122
78 222
78 86
78 139
78 162
78 170
78 108
78 195
78 259
78 205
79 188
79 202
79 209
79 223
79 114
79 135
79 286
79 171
79 132
79 82
79 254
79 185
79 94
79 235
79 106
79 115
79 83
79 187
79 174
79 105
79 295
79 252
79 150
80 257
80 129
80 261
80 262
80 136
80 265
80 137
80 149
80 282
80 154
80 159
80 284
80 161
80 156
80 293
80 164
80 167
80 178
80 186
80 192
80 193
80 201
80 210
80 217
80 218
80 91
80 220
80 96
80 227
80 99
80 102
80 230
80 104
80 109
80 240
80 242
80 124
80 253
80 127
80 239
80 138
80 151
80 244
80 225
81 143
81 288
81 292
81 194
81 199
81 203
81 228
81 229
81 243
81 118
81 246
81 249
81 290
81 280
81 224
81 248
81 241
81 92
81 112
81 166
81 294
81 133
82 132
82 134
82 135
82 271
82 281
82 286
82 298
82 171
82 188
82 202
82 209
82 100
82 114
82 123
82 254
82 185
82 94
82 106
82 176
82 115
82 83
82 174
82 295
82 148
82 140
82 252
82 150
82 131
83 132
83 134
83 135
83 271
83 281
83 286
83 289
83 298
83 176
83 188
83 202
83 209
83 94
83 223
83 100
83 235
83 114
83 123
83 254
83 187
83 216
83 174
83 105
83 295
83 148
83 140
83 150
83 131
84 147
84 122
84 222
84 177
84 172
84 139
84 85
84 170
84 108
84 207
84 195
84 259
84 205
85 139
85 147
85 162
85 177
85 86
85 222
85 122
85 170
85 108
85 195
85 259
85 205
86 177
86 147
86 222
86 172
86 139
86 170
86 108
86 207
86 195
86 259
86 205
87 266
87 141
87 287
87 175
87 182
87 120
87 110
87 232
87 198
87 270
87 146
87 221
87 208
88 257
88 129
88 261
88 262
88 136
88 265
88 137
88 138
88 149
88 282
88 154
88 284
88 159
88 156
88 161
88 293
88 164
88 167
88 178
88 186
88 192
88 193
88 201
88 210
88 217
88 218
88 91
88 220
88 96
88 227
88 99
88 102
88 230
88 104
88 233
88 109
88 239
88 240
88 242
88 244
88 151
88 124
88 253
88 127
88 225
89 256
89 260
89 263
89 272
89 144
89 285
89 173
89 181
89 191
89 196
89 214
89 215
89 231
89 117
89 119
89 121
89 269
89 184
90 143
90 288
90 290
90 292
90 194
90 199
90 92
90 224
90 98
90 228
90 229
90 112
90 241
90 243
90 118
90 246
90 248
90 166
90 294
90 133
91 257
91 261
91 149
91 159
91 293
91 164
91 186
91 217
91 218
91 233
91 253
91 137
91 109
91 129
91 125
91 127
91 192
91 239
91 138
92 143
92 145
92 276
92 280
92 157
92 288
92 290
92 299
92 194
92 199
92 203
92 224
92 98
92 228
92 229
92 241
92 243
92 116
92 118
92 246
92 248
92 249
92 251
92 255
92 112
92 166
92 294
92 133
93 141
93 270
93 146
93 287
93 198
93 221
93 232
93 110
93 120
94 132
94 134
94 135
94 271
94 281
94 286
94 289
94 298
94 171
94 185
94 188
94 202
94 209
94 223
94 100
94 114
94 123
94 254
94 235
94 106
94 176
94 115
94 187
94 216
94 174
94 105
94 295
94 148
94 140
94 252
94 150
94 131
95 287
95 141
95 175
95 120
95 232
95 198
95 270
95 146
95 221
96 261
96 265
96 282
96 149
96 161
96 293
96 164
96 178
96 186
96 210
96 217
96 220
96 102
96 104
96 233
96 253
96 257
96 218
96 137
96 201
96 129
96 125
96 242
96 284
96 167
96 192
96 239
96 138
96 244
96 225
97 258
97 264
97 267
97 142
97 274
97 278
97 153
97 283
97 163
97 165
97 168
97 169
97 297
97 206
97 211
97 219
97 226
97 101
97 237
97 111
97 113
97 152
97 103
97 275
97 277
98 288
98 292
98 194
98 228
98 229
98 118
98 249
98 143
98 145
98 246
98 243
98 255
98 224
98 248
98 241
98 112
98 166
98 294
98 133
99 257
99 129
99 137
99 149
99 159
99 293
99 186
99 217
99 218
99 233
99 109
99 125
99 253
99 127
99 192
99 239
99 138
100 135
100 171
100 202
100 209
100 132
100 254
100 185
100 235
100 106
100 115
100 187
100 216
100 252
101 264
101 163
101 189
101 211
101 226
101 250
101 168
101 300
101 297
101 113
101 274
101 160
101 275
102 262
102 149
102 159
102 293
102 164
102 210
102 217
102 227
102 233
102 253
102 257
102 240
102 218
102 230
102 137
102 109
102 124
102 125
102 242
102 127
102 192
102 193
102 239
102 138
102 151
103 264
103 142
103 274
103 153
103 160
103 163
103 165
103 168
103 297
103 300
103 189
103 211
103 219
103 226
103 237
103 111
103 113
103 250
103 275
104 261
104 265
104 217
104 253
104 233
104 159
104 220
104 293
104 149
104 186
104 257
104 240
104 218
104 137
104 109
104 201
104 129
104 125
104 127
104 192
104 193
104 239
104 138
104 151
104 244
105 132
105 134
105 135
105 271
105 286
105 171
105 185
105 202
105 209
105 106
105 115
105 123
105 254
105 295
105 148
105 252
105 131
106 132
106 134
106 135
106 281
106 286
106 289
106 298
106 188
106 202
106 209
106 223
106 235
106 114
106 123
106 254
106 176
106 187
106 216
106 174
106 295
106 148
106 140
106 150
106 131
107 266
107 141
107 287
107 175
107 198
107 232
107 110
107 120
107 270
107 146
107 221
108 139
108 147
108 162
108 170
108 172
108 177
108 222
108 122
108 207
108 195
108 205
109 257
109 261
109 265
109 137
109 149
109 282
109 154
109 161
109 293
109 164
109 178
109 186
109 210
109 217
109 218
109 220
109 227
109 230
109 233
109 240
109 253
109 201
109 129
109 124
109 125
109 242
109 284
109 167
109 192
109 156
109 193
109 239
109 138
109 244
109 225
110 266
110 141
110 175
110 182
110 183
110 238
110 247
110 120
110 232
110 198
110 234
110 270
110 146
110 273
110 221
111 264
111 267
111 163
111 189
111 206
111 211
111 219
111 226
111 250
111 168
111 300
111 142
111 297
111 274
111 152
111 160
111 275
112 143
112 145
112 276
112 157
112 288
112 290
112 292
112 299
112 194
112 228
112 229
112 241
112 243
112 116
112 118
112 246
112 251
112 255
112 133
113 264
113 267
113 142
113 278
113 163
113 297
113 300
113 189
113 206
113 211
113 219
113 226
113 250
113 153
113 283
113 274
113 152
113 160
113 275
114 202
114 209
114 298
114 135
114 171
114 132
114 254
114 185
114 115
114 252
115 132
115 134
115 135
115 281
115 286
115 289
115 298
115 176
115 188
115 202
115 209
115 223
115 235
115 123
115 254
115 187
115 216
115 174
115 295
115 148
115 140
115 150
115 131
116 143
116 280
116 288
116 290
116 292
116 299
116 194
116 199
116 228
116 229
116 243
116 118
116 246
116 249
116 255
116 224
116 248
116 241
116 166
116 294
116 133
117 155
117 236
117 121
117 196
117 200
117 144
117 291
117 173
117 181
117 119
117 268
117 180
117 126
117 190
117 260
117 179
117 212
117 296
117 204
117 215
117 197
117 285
117 214
117 256
117 130
117 158
117 213
117 269
117 128
118 292
118 194
118 203
118 249
118 199
118 145
118 246
118 251
118 290
118 280
118 299
118 255
118 224
118 248
118 157
118 241
118 276
118 166
118 294
119 263
119 272
119 144
119 155
119 291
119 173
119 181
119 196
119 200
119 231
119 121
119 268
119 180
119 126
119 260
119 212
119 204
119 215
119 197
119 285
119 214
119 256
119 130
119 191
119 158
119 213
119 269
119 184
120 266
120 279
120 287
120 175
120 182
120 238
120 247
120 183
120 232
120 198
120 234
120 270
120 273
120 245
120 208
121 236
121 263
121 231
121 155
121 272
121 200
121 144
121 291
121 173
121 268
121 180
121 126
121 179
121 212
121 296
121 204
121 197
121 285
121 214
121 130
121 191
121 158
121 213
121 128
121 184
122 172
122 139
122 170
122 207
122 195
122 259
122 205
123 135
123 286
123 171
123 202
123 209
123 223
123 254
123 185
123 235
123 176
123 187
123 216
123 295
123 252
124 257
124 129
124 261
124 265
124 137
124 149
124 282
124 159
124 293
124 164
124 178
124 186
124 201
124 210
124 217
124 218
124 233
124 125
124 242
124 127
124 167
124 192
124 239
124 138
124 151
124 244
125 257
125 129
125 261
125 262
125 136
125 265
125 137
125 149
125 282
125 154
125 159
125 161
125 293
125 164
125 178
125 186
125 201
125 210
125 217
125 218
125 220
125 227
125 230
125 233
125 240
125 253
125 242
125 127
125 284
125 167
125 192
125 156
125 193
125 239
125 138
125 151
125 244
125 225
126 263
126 272
126 144
126 291
126 173
126 180
126 181
126 196
126 200
126 231
126 236
126 190
126 260
126 212
126 204
126 215
126 197
126 285
126 214
126 256
126 130
126 191
126 269
126 184
127 257
127 129
127 261
127 262
127 136
127 265
127 137
127 149
127 282
127 154
127 161
127 293
127 164
127 178
127 186
127 201
127 210
127 217
127 218
127 220
127 227
127 230
127 233
127 240
127 242
127 253
127 284
127 167
127 192
127 156
127 193
127 239
127 138
127 151
127 244
127 225
128 256
128 260
128 263
128 269
128 272
128 144
128 173
128 181
128 191
128 196
128 200
128 204
128 214
128 215
128 231
128 184
129 257
129 261
129 262
129 136
129 265
129 137
129 149
129 282
129 154
129 159
129 161
129 293
129 178
129 201
129 217
129 218
129 220
129 227
129 230
129 233
129 240
129 253
129 242
129 284
129 167
129 192
129 156
129 193
129 239
129 138
129 151
129 244
130 256
130 260
130 263
130 272
130 144
130 155
130 285
130 291
130 296
130 173
130 181
130 190
130 196
130 200
130 204
130 214
130 215
130 231
130 191
130 269
130 184
131 132
131 135
131 271
131 286
131 171
131 185
131 187
131 202
131 209
131 216
131 235
131 252
131 254
132 135
132 271
132 286
132 171
132 188
132 202
132 209
132 223
132 289
132 134
132 254
132 185
132 235
132 176
132 187
132 216
132 174
132 295
132 148
132 252
132 150
133 145
133 276
133 280
133 157
133 290
133 292
133 166
133 294
133 299
133 194
133 199
133 203
133 224
133 241
133 246
133 248
133 249
133 251
133 255
134 135
134 171
134 202
134 209
134 254
134 185
134 235
134 252
135 281
135 298
135 188
135 202
135 223
135 271
135 286
135 171
135 289
135 235
135 176
135 187
135 216
135 174
135 295
135 148
135 140
135 252
135 150
136 257
136 261
136 265
136 149
136 159
136 293
136 186
136 217
136 218
136 233
136 137
136 192
136 239
136 138
137 261
137 262
137 265
137 282
137 154
137 159
137 161
137 164
137 178
137 186
137 210
137 220
137 227
137 230
137 240
137 253
137 201
137 242
137 284
137 167
137 156
137 193
137 151
137 244
137 225
138 261
138 262
138 265
138 282
138 154
138 284
138 159
138 156
138 161
138 164
138 167
138 178
138 186
138 193
138 201
138 210
138 227
138 230
138 240
138 242
138 151
138 244
138 225
139 172
139 222
139 170
139 207
139 195
139 259
139 205
140 171
140 185
140 187
140 202
140 209
140 235
140 254
140 252
141 287
141 182
141 266
141 175
141 279
141 238
141 247
141 183
141 232
141 198
141 234
141 270
141 273
141 245
141 208
142 258
142 264
142 267
142 278
142 163
142 165
142 168
142 169
142 300
142 189
142 206
142 219
142 237
142 250
142 297
142 153
142 283
142 152
142 160
142 275
142 277
143 292
143 194
143 203
143 249
143 199
143 145
143 246
143 251
143 290
143 280
143 299
143 255
143 224
143 248
143 157
143 241
143 276
143 166
143 294
144 263
144 272
144 155
144 196
144 200
144 231
144 236
144 291
144 173
144 181
144 268
144 180
144 190
144 260
144 179
144 212
144 204
144 215
144 197
144 285
144 214
144 256
144 191
144 158
144 213
144 269
144 184
145 288
145 292
145 194
145 199
145 228
145 229
145 246
145 243
145 224
145 248
145 241
145 166
145 294
146 266
146 270
146 279
146 287
146 175
146 182
146 183
146 198
146 232
146 234
146 238
146 247
146 273
146 245
146 208
147 177
147 172
147 207
147 195
147 259
148 286
148 171
148 185
148 187
148 202
148 209
148 216
148 235
148 254
148 252
149 261
149 265
149 282
149 154
149 159
149 161
149 164
149 220
149 227
149 253
149 186
149 262
149 210
149 178
149 240
149 230
149 201
149 242
149 284
149 167
149 156
149 193
149 151
149 244
149 225
150 271
150 286
150 171
150 185
150 187
150 202
150 209
150 216
150 235
150 252
150 254
151 257
151 265
151 159
151 293
151 164
151 178
151 186
151 192
151 193
151 201
151 210
151 217
151 218
151 220
151 227
151 233
151 239
151 240
151 242
152 264
152 274
152 153
152 163
152 168
152 297
152 300
152 189
152 211
152 219
152 226
152 250
152 160
152 275
152 277
153 264
153 267
153 278
153 163
153 168
153 297
153 300
153 189
153 206
153 211
153 219
153 226
153 237
153 250
153 283
153 274
153 160
153 275
154 265
154 159
154 217
154 233
154 293
154 164
154 186
154 178
154 257
154 218
154 192
154 239
155 263
155 231
155 236
155 272
155 196
155 291
155 173
155 181
155 180
155 190
155 260
155 204
155 215
155 285
155 214
155 256
155 191
155 269
155 184
156 257
156 261
156 265
156 159
156 293
156 186
156 192
156 217
156 218
156 233
156 253
156 239
157 288
157 292
157 194
157 224
157 228
157 229
157 243
157 246
157 248
157 249
157 255
157 241
157 166
157 294
158 256
158 260
158 263
158 272
158 285
158 173
158 181
158 191
158 196
158 204
158 214
158 215
158 231
158 269
158 184
159 261
159 265
159 161
159 217
159 233
159 253
159 220
159 282
159 227
159 293
159 164
159 186
159 262
159 210
159 178
159 257
159 240
159 218
159 230
159 201
159 242
159 284
159 167
159 192
159 193
159 239
159 244
159 225
160 258
160 264
160 267
160 274
160 278
160 283
160 163
160 165
160 168
160 169
160 297
160 206
160 211
160 219
160 226
160 237
160 275
160 277
161 261
161 217
161 253
161 233
161 220
161 293
161 164
161 186
161 257
161 218
161 230
161 242
161 284
161 192
161 239
161 244
162 172
162 177
162 222
162 170
162 207
162 195
162 259
162 205
163 258
163 264
163 267
163 278
163 169
163 189
163 211
163 219
163 226
163 237
163 250
163 206
163 165
163 168
163 300
163 283
163 274
163 277
164 261
164 265
164 293
164 217
164 220
164 227
164 233
164 253
164 257
164 240
164 218
164 230
164 201
164 284
164 167
164 192
164 193
164 239
164 244
165 264
165 189
165 211
165 226
165 250
165 168
165 300
165 297
165 274
165 275
166 276
166 288
166 290
166 292
166 299
166 194
166 228
166 229
166 241
166 243
166 246
166 251
166 255
167 257
167 261
167 265
167 293
167 186
167 217
167 218
167 233
167 253
167 192
167 239
168 258
168 264
168 267
168 278
168 169
168 189
168 206
168 211
168 219
168 226
168 237
168 250
168 300
168 297
168 283
168 274
168 275
168 277
169 189
169 211
169 226
169 250
169 264
169 300
169 297
169 274
169 275
170 172
170 177
170 222
170 207
170 195
170 259
170 205
171 271
171 281
171 286
171 298
171 188
171 202
171 209
171 223
171 289
171 254
171 185
171 235
171 176
171 187
171 216
171 174
171 295
172 177
172 222
172 195
172 259
172 205
173 263
173 272
173 291
173 196
173 200
173 231
173 236
173 181
173 268
173 180
173 190
173 260
173 179
173 212
173 296
173 204
173 215
173 197
173 214
173 256
173 191
173 213
173 269
173 184
174 185
174 202
174 209
174 216
174 235
174 254
174 252
175 266
175 287
175 182
175 279
175 238
175 247
175 183
175 232
175 234
175 270
175 273
175 221
175 245
176 185
176 202
176 209
176 235
176 254
176 187
176 216
176 252
177 222
177 207
177 195
177 259
177 205
178 261
178 293
178 186
178 217
178 233
178 253
178 257
178 218
178 230
178 201
178 242
178 192
178 239
178 225
179 260
179 263
179 272
179 291
179 181
179 196
179 200
179 231
179 204
179 215
179 285
179 214
179 256
179 191
179 269
179 184
180 263
180 268
180 272
180 291
180 181
180 196
180 200
180 231
180 236
180 190
180 260
180 296
180 204
180 215
180 197
180 285
180 214
180 256
180 191
180 269
180 184
181 263
181 272
181 291
181 200
181 231
181 236
181 268
181 190
181 212
181 296
181 204
181 197
181 285
181 214
181 191
181 213
181 184
182 287
182 247
182 183
182 232
182 198
182 270
182 273
182 221
183 266
183 279
183 287
183 238
183 232
183 198
183 221
184 256
184 260
184 268
184 269
184 285
184 291
184 296
184 190
184 196
184 197
184 200
184 204
184 212
184 213
184 214
184 215
184 236
185 271
185 281
185 286
185 289
185 298
185 188
185 202
185 209
185 223
185 254
185 235
185 187
185 216
185 295
186 261
186 265
186 282
186 293
186 217
186 220
186 227
186 233
186 253
186 262
186 210
186 257
186 240
186 218
186 230
186 201
186 242
186 284
186 192
186 193
186 239
186 244
186 225
187 271
187 281
187 298
187 188
187 202
187 209
187 254
187 295
187 252
188 202
188 209
188 286
188 254
188 235
188 216
188 252
189 267
189 278
189 219
189 226
189 237
189 211
189 258
189 264
189 206
189 297
189 283
189 274
189 275
189 277
190 263
190 268
190 272
190 291
190 196
190 200
190 231
190 236
190 212
190 204
190 215
190 197
190 285
190 214
190 256
190 191
190 213
190 269
191 256
191 260
191 268
191 285
191 291
191 296
191 196
191 197
191 200
191 204
191 212
191 214
191 215
191 236
191 213
191 269
192 261
192 262
192 265
192 282
192 201
192 210
192 227
192 230
192 284
192 240
192 242
192 253
192 193
192 244
192 225
193 257
193 265
193 284
193 293
193 201
193 210
193 217
193 218
193 227
193 233
193 242
193 239
193 244
194 203
194 228
194 229
194 249
194 288
194 292
194 199
194 251
194 243
194 290
194 280
194 299
194 255
194 224
194 248
194 276
194 294
195 207
195 222
195 259
195 205
196 263
196 272
196 236
196 200
196 291
196 268
196 212
196 296
196 204
196 197
196 285
196 214
196 213
197 260
197 263
197 272
197 291
197 200
197 204
197 215
197 231
197 285
197 214
197 256
197 213
197 269
198 266
198 279
198 287
198 232
198 238
198 247
198 234
198 270
198 273
198 221
198 245
198 208
199 288
199 292
199 228
199 229
199 246
199 243
199 290
199 280
199 299
199 241
199 276
200 263
200 272
200 231
200 236
200 291
200 260
200 296
200 204
200 215
200 285
200 214
200 256
200 269
201 217
201 218
201 220
201 230
201 233
201 240
201 253
201 257
201 261
201 262
201 293
201 284
201 239
201 244
202 223
202 209
202 281
202 298
202 271
202 286
202 289
202 254
202 235
202 216
202 295
202 252
203 228
203 229
203 288
203 292
203 246
203 243
203 241
204 260
204 263
204 272
204 291
204 296
204 212
204 231
204 236
204 215
204 285
204 214
204 256
204 213
204 269
205 259
205 207
205 222
206 264
206 211
206 219
206 226
206 250
206 300
206 297
206 274
206 275
206 277
207 222
207 259
208 270
208 287
208 221
208 232
208 238
209 223
209 281
209 298
209 271
209 286
209 289
209 235
209 216
209 295
209 252
210 265
210 293
210 217
210 220
210 233
210 253
210 257
210 218
210 230
210 242
210 239
211 267
211 278
211 219
211 237
211 250
211 258
211 264
211 300
211 297
211 283
211 275
211 277
212 260
212 263
212 272
212 291
212 231
212 215
212 214
212 256
212 269
213 256
213 260
213 263
213 272
213 285
213 291
213 296
213 214
213 215
213 231
213 269
214 260
214 263
214 268
214 272
214 285
214 291
214 296
214 215
214 231
214 236
214 256
214 269
215 263
215 268
215 272
215 291
215 296
215 231
215 236
215 285
216 271
216 281
216 289
216 298
216 223
216 254
216 295
216 252
217 261
217 265
217 253
217 233
217 220
217 282
217 227
217 262
217 240
217 230
217 242
217 284
217 244
217 225
218 261
218 262
218 265
218 282
218 220
218 227
218 240
218 253
218 230
218 242
218 284
218 244
218 225
219 267
219 278
219 226
219 250
219 264
219 300
219 297
219 283
219 274
219 275
220 261
220 265
220 233
220 227
220 257
220 242
220 244
221 266
221 270
221 273
221 279
221 287
221 234
221 238
221 247
221 245
222 259
223 271
223 254
223 235
223 252
224 280
224 288
224 290
224 292
224 299
224 228
224 229
224 243
224 246
224 251
224 241
224 276
225 257
225 261
225 265
225 293
225 233
225 239
225 253
226 267
226 278
226 237
226 250
226 264
226 300
226 297
226 283
226 275
226 277
227 261
227 265
227 233
227 253
227 293
227 257
227 230
227 239
228 249
228 292
228 246
228 251
228 290
228 280
228 299
228 255
228 248
228 241
228 276
228 294
229 249
229 292
229 246
229 251
229 290
229 280
229 299
229 255
229 248
229 241
229 276
229 294
230 257
230 261
230 265
230 293
230 233
230 242
230 284
230 239
230 244
231 236
231 291
231 268
231 260
231 296
231 285
231 256
231 269
232 266
232 279
232 287
232 238
232 247
232 234
232 273
232 245
233 261
233 265
233 253
233 282
233 262
233 240
233 242
233 284
233 244
234 287
234 270
235 271
235 281
235 286
235 289
235 298
235 254
235 295
235 252
236 263
236 272
236 260
236 285
236 256
236 269
237 267
237 278
237 250
237 264
237 300
237 297
237 274
237 275
238 266
238 279
238 287
238 270
238 273
239 261
239 262
239 265
239 282
239 284
239 240
239 242
239 253
239 244
240 257
240 265
240 293
240 242
241 280
241 288
241 290
241 292
241 299
241 243
241 248
241 249
241 251
241 255
241 276
241 294
242 257
242 265
242 293
242 253
242 284
242 244
243 292
243 246
243 249
243 251
243 290
243 280
243 299
243 255
243 248
243 276
243 294
244 257
244 262
244 265
244 284
244 293
244 253
245 270
246 288
246 292
246 249
246 251
246 290
246 280
246 299
246 255
246 248
246 276
246 294
247 287
247 270
247 273
248 280
248 288
248 290
248 292
248 299
248 251
248 276
249 288
249 292
249 280
250 267
250 278
250 258
250 264
250 283
250 274
250 275
250 277
251 288
251 292
251 294
252 271
252 281
252 286
252 289
252 295
252 298
252 254
253 261
253 265
253 282
253 293
253 257
253 284
254 271
254 281
254 286
254 289
254 298
254 295
255 280
255 288
255 290
255 292
255 294
256 263
256 268
256 272
256 285
256 291
256 296
257 261
257 262
257 265
257 282
257 284
258 267
258 264
258 300
258 297
258 274
258 275
260 263
260 268
260 272
260 291
260 296
260 285
261 282
261 293
261 262
261 284
262 265
262 282
262 293
262 284
263 291
263 268
263 296
263 285
263 269
264 267
264 278
264 300
264 297
264 283
264 274
264 275
264 277
265 282
265 293
265 284
266 287
266 270
266 273
267 278
267 300
267 297
267 274
267 275
267 277
268 272
268 291
268 285
268 269
269 272
269 285
269 291
269 296
270 279
270 287
270 273
271 286
272 291
272 296
272 285
274 278
274 283
274 297
274 300
274 275
274 277
275 278
275 283
275 300
275 277
276 288
276 292
276 294
277 278
277 297
277 300
278 300
278 297
279 287
280 288
280 290
280 292
281 286
282 293
282 284
283 297
283 300
284 293
285 291
285 296
286 295
288 292
288 290
288 299
288 294
290 292
290 294
292 294
294 299
297 300
