heur051_n_300_m_20122
1 178
1 241
2 274
3 159
3 300
4 235
4 255
5 198
6 207
6 158
7 183
8 227
8 264
9 235
9 255
12 209
14 159
15 209
16 222
16 144
16 233
17 249
17 236
17 229
18 263
18 192
20 228
21 265
21 186
21 204
22 198
23 262
24 145
25 249
25 236
25 229
27 266
27 163
28 206
29 252
30 249
30 236
30 229
31 199
32 257
32 189
33 174
34 266
34 163
35 237
35 152
37 228
38 199
39 267
39 269
39 285
40 168
40 184
41 282
41 188
42 295
44 197
45 209
46 273
46 194
46 275
47 199
48 148
49 252
50 153
50 182
51 228
53 174
55 217
56 238
56 200
56 254
58 190
59 246
59 256
60 214
61 298
61 196
62 219
63 258
63 208
64 170
64 176
64 248
65 261
66 153
66 182
67 173
68 266
68 163
69 171
71 190
72 203
73 203
74 262
75 159
75 300
76 187
77 299
77 239
77 169
79 201
79 250
79 160
80 151
80 166
80 167
83 292
84 163
84 266
85 246
85 256
86 173
87 218
88 268
89 276
90 258
90 208
91 206
92 232
92 156
93 249
93 236
93 229
94 170
94 248
94 176
95 150
95 271
96 149
97 155
98 294
99 171
100 262
102 283
102 221
104 283
105 185
105 180
106 265
106 204
106 186
107 296
107 191
108 147
109 252
111 265
111 186
111 204
112 218
113 183
114 148
116 223
117 231
119 203
120 259
120 172
121 234
122 276
123 257
123 189
123 260
124 218
125 228
126 292
127 274
128 245
128 281
128 225
128 213
130 288
132 242
132 271
132 150
133 276
135 253
135 243
136 192
136 263
137 287
138 157
139 173
140 146
141 193
142 248
142 170
142 176
143 222
143 144
143 233
144 286
149 270
150 271
157 289
159 300
162 278
168 280
168 291
169 299
179 279
184 280
184 291
188 282
191 296
194 273
194 275
196 298
202 290
221 283
222 286
225 281
226 272
230 279
233 286
239 299
242 271
245 281
247 277
267 269
267 285
