heur049_n_300_m_17695
1 222
1 35
1 101
1 162
2 68
2 184
2 57
2 255
3 209
3 43
3 264
3 140
3 142
4 192
4 238
4 141
4 211
5 169
5 234
5 45
5 148
5 152
5 88
6 122
6 245
6 218
7 60
8 144
9 257
9 292
9 94
9 282
9 181
9 66
9 240
10 106
10 278
11 39
11 63
12 160
12 191
13 46
14 130
14 96
14 30
15 77
15 276
15 127
17 132
17 157
17 247
17 174
18 116
18 113
19 290
19 252
19 121
19 221
20 137
20 226
20 194
20 159
20 177
21 125
21 237
21 93
21 283
22 114
22 220
22 269
22 124
23 46
23 199
23 208
24 47
25 47
25 195
26 155
26 165
26 166
26 69
26 236
27 164
28 97
28 235
29 206
29 256
30 96
30 130
31 287
31 289
31 129
31 223
32 86
32 298
32 76
33 280
33 173
33 102
34 281
34 171
34 79
35 213
35 222
35 101
36 273
36 207
37 276
37 77
37 127
38 281
38 171
38 79
39 232
40 249
40 183
40 109
40 231
41 86
41 298
41 76
42 111
42 214
42 300
43 264
43 209
44 226
44 258
44 194
44 177
45 169
45 234
45 88
46 204
46 199
46 208
47 195
48 276
48 77
49 216
49 154
49 153
50 254
50 163
50 295
51 265
51 108
51 112
51 139
53 193
53 227
53 100
53 297
53 242
53 179
53 120
54 161
55 99
55 233
56 171
56 281
56 143
56 79
57 255
57 184
57 175
58 168
58 133
58 92
59 202
59 107
59 230
59 239
59 85
60 251
60 188
61 251
61 188
62 175
62 184
62 255
63 232
64 263
64 131
64 243
64 267
64 205
65 117
65 180
65 83
65 118
66 257
66 292
66 181
66 282
66 94
66 277
66 253
66 240
67 200
67 78
67 266
68 184
68 255
68 175
69 90
69 166
69 165
69 236
70 170
70 119
70 260
71 161
72 193
72 227
72 100
72 297
72 242
72 179
72 120
73 172
73 176
73 149
73 296
74 96
75 81
75 196
75 203
75 167
75 187
76 298
77 127
77 156
78 200
78 266
79 171
80 196
80 167
80 203
80 187
81 203
81 196
81 167
81 187
82 295
82 145
82 126
83 180
83 294
84 138
85 230
85 202
85 239
86 298
87 138
88 169
88 152
89 270
90 155
90 165
90 166
90 236
91 294
91 180
92 168
93 125
93 283
93 237
94 282
94 292
94 257
94 181
94 277
94 253
94 240
95 212
95 144
97 235
98 272
98 274
98 190
98 268
99 233
100 179
100 193
100 242
100 297
100 227
101 213
101 222
101 162
102 173
102 280
104 293
105 261
106 278
107 239
107 230
107 202
108 265
108 139
109 123
109 183
109 249
109 231
110 241
110 275
111 214
111 300
112 139
112 265
113 228
114 189
114 269
114 220
116 228
117 180
117 294
118 294
118 180
119 260
119 170
120 179
120 193
120 242
120 297
120 227
121 252
122 245
122 218
123 183
123 249
123 231
124 220
124 189
125 283
125 237
126 163
126 254
126 295
127 276
128 285
129 287
129 289
129 223
131 263
131 243
131 267
132 247
133 168
134 225
135 256
136 254
136 163
136 295
137 258
137 194
137 226
137 177
138 288
139 265
140 264
141 192
141 211
141 238
142 264
143 171
143 281
144 212
145 163
145 254
145 295
146 225
146 246
147 270
148 234
148 169
148 152
149 172
150 273
150 207
151 271
151 229
151 182
152 169
152 234
153 216
154 216
155 165
155 166
156 276
157 247
158 225
158 246
159 226
159 258
159 194
159 177
160 284
162 213
163 295
167 203
172 296
174 247
179 297
180 294
193 297
209 264
214 300
217 293
219 224
227 297
237 283
240 292
242 297
253 292
254 295
257 292
262 291
277 292
282 292
286 299
