heur049_n_300_m_17695
1 7
1 13
1 16
1 286
1 208
1 245
1 185
1 283
1 224
1 249
1 214
1 191
1 227
1 216
1 256
1 243
1 164
1 288
1 262
2 13
2 286
2 201
2 208
2 241
2 245
2 182
2 250
2 224
2 249
2 191
2 277
2 216
2 256
2 232
2 243
2 164
2 288
2 262
3 13
3 198
3 261
3 286
3 269
3 276
3 241
3 185
3 182
3 283
3 224
3 249
3 214
3 191
3 216
3 256
3 232
3 243
3 164
3 288
3 262
3 168
4 162
4 152
5 267
5 87
5 204
5 261
5 286
5 276
5 201
5 208
5 241
5 213
5 244
5 245
5 182
5 224
5 191
5 277
5 216
5 232
5 243
5 164
5 288
5 262
5 168
6 198
6 261
6 269
6 276
6 241
6 245
6 185
6 283
6 224
6 249
6 214
6 191
6 227
6 216
6 256
6 232
6 243
6 164
6 288
6 262
6 168
7 224
7 249
7 288
8 269
8 250
8 249
8 227
8 232
8 288
9 283
9 224
9 256
9 164
9 288
9 262
10 198
10 283
10 224
10 249
10 214
10 191
10 216
10 256
10 243
10 164
10 288
10 262
10 168
11 250
12 198
12 224
12 249
12 191
12 256
12 243
12 164
12 288
12 262
13 267
13 18
13 15
13 19
13 25
13 27
13 269
13 232
13 164
14 106
14 142
14 278
15 204
15 261
15 286
15 276
15 201
15 241
15 213
15 182
15 250
15 191
15 277
15 232
15 243
15 288
15 168
16 267
16 269
16 250
16 232
16 164
17 129
17 43
17 72
17 116
17 160
17 48
17 64
17 71
18 267
18 204
18 261
18 286
18 201
18 208
18 241
18 213
18 250
18 224
18 232
18 243
18 164
18 288
18 262
18 168
19 204
19 198
19 261
19 269
19 276
19 241
19 213
19 245
19 185
19 182
19 250
19 283
19 224
19 249
19 214
19 191
19 227
19 216
19 256
19 232
19 243
19 164
19 288
19 262
19 168
20 267
20 204
20 261
20 286
20 269
20 276
20 201
20 208
20 241
20 213
20 185
20 182
20 250
20 224
20 249
20 191
20 227
20 256
20 232
20 243
20 164
20 288
20 168
21 261
21 276
21 241
21 185
21 182
21 283
21 224
21 249
21 214
21 191
21 227
21 256
21 232
21 164
21 288
21 262
21 168
22 198
22 269
22 276
22 201
22 208
22 241
22 245
22 185
22 182
22 283
22 224
22 214
22 191
22 277
22 227
22 216
22 232
22 243
22 164
22 262
22 168
23 267
23 286
23 208
23 250
23 224
23 249
23 191
23 227
23 256
23 232
23 243
23 164
23 288
23 262
23 168
24 204
24 198
24 208
24 241
24 213
24 224
24 191
24 227
24 232
24 243
24 164
24 262
24 168
25 201
25 208
25 283
25 224
25 249
25 214
25 191
25 227
25 216
25 256
25 232
25 243
25 164
25 288
25 262
25 168
26 267
26 269
26 208
26 213
26 245
26 283
26 224
26 214
26 277
26 227
26 232
26 243
26 164
26 262
26 168
27 198
27 286
27 283
27 224
27 249
27 214
27 191
27 227
27 216
27 256
27 243
27 164
27 288
27 262
31 129
31 160
32 116
33 35
33 34
33 48
34 64
35 37
35 56
35 38
35 64
39 129
39 140
39 160
39 116
42 129
44 129
45 169
45 221
45 234
45 209
45 287
46 231
46 77
46 178
47 167
47 92
47 206
47 253
48 140
48 56
48 61
48 116
49 116
50 254
50 233
51 265
51 195
51 112
51 139
52 177
52 158
52 174
52 235
52 197
52 289
53 79
53 219
53 215
54 161
54 180
55 206
55 253
55 167
55 92
55 131
56 129
56 140
56 116
56 160
57 255
57 118
57 184
58 133
59 107
59 230
59 202
59 239
59 273
62 229
62 271
62 143
64 129
64 140
64 116
65 116
66 133
66 272
67 200
67 205
67 78
68 184
68 255
68 118
70 170
70 119
70 260
71 129
72 129
73 215
73 219
73 79
74 142
74 106
74 278
75 257
75 282
75 94
75 96
77 156
77 178
77 127
77 231
78 200
78 150
78 205
79 215
79 219
80 275
80 281
80 171
81 236
81 223
82 170
82 260
84 138
84 121
84 252
85 147
85 183
85 270
86 300
87 286
87 269
87 241
87 283
87 214
87 227
87 232
87 243
87 168
88 181
90 155
90 135
90 165
90 166
91 295
91 297
91 274
92 167
92 253
92 206
92 131
93 207
93 247
93 157
94 282
94 257
95 212
95 144
95 268
95 264
95 196
95 203
96 257
96 282
97 264
97 268
97 144
97 203
98 145
98 176
98 172
98 149
99 225
99 296
99 246
100 179
100 193
100 242
101 211
101 141
101 192
101 238
102 173
102 284
102 280
102 128
103 228
103 163
104 240
104 293
104 259
106 278
106 142
106 153
107 239
107 230
107 202
107 210
108 183
108 270
108 147
109 123
109 125
110 236
111 300
111 159
112 139
112 195
112 265
113 181
113 294
113 292
114 189
114 220
114 290
115 128
118 255
118 184
119 260
119 170
120 179
120 193
120 242
121 252
122 218
122 187
122 298
123 237
124 233
124 254
125 237
126 163
126 228
127 231
127 178
128 284
128 173
128 280
132 247
132 207
133 272
134 225
135 165
135 166
136 254
136 233
137 258
137 226
137 194
137 285
138 252
139 265
141 192
141 211
141 238
142 278
143 229
143 271
144 212
144 268
144 264
144 196
144 203
145 172
145 176
146 225
146 246
147 270
147 183
148 234
148 221
148 169
148 287
149 172
150 205
150 200
151 271
151 229
152 175
152 291
155 166
155 165
156 178
156 231
157 207
157 247
158 174
158 235
158 177
158 197
158 289
159 300
161 180
162 175
162 291
174 177
175 291
178 231
181 294
185 288
187 298
188 295
188 297
191 214
217 293
218 298
220 290
227 288
240 293
245 288
246 296
258 285
259 293
264 268
266 299
267 288
274 297
274 295
277 288
