heur051_n_300_m_20122
11 104
14 59
18 111
19 33
19 59
19 93
19 115
19 143
21 35
24 115
30 111
33 104
33 105
33 132
35 72
35 111
35 115
35 129
35 132
36 72
36 93
36 104
36 115
37 55
37 59
37 111
37 143
38 115
39 115
44 115
45 115
50 72
50 111
50 115
50 132
51 59
51 115
55 72
55 59
55 83
55 93
55 115
55 137
55 143
58 73
58 138
59 66
59 73
59 105
59 107
59 120
65 138
66 111
68 115
72 82
72 76
72 108
72 86
72 106
72 114
72 117
72 120
72 127
72 138
73 111
73 115
73 143
74 120
76 111
76 115
79 115
82 132
83 114
83 132
93 99
93 95
93 107
93 138
99 104
99 115
99 132
101 111
104 108
104 107
104 114
104 117
104 138
105 115
106 115
107 115
107 143
111 114
111 120
114 115
114 132
115 120
115 124
115 128
115 140
120 143
142 142
144 153
147 193
150 152
150 153
150 157
150 201
150 193
151 193
152 258
152 172
153 179
153 183
153 155
153 160
153 258
153 170
153 213
153 184
153 186
153 194
153 197
154 160
154 252
154 213
155 176
155 185
155 187
156 172
157 187
158 170
160 233
164 193
165 188
165 193
167 170
167 172
167 265
170 193
170 233
172 185
172 233
176 188
177 258
179 193
180 201
182 193
183 193
184 193
186 201
187 213
187 232
187 188
187 191
187 193
188 258
191 258
191 255
193 258
193 208
193 198
197 201
199 213
201 255
202 252
203 254
204 299
206 280
206 284
207 276
209 276
211 268
212 285
213 233
214 272
216 297
217 258
219 294
220 300
221 295
222 295
223 274
224 286
225 294
226 272
227 289
228 241
228 270
229 269
230 290
231 285
232 255
232 233
233 237
234 275
235 237
237 255
238 282
239 299
241 270
242 297
244 286
245 281
246 287
246 293
247 277
247 279
249 296
249 278
251 290
255 265
257 274
260 291
260 283
262 292
263 275
264 289
266 281
267 269
280 284
