heur049_n_300_m_17695
1 159
1 45
1 73
1 75
1 218
1 222
1 226
1 103
1 296
1 53
1 95
1 62
1 117
2 201
2 86
3 36
3 164
3 92
3 136
3 13
3 64
3 139
4 122
4 208
4 56
4 212
4 152
5 194
5 285
6 72
6 109
7 39
7 270
7 145
7 118
7 60
7 154
7 273
8 122
8 147
8 152
9 129
9 135
9 160
9 278
9 258
9 156
9 35
10 226
10 103
10 222
10 45
10 75
10 218
10 159
10 73
10 88
10 53
10 95
10 62
10 117
11 120
11 34
11 32
11 146
12 199
12 83
12 247
12 120
12 113
12 32
13 164
13 36
13 136
13 92
13 64
13 139
14 294
14 45
14 75
14 218
14 222
14 223
14 226
14 103
14 159
14 73
14 189
14 88
14 296
14 53
14 95
14 62
14 117
15 137
15 78
15 123
15 252
15 126
16 158
16 33
17 231
17 104
17 141
17 90
17 191
17 48
17 213
17 288
17 290
17 264
18 81
18 221
18 284
18 203
19 161
19 202
19 106
19 298
19 172
19 246
19 54
19 217
19 279
19 57
20 210
20 276
20 28
20 102
20 149
20 237
21 97
21 112
21 261
21 130
22 81
22 284
22 203
23 36
23 164
23 92
23 136
23 64
23 139
24 131
24 171
24 240
24 116
24 157
24 46
24 49
24 262
25 32
25 199
25 113
25 242
25 83
25 247
25 120
25 146
26 153
26 230
26 167
26 71
26 50
27 66
27 28
27 149
27 237
28 210
28 276
28 102
28 149
28 237
29 224
29 257
29 236
30 110
30 174
30 179
30 243
30 188
30 259
30 209
30 87
30 100
30 121
30 248
30 198
31 155
31 110
31 174
31 179
31 188
31 243
31 259
31 209
31 87
31 100
31 76
31 121
31 248
31 198
32 199
32 113
32 242
32 83
32 247
32 120
32 146
33 274
33 245
33 287
33 268
34 199
34 247
34 113
34 242
35 192
35 258
35 115
35 278
36 164
36 92
36 139
37 110
37 174
37 179
37 188
37 243
37 259
37 209
37 87
37 100
37 121
37 248
37 198
38 184
38 283
38 206
38 176
39 227
39 196
39 166
39 241
39 145
39 118
39 270
39 211
39 154
39 273
40 205
40 84
40 250
40 190
41 215
41 251
41 249
42 250
42 190
42 84
42 205
43 168
43 79
43 233
43 282
43 253
44 110
44 174
44 179
44 188
44 243
44 259
44 209
44 87
44 100
44 76
44 121
44 198
45 226
45 294
45 222
45 223
45 75
45 218
45 159
45 189
45 88
45 296
46 131
46 171
46 207
46 240
46 157
46 260
46 262
47 134
47 215
47 249
47 251
48 191
48 231
48 104
48 213
48 288
48 290
48 292
48 264
49 131
49 260
49 171
49 207
49 240
49 116
49 262
50 114
50 185
50 230
50 167
50 153
51 193
51 98
51 293
51 101
51 232
51 105
51 183
52 132
52 197
52 137
52 78
52 252
52 126
53 159
53 294
53 296
53 189
53 88
53 218
53 222
53 223
53 226
53 103
53 95
53 117
54 217
54 202
54 106
54 246
54 279
54 298
54 161
54 172
55 191
55 104
55 231
55 213
55 288
55 290
55 292
55 264
56 208
56 212
56 147
56 152
57 202
57 106
57 246
57 279
57 217
57 298
57 172
58 280
58 133
58 165
58 182
58 216
58 93
58 271
58 175
58 108
58 99
58 89
59 184
59 283
59 206
59 176
60 227
60 196
60 166
60 241
60 118
60 270
60 154
60 273
61 193
61 98
61 293
61 101
61 232
61 105
61 183
62 223
62 226
62 294
62 296
62 95
62 88
62 218
62 189
62 222
62 117
63 195
63 228
63 169
63 289
64 164
64 136
64 92
64 139
65 110
65 174
65 179
65 188
65 243
65 259
65 209
65 100
65 76
65 248
65 198
66 102
66 210
66 276
66 237
67 256
67 269
67 194
67 214
67 285
68 110
68 155
68 174
68 179
68 188
68 243
68 259
68 209
68 87
68 121
68 248
68 198
69 224
69 257
69 236
70 110
70 174
70 179
70 188
70 243
70 259
70 209
70 87
70 100
70 76
70 121
70 248
70 198
71 230
71 167
71 111
71 114
71 185
71 153
72 109
73 159
73 294
73 218
73 226
73 88
73 296
73 95
74 132
74 197
74 78
74 123
74 252
75 294
75 222
75 223
75 226
75 103
75 218
75 189
75 88
75 296
75 95
75 117
76 155
76 179
76 209
76 121
77 299
77 138
77 272
78 197
78 137
78 252
78 126
78 123
79 168
79 233
79 282
79 253
80 229
80 177
80 235
80 300
80 255
80 281
81 221
81 284
81 203
82 220
82 127
82 263
82 225
82 297
82 267
82 275
83 199
83 247
83 242
84 150
84 250
84 190
84 205
85 229
85 235
85 300
85 281
85 255
86 201
86 140
87 155
87 179
87 243
87 121
88 159
88 218
88 223
88 296
89 165
89 295
89 271
89 182
89 280
89 216
90 191
90 213
90 124
90 292
90 264
91 229
91 177
91 235
91 255
92 164
92 136
92 139
93 165
93 295
93 182
93 280
93 216
93 175
94 229
94 177
94 235
94 300
94 142
94 255
94 281
95 159
95 294
95 296
95 218
95 222
95 226
96 173
97 254
97 219
97 261
97 238
98 293
98 232
98 183
98 193
99 165
99 295
99 271
99 175
99 182
99 280
100 155
100 174
100 179
100 188
100 209
100 243
100 121
100 198
101 293
101 232
101 183
101 148
102 149
102 237
103 226
103 223
103 294
103 218
103 159
103 189
104 141
104 191
104 231
104 213
104 124
104 288
104 292
104 264
105 293
105 232
105 183
105 148
106 202
106 279
106 217
106 298
106 161
106 172
107 200
107 170
107 204
107 239
108 165
108 295
108 175
108 182
108 280
110 155
110 179
110 188
110 243
110 209
110 121
110 198
111 185
111 230
111 167
111 153
112 254
112 219
112 261
112 130
112 238
113 247
113 242
113 146
114 185
114 230
114 167
115 129
115 258
115 278
115 156
116 171
116 207
116 260
116 262
117 159
117 294
117 296
117 189
117 218
117 223
117 226
118 227
118 196
118 241
118 166
118 145
118 270
118 154
118 273
119 170
119 239
120 199
120 247
120 242
120 146
121 259
121 174
121 179
121 209
121 243
121 248
121 198
122 291
122 208
122 212
123 132
123 197
123 252
124 231
124 213
124 191
124 288
124 290
124 292
124 264
125 195
125 228
125 169
125 289
126 197
126 252
127 181
127 220
127 263
127 225
127 297
127 267
127 275
128 244
128 187
128 266
128 180
129 192
129 258
130 261
130 219
130 254
131 171
131 240
131 207
131 262
132 197
132 252
133 216
133 295
133 182
133 165
133 280
133 271
133 175
134 251
135 192
135 258
136 164
137 197
137 252
138 299
138 272
139 164
140 201
141 191
141 231
141 213
141 288
141 290
141 292
141 264
142 229
142 235
142 300
142 177
142 255
142 281
143 283
143 184
144 178
144 277
144 234
144 163
144 265
145 227
145 196
145 166
145 241
145 270
145 211
146 242
146 247
147 291
147 208
147 212
148 293
149 210
149 276
149 237
150 250
150 205
151 250
151 190
152 291
152 208
152 212
153 230
154 227
154 196
154 166
154 270
154 241
154 211
154 273
155 179
155 188
155 243
155 259
155 209
155 248
156 192
156 258
156 278
157 171
157 207
157 260
157 262
158 274
158 245
158 287
158 268
159 294
159 218
159 222
159 223
159 226
159 189
161 246
161 217
161 279
161 172
162 169
162 195
162 228
162 289
163 178
172 298
174 179
174 259
175 295
177 300
180 244
182 295
183 293
189 294
189 296
191 292
191 264
194 256
199 247
202 298
203 284
208 291
211 273
212 291
213 292
216 295
217 298
218 294
218 296
220 297
222 294
222 296
223 294
223 296
225 297
226 294
226 296
229 300
231 292
231 264
232 293
235 300
255 300
256 285
264 292
271 295
272 299
279 298
280 295
281 300
288 292
290 292
