heur050_n_300_m_19207
2 109
3 268
3 54
3 278
3 86
3 273
5 228
5 274
6 295
6 117
7 187
8 94
8 161
8 162
8 121
8 280
9 291
9 287
9 68
9 58
10 258
10 180
10 78
10 44
11 299
11 55
12 65
12 67
12 261
12 147
12 166
12 168
13 67
13 65
13 145
13 168
14 203
14 188
14 108
14 89
14 170
14 163
15 204
15 52
16 292
16 73
16 141
16 87
17 244
17 260
18 152
19 282
19 298
19 47
19 250
20 294
20 56
21 236
21 283
21 173
23 185
24 226
26 211
26 123
26 96
26 148
27 256
27 96
27 123
28 291
28 229
28 60
28 287
28 68
28 58
28 191
29 82
29 84
29 119
29 154
30 228
30 70
30 274
31 165
31 52
32 100
32 199
32 233
32 296
32 46
32 218
32 269
32 215
33 297
33 158
34 115
34 76
35 238
35 297
35 64
35 158
35 253
36 96
36 247
36 211
36 123
37 67
37 65
37 168
38 159
41 100
41 199
41 296
41 269
41 46
41 62
42 267
42 156
42 216
43 175
43 281
43 284
44 258
44 180
45 167
45 267
45 216
45 156
46 199
46 232
46 233
46 296
46 206
46 207
46 277
46 215
47 282
47 298
47 178
47 250
47 223
47 106
47 221
48 289
48 220
49 160
49 275
49 179
49 248
50 164
50 135
50 202
50 110
50 120
51 300
51 140
52 204
52 165
52 146
53 249
53 138
53 127
54 278
54 268
54 273
55 299
55 196
56 294
56 242
56 212
56 255
58 291
58 227
58 229
58 153
58 186
58 287
58 191
59 174
59 113
59 128
59 126
60 291
60 186
60 287
60 191
61 225
61 133
62 199
62 232
62 233
62 296
62 206
62 207
62 218
62 269
63 237
63 286
64 297
64 238
64 158
65 261
65 147
65 241
65 145
65 201
65 166
65 168
66 139
66 263
67 261
67 118
67 147
67 241
67 145
67 201
67 166
68 291
68 227
68 229
68 186
68 287
68 153
68 191
69 299
69 196
70 228
70 274
71 272
71 286
71 237
71 90
72 171
72 189
72 131
73 292
73 231
73 230
73 141
73 239
74 254
74 103
74 222
75 300
75 140
76 257
76 169
76 115
76 159
77 225
77 133
78 234
78 258
78 180
78 129
79 138
79 249
79 124
79 132
79 127
79 92
80 245
80 175
80 224
80 284
80 281
80 98
81 193
81 290
81 197
82 119
82 154
83 289
83 220
84 154
85 285
85 144
85 102
85 219
85 176
86 268
86 213
86 278
86 125
86 273
87 292
87 259
87 231
87 230
87 141
87 239
88 237
88 272
88 90
88 286
89 265
89 172
89 214
89 188
89 170
89 163
90 286
91 210
91 195
92 132
92 138
92 249
93 226
93 262
94 161
94 162
95 293
95 205
95 288
96 256
96 247
96 211
96 183
96 148
97 177
97 142
98 266
98 175
98 245
98 281
98 284
100 199
100 233
100 232
100 296
100 206
100 207
100 218
100 269
100 215
101 217
101 235
102 144
102 285
102 219
102 176
104 226
104 262
105 172
105 188
105 170
106 178
106 282
106 223
106 221
107 139
107 263
108 203
108 172
108 188
108 214
108 170
108 163
109 177
109 142
110 202
110 164
110 135
111 288
111 293
111 205
111 208
112 228
113 174
113 276
114 157
114 155
115 246
115 159
115 169
116 203
116 172
116 170
116 214
116 188
116 163
117 192
117 295
117 137
118 261
118 147
118 241
118 145
118 166
118 168
119 154
120 164
120 202
121 161
121 162
121 280
122 235
122 243
122 217
123 183
123 148
124 138
124 132
125 213
126 174
127 132
127 138
129 258
129 234
129 180
130 192
130 295
130 198
130 137
131 171
131 189
132 249
135 149
138 249
139 263
139 279
141 259
141 292
141 231
145 261
145 241
146 204
147 261
147 241
147 201
148 256
148 247
148 211
149 202
152 270
153 291
153 229
153 287
156 267
158 238
158 253
159 257
159 246
160 275
160 248
161 280
162 280
163 265
163 214
165 204
166 261
166 241
167 267
167 216
168 261
168 241
169 257
169 246
170 265
170 203
170 214
172 265
173 283
173 236
175 266
175 281
178 298
178 250
178 223
179 248
180 234
180 258
183 256
183 247
184 246
186 287
186 291
186 229
188 265
191 291
191 229
195 210
196 299
199 233
199 232
199 206
199 207
199 218
199 277
199 215
201 261
203 265
205 293
205 288
206 296
206 277
206 269
207 296
207 277
207 269
208 293
208 288
211 256
211 247
212 294
212 255
213 278
213 273
214 265
215 269
215 277
216 267
217 252
218 296
218 277
218 269
219 285
220 289
221 298
221 250
221 282
222 254
223 298
223 250
223 282
224 266
224 284
224 281
226 264
226 262
227 291
227 287
228 274
229 291
229 287
230 259
230 292
231 259
231 292
232 296
232 277
232 269
233 296
233 277
233 269
234 258
236 283
237 272
237 286
238 297
238 253
239 259
239 292
240 271
241 261
242 294
242 255
243 252
244 260
245 266
245 284
245 281
250 298
250 282
253 297
255 294
259 292
266 284
266 281
269 296
272 286
277 296
281 284
