heur046_n_300_m_13150
1 128
1 20
1 84
1 249
1 82
1 176
1 198
2 257
2 258
2 142
2 17
2 25
2 154
2 32
2 164
2 298
2 42
2 175
2 56
2 59
2 193
2 194
2 74
2 203
2 207
2 214
2 219
2 99
2 101
2 232
2 126
2 221
2 120
2 125
2 46
2 224
2 199
2 55
2 66
2 21
2 183
2 124
2 216
2 278
2 87
2 293
2 253
2 265
2 283
2 22
2 18
2 16
3 257
3 142
3 32
3 175
3 56
3 64
3 80
3 214
3 219
3 101
3 221
3 120
3 224
3 66
3 81
3 216
3 87
3 235
3 283
3 16
4 130
4 5
4 6
4 7
4 138
4 266
4 268
4 269
4 15
4 143
4 24
4 28
4 157
4 158
4 288
4 291
4 294
4 38
4 169
4 41
4 300
4 172
4 180
4 53
4 184
4 58
4 65
4 200
4 201
4 77
4 78
4 85
4 228
4 229
4 102
4 107
4 239
4 118
4 251
4 252
4 159
4 171
4 123
5 130
5 6
5 134
5 138
5 268
5 15
5 147
5 24
5 157
5 158
5 160
5 288
5 28
5 291
5 294
5 38
5 300
5 172
5 173
5 177
5 180
5 184
5 58
5 188
5 62
5 200
5 201
5 77
5 78
5 85
5 228
5 229
5 102
5 239
5 240
5 242
5 251
5 65
5 266
5 48
5 269
5 53
5 89
5 271
5 107
5 169
5 286
5 143
5 7
5 118
5 110
5 231
5 225
5 255
5 252
5 41
5 260
5 159
5 171
5 13
5 123
5 256
6 130
6 160
6 180
6 184
6 102
6 77
6 200
6 24
6 300
6 8
6 15
6 85
6 239
6 268
6 147
6 62
6 229
6 50
6 291
6 294
6 188
6 134
6 78
6 172
6 251
6 228
6 201
6 242
6 157
6 288
6 38
6 86
6 177
6 158
6 58
6 138
6 173
6 240
6 150
6 28
6 178
6 65
6 266
6 48
6 247
6 269
6 33
6 53
6 89
6 271
6 107
6 169
6 286
6 143
6 7
6 118
6 110
6 231
6 225
6 255
6 252
6 41
6 260
6 159
6 171
6 13
6 123
6 256
7 130
7 134
7 8
7 138
7 266
7 268
7 269
7 15
7 271
7 143
7 147
7 150
7 24
7 157
7 158
7 160
7 288
7 28
7 291
7 33
7 286
7 294
7 38
7 169
7 300
7 172
7 173
7 48
7 177
7 50
7 178
7 180
7 53
7 184
7 58
7 188
7 62
7 65
7 200
7 201
7 77
7 78
7 85
7 86
7 89
7 228
7 229
7 102
7 107
7 239
7 240
7 242
7 247
7 251
7 118
7 110
7 231
7 225
7 255
7 252
7 41
7 260
7 159
7 171
7 13
7 123
7 256
8 130
8 180
8 102
8 15
8 85
8 229
8 291
8 78
8 228
8 201
8 242
8 157
8 38
8 158
8 28
8 65
8 269
8 53
8 107
8 143
8 118
8 252
8 41
8 159
8 171
9 132
9 262
9 264
9 137
9 145
9 148
9 156
9 285
9 161
9 34
9 290
9 166
9 168
9 40
9 299
9 174
9 181
9 182
9 187
9 61
9 195
9 197
9 75
9 79
9 233
9 112
9 241
9 113
9 244
9 94
10 128
10 20
10 165
10 176
10 249
11 128
11 98
11 108
11 20
11 249
11 236
11 292
11 190
11 84
11 141
11 82
11 176
11 165
11 198
12 129
12 14
12 144
12 297
12 170
12 47
12 54
12 57
12 60
12 71
12 215
12 93
12 223
12 96
12 115
12 116
13 266
13 269
13 15
13 143
13 24
13 28
13 157
13 158
13 291
13 294
13 38
13 41
13 171
13 300
13 180
13 65
13 201
13 78
13 85
13 229
13 107
13 118
13 252
14 273
14 170
14 189
14 93
14 115
14 185
14 71
14 223
14 96
14 60
14 70
14 129
14 297
14 122
14 267
15 24
15 160
15 300
15 180
15 200
15 77
15 102
15 239
15 62
15 229
15 50
15 294
15 188
15 134
15 172
15 201
15 242
15 157
15 288
15 177
15 158
15 138
15 173
15 240
15 150
15 28
15 178
15 65
15 266
15 247
15 269
15 33
15 53
15 89
15 271
15 107
15 169
15 286
15 118
15 110
15 231
15 255
15 252
15 260
15 159
15 171
16 257
16 258
16 136
16 265
16 142
16 17
16 274
16 18
16 276
16 21
16 278
16 22
16 25
16 154
16 283
16 32
16 164
16 293
16 296
16 298
16 42
16 46
16 49
16 55
16 56
16 183
16 59
16 64
16 193
16 194
16 66
16 199
16 74
16 203
16 207
16 80
16 81
16 214
16 87
16 216
16 91
16 221
16 220
16 224
16 99
16 101
16 232
16 235
16 120
16 253
16 124
16 125
16 126
17 257
17 258
17 142
17 25
17 32
17 175
17 64
17 80
17 214
17 232
17 207
17 276
17 219
17 194
17 42
17 126
17 221
17 120
17 296
17 46
17 274
17 224
17 66
17 21
17 91
17 81
17 124
17 216
17 87
17 49
17 235
17 293
17 253
17 283
17 136
17 220
18 257
18 265
18 142
18 274
18 276
18 283
18 32
18 293
18 298
18 46
18 175
18 49
18 59
18 64
18 193
18 66
18 207
18 80
18 81
18 214
18 87
18 216
18 219
18 91
18 221
18 224
18 232
18 235
18 120
18 253
18 124
18 126
18 136
18 220
19 137
19 148
19 34
19 181
19 103
19 270
19 121
19 75
19 156
19 290
19 112
19 182
19 299
19 113
19 145
19 174
19 246
19 153
19 233
19 92
19 285
19 61
19 168
19 264
19 195
19 244
19 152
19 73
19 262
19 40
20 128
20 146
20 249
20 284
20 236
20 292
20 190
20 204
20 84
20 141
20 36
20 211
20 82
20 176
20 165
20 198
21 257
21 142
21 274
21 276
21 154
21 32
21 298
21 42
21 175
21 56
21 59
21 64
21 207
21 80
21 214
21 219
21 221
21 224
21 101
21 232
21 120
21 91
21 183
21 124
21 216
21 87
21 49
21 235
21 283
21 220
22 257
22 142
22 274
22 276
22 283
22 32
22 298
22 46
22 175
22 49
22 64
22 207
22 80
22 81
22 214
22 87
22 216
22 219
22 221
22 224
22 232
22 120
22 124
22 220
23 261
23 196
23 250
24 130
24 160
24 180
24 184
24 200
24 77
24 102
24 300
24 85
24 239
24 268
24 147
24 62
24 229
24 291
24 294
24 134
24 78
24 172
24 251
24 228
24 201
24 242
24 157
24 288
24 38
24 158
24 58
24 138
24 173
24 240
24 28
24 178
24 65
24 266
24 48
24 269
24 33
24 53
24 89
24 107
24 169
24 286
24 143
24 118
24 110
24 225
24 252
24 41
24 171
24 256
25 257
25 142
25 32
25 175
25 56
25 64
25 80
25 214
25 101
25 219
25 154
25 221
25 120
25 274
25 224
25 66
25 216
25 87
25 49
25 283
25 220
26 127
26 114
26 119
26 72
26 282
26 37
26 44
26 35
26 139
26 43
26 226
26 205
26 213
26 206
26 234
26 259
26 289
26 163
26 133
26 263
26 29
26 68
26 76
26 90
26 100
26 212
26 109
27 131
27 135
27 277
27 280
27 281
27 30
27 287
27 162
27 52
27 69
27 83
27 217
27 97
27 230
27 238
27 245
27 88
27 209
28 130
28 134
28 138
28 268
28 147
28 150
28 157
28 158
28 160
28 288
28 291
28 294
28 300
28 172
28 173
28 177
28 50
28 180
28 184
28 62
28 200
28 201
28 77
28 86
28 229
28 102
28 239
28 240
28 242
28 251
28 178
28 65
28 266
28 48
28 247
28 269
28 33
28 53
28 89
28 271
28 107
28 169
28 286
28 143
28 118
28 110
28 231
28 225
28 255
28 252
28 41
28 260
28 159
28 171
28 123
28 256
29 259
29 133
29 263
29 35
29 163
29 43
29 44
29 186
29 202
29 205
29 206
29 213
29 234
29 114
29 127
29 68
29 45
29 76
29 90
29 100
29 212
30 131
30 277
30 280
30 281
30 162
30 52
30 69
30 83
30 217
30 97
30 230
30 135
30 238
30 245
30 88
31 259
31 133
31 263
31 163
31 43
31 44
31 186
31 76
31 205
31 213
31 100
31 234
31 114
31 127
32 257
32 142
32 59
32 64
32 99
32 232
32 56
32 175
32 80
32 258
32 193
32 298
32 203
32 214
32 101
32 207
32 276
32 219
32 74
32 164
32 194
32 42
32 154
32 126
32 221
32 120
32 296
32 125
32 46
32 274
32 224
32 199
32 55
32 66
32 91
32 183
32 81
32 124
32 216
32 278
32 87
32 49
32 235
32 293
32 253
32 265
32 283
32 136
32 220
33 130
33 138
33 269
33 157
33 158
33 288
33 291
33 294
33 38
33 300
33 180
33 58
33 65
33 201
33 78
33 85
33 228
33 229
33 102
33 251
33 53
33 107
33 143
33 118
33 252
33 41
33 171
34 137
34 254
34 167
34 148
34 248
34 210
34 103
34 270
34 67
34 241
34 75
34 290
34 95
34 182
34 299
34 237
34 155
34 145
34 174
34 246
34 106
34 117
34 179
34 295
34 104
34 161
34 153
34 233
34 285
34 61
34 168
34 51
34 195
34 244
34 208
34 275
34 152
34 73
34 262
34 40
34 94
35 140
35 282
35 44
35 72
35 114
35 119
35 127
35 186
35 139
35 151
35 43
35 222
35 226
35 205
35 202
35 213
35 206
35 234
35 259
35 289
35 163
35 133
35 263
35 68
35 45
35 76
35 90
35 100
35 212
35 109
36 128
36 98
36 108
36 236
36 204
36 141
36 84
36 249
36 190
36 211
36 82
36 176
36 165
36 198
37 114
37 127
37 44
37 186
37 43
37 205
37 202
37 213
37 259
37 163
37 263
37 68
37 45
37 76
37 100
37 212
38 134
38 268
38 157
38 288
38 291
38 294
38 300
38 50
38 180
38 62
38 200
38 201
38 229
38 102
38 239
38 242
38 86
38 177
38 158
38 138
38 173
38 240
38 150
38 178
38 65
38 266
38 247
38 269
38 53
38 89
38 107
38 169
38 286
38 118
38 110
38 231
38 255
38 252
38 41
38 260
38 159
39 227
39 196
39 250
40 262
40 264
40 137
40 270
40 145
40 148
40 275
40 279
40 152
40 153
40 156
40 155
40 285
40 161
40 290
40 166
40 167
40 295
40 168
40 299
40 174
40 179
40 51
40 181
40 182
40 187
40 61
40 67
40 195
40 197
40 73
40 75
40 79
40 208
40 210
40 218
40 92
40 95
40 103
40 104
40 233
40 106
40 237
40 111
40 112
40 241
40 113
40 244
40 117
40 246
40 248
40 121
40 254
40 149
40 132
40 94
41 130
41 134
41 138
41 266
41 269
41 271
41 150
41 157
41 158
41 286
41 160
41 291
41 294
41 169
41 300
41 173
41 178
41 58
41 188
41 62
41 65
41 200
41 201
41 77
41 78
41 85
41 86
41 89
41 228
41 102
41 231
41 110
41 239
41 240
41 242
41 118
41 247
41 251
41 252
41 255
41 260
41 159
41 171
42 257
42 142
42 276
42 164
42 175
42 56
42 64
42 194
42 80
42 214
42 219
42 101
42 154
42 126
42 221
42 120
42 125
42 46
42 274
42 224
42 66
42 91
42 183
42 81
42 124
42 216
42 278
42 87
42 49
42 235
42 293
42 253
43 140
43 151
43 44
43 186
43 192
43 72
43 114
43 127
43 222
43 226
43 205
43 202
43 213
43 206
43 234
43 259
43 289
43 105
43 163
43 133
43 263
43 68
43 45
43 76
43 90
43 100
43 212
43 109
44 140
44 282
44 192
44 72
44 114
44 119
44 127
44 186
44 139
44 151
44 222
44 226
44 205
44 202
44 213
44 206
44 234
44 259
44 289
44 105
44 163
44 133
44 263
44 68
44 45
44 76
44 90
44 100
44 212
44 109
45 259
45 133
45 263
45 163
45 186
45 68
45 72
45 202
45 205
45 206
45 213
45 226
45 234
45 114
45 127
45 76
45 90
45 100
45 212
45 109
46 257
46 142
46 154
46 164
46 298
46 175
46 56
46 59
46 193
46 194
46 74
46 203
46 80
46 214
46 219
46 99
46 101
46 232
46 120
46 126
46 274
46 224
46 199
46 55
46 66
46 91
46 183
46 124
46 216
46 87
46 49
46 235
46 293
46 283
47 273
47 170
47 115
47 93
47 189
47 185
47 71
47 96
47 116
47 60
47 70
47 129
47 297
47 122
48 134
48 138
48 266
48 157
48 158
48 291
48 173
48 65
48 200
48 201
48 102
48 239
48 269
48 169
48 118
48 110
48 252
48 171
49 257
49 258
49 142
49 278
49 154
49 164
49 298
49 175
49 55
49 56
49 183
49 59
49 64
49 193
49 194
49 66
49 199
49 74
49 203
49 207
49 81
49 214
49 87
49 216
49 219
49 221
49 224
49 99
49 101
49 232
49 120
49 125
49 126
49 293
49 253
49 265
49 283
49 136
49 220
50 130
50 268
50 300
50 180
50 85
50 229
50 102
50 239
50 291
50 78
50 251
50 228
50 201
50 157
50 288
50 158
50 65
50 266
50 269
50 53
50 107
50 143
50 118
50 252
50 159
50 171
51 137
51 145
51 148
51 156
51 155
51 285
51 290
51 166
51 299
51 168
51 181
51 182
51 187
51 61
51 67
51 75
51 92
51 233
51 112
51 241
51 113
51 264
51 195
51 244
51 197
51 208
51 262
52 277
52 83
52 69
52 230
52 162
52 281
52 97
52 135
52 245
52 88
53 130
53 134
53 138
53 266
53 269
53 150
53 157
53 158
53 160
53 291
53 294
53 300
53 173
53 177
53 178
53 180
53 58
53 188
53 62
53 65
53 200
53 201
53 77
53 78
53 85
53 86
53 228
53 102
53 239
53 240
53 242
53 247
53 251
53 89
53 271
53 169
53 286
53 143
53 118
53 110
53 231
53 255
53 252
53 260
53 159
53 171
54 189
54 71
54 96
54 70
54 129
54 122
55 257
55 142
55 274
55 276
55 175
55 64
55 207
55 80
55 214
55 219
55 221
55 224
55 232
55 120
55 66
55 91
55 81
55 124
55 216
55 87
55 235
55 293
55 283
55 136
55 220
56 257
56 142
56 59
56 64
56 99
56 232
56 175
56 80
56 193
56 298
56 203
56 214
56 207
56 276
56 219
56 74
56 194
56 126
56 221
56 120
56 296
56 125
56 274
56 224
56 66
56 91
56 81
56 124
56 216
56 278
56 87
56 235
56 293
56 253
56 265
56 283
56 136
56 220
57 273
57 115
57 170
57 144
57 189
57 185
57 71
57 96
57 70
57 129
57 297
57 122
58 134
58 157
58 158
58 300
58 180
58 62
58 200
58 201
58 229
58 102
58 239
58 242
58 138
58 173
58 150
58 178
58 65
58 266
58 269
58 89
58 107
58 169
58 286
58 143
58 118
58 252
58 159
58 171
59 142
59 64
59 257
59 175
59 80
59 193
59 214
59 101
59 207
59 276
59 219
59 194
59 126
59 221
59 120
59 274
59 224
59 66
59 91
59 183
59 81
59 124
59 216
59 87
59 235
59 293
59 265
59 283
59 220
60 144
60 273
60 170
60 185
60 93
60 96
60 115
60 116
60 129
60 297
60 122
60 267
61 137
61 270
61 145
61 148
61 153
61 156
61 155
61 285
61 161
61 290
61 166
61 167
61 295
61 299
61 174
61 179
61 181
61 182
61 187
61 67
61 75
61 79
61 210
61 92
61 95
61 103
61 104
61 233
61 106
61 237
61 111
61 112
61 241
61 113
61 117
61 246
61 121
61 254
61 168
61 264
61 195
61 279
61 244
61 197
61 208
61 275
61 152
61 73
61 218
61 262
61 149
61 132
61 94
62 130
62 268
62 300
62 180
62 184
62 77
62 85
62 102
62 229
62 291
62 294
62 78
62 172
62 251
62 228
62 201
62 157
62 288
62 158
62 138
62 65
62 269
62 107
62 169
62 143
62 118
62 252
62 159
62 171
63 191
63 227
63 250
64 142
64 232
64 99
64 257
64 175
64 80
64 258
64 193
64 298
64 203
64 214
64 101
64 276
64 219
64 74
64 164
64 194
64 154
64 126
64 221
64 120
64 296
64 125
64 274
64 224
64 199
64 66
64 91
64 183
64 216
64 278
64 87
64 235
64 293
64 253
64 265
64 283
64 136
64 220
65 130
65 134
65 138
65 268
65 147
65 150
65 157
65 158
65 160
65 288
65 291
65 294
65 300
65 172
65 173
65 177
65 178
65 180
65 184
65 188
65 200
65 201
65 77
65 78
65 85
65 86
65 228
65 229
65 102
65 239
65 240
65 242
65 251
65 266
65 247
65 269
65 89
65 271
65 107
65 169
65 286
65 143
65 118
65 110
65 231
65 225
65 255
65 252
65 260
65 159
65 171
65 123
65 256
66 257
66 258
66 142
66 274
66 276
66 154
66 164
66 175
66 193
66 194
66 199
66 203
66 207
66 80
66 214
66 219
66 221
66 224
66 101
66 120
66 126
66 91
66 183
66 81
66 216
66 278
66 87
66 235
66 293
66 253
66 265
66 283
66 136
67 137
67 148
67 166
67 167
67 181
67 248
67 121
67 75
67 156
67 290
67 112
67 182
67 299
67 113
67 237
67 155
67 145
67 187
67 174
67 246
67 153
67 233
67 92
67 285
67 168
67 264
67 195
67 279
67 244
67 197
67 152
67 73
67 262
67 94
68 259
68 133
68 139
68 140
68 151
68 282
68 163
68 186
68 192
68 72
68 205
68 206
68 213
68 226
68 105
68 234
68 114
68 119
68 127
68 76
68 90
68 100
68 212
68 109
69 277
69 280
69 287
69 83
69 217
69 230
69 162
69 131
69 281
69 97
69 135
69 238
69 245
69 88
69 209
70 144
70 185
70 71
70 215
70 93
70 223
70 96
70 115
70 116
70 129
70 297
70 267
71 144
71 170
71 185
71 93
71 115
71 223
71 96
71 116
71 129
71 297
71 122
71 267
72 140
72 114
72 186
72 151
72 205
72 202
72 206
72 163
72 263
72 76
72 90
72 100
72 109
73 264
73 137
73 270
73 145
73 148
73 275
73 153
73 152
73 156
73 155
73 285
73 161
73 290
73 166
73 295
73 168
73 299
73 174
73 179
73 181
73 182
73 187
73 197
73 75
73 79
73 208
73 92
73 95
73 103
73 104
73 233
73 106
73 237
73 111
73 112
73 241
73 113
73 244
73 117
73 246
73 248
73 121
73 254
73 218
73 262
73 149
73 132
73 94
74 257
74 142
74 276
74 175
74 207
74 80
74 214
74 219
74 101
74 164
74 154
74 221
74 120
74 274
74 224
74 91
74 183
74 81
74 124
74 216
74 87
74 235
74 253
74 283
74 220
75 137
75 270
75 148
75 166
75 167
75 181
75 210
75 103
75 241
75 248
75 121
75 254
75 156
75 290
75 112
75 95
75 182
75 299
75 113
75 237
75 155
75 145
75 187
75 79
75 174
75 246
75 106
75 117
75 179
75 295
75 104
75 161
75 153
75 233
75 92
75 285
75 111
75 168
75 264
75 195
75 279
75 244
75 197
75 208
75 275
75 152
75 218
75 262
75 149
75 132
75 94
76 259
76 133
76 139
76 140
76 151
76 282
76 289
76 163
76 186
76 192
76 202
76 205
76 206
76 213
76 222
76 226
76 105
76 234
76 114
76 119
76 127
76 90
76 100
76 212
76 109
77 130
77 160
77 180
77 102
77 200
77 85
77 239
77 291
77 294
77 188
77 134
77 228
77 201
77 157
77 158
77 138
77 173
77 150
77 266
77 89
77 271
77 169
77 286
77 143
77 118
77 110
77 252
77 260
77 159
77 171
78 134
78 268
78 294
78 300
78 180
78 200
78 229
78 102
78 239
78 201
78 242
78 157
78 288
78 158
78 138
78 173
78 240
78 150
78 178
78 266
78 247
78 269
78 89
78 107
78 169
78 286
78 118
78 110
78 231
78 255
78 260
78 159
79 137
79 145
79 290
79 167
79 299
79 181
79 182
79 187
79 174
79 246
79 233
79 285
79 168
79 195
80 257
80 142
80 175
80 99
80 232
80 258
80 193
80 298
80 203
80 214
80 101
80 207
80 276
80 219
80 164
80 194
80 154
80 126
80 221
80 120
80 296
80 125
80 274
80 224
80 199
80 91
80 183
80 81
80 124
80 216
80 278
80 87
80 235
80 293
80 253
80 265
80 283
80 136
80 220
81 257
81 142
81 154
81 164
81 296
81 298
81 175
81 183
81 193
81 194
81 199
81 207
81 214
81 219
81 224
81 99
81 101
81 232
81 120
81 125
81 126
81 216
81 278
81 87
81 293
81 253
81 265
81 283
81 136
81 220
82 128
82 98
82 292
82 108
82 236
82 204
82 141
82 146
82 84
82 249
82 190
82 176
82 165
83 277
83 287
83 280
83 217
83 230
83 162
83 131
83 281
83 97
83 135
83 238
83 245
83 88
83 209
84 128
84 98
84 292
84 108
84 236
84 204
84 146
84 249
84 284
84 190
84 141
84 211
84 176
84 165
84 198
85 160
85 300
85 180
85 200
85 102
85 239
85 268
85 229
85 294
85 188
85 134
85 201
85 242
85 157
85 288
85 86
85 177
85 158
85 138
85 173
85 240
85 150
85 178
85 266
85 247
85 269
85 89
85 271
85 107
85 169
85 286
85 118
85 110
85 231
85 255
85 252
85 260
85 159
86 157
86 291
86 294
86 300
86 180
86 201
86 228
86 229
86 102
86 242
86 158
86 138
86 173
86 269
86 107
86 143
86 118
86 252
86 159
86 171
87 257
87 258
87 142
87 274
87 276
87 278
87 154
87 164
87 296
87 298
87 175
87 183
87 193
87 194
87 199
87 203
87 207
87 214
87 216
87 219
87 91
87 221
87 224
87 99
87 101
87 232
87 120
87 124
87 125
87 126
87 235
87 293
87 253
87 265
87 283
87 136
87 220
88 131
88 135
88 277
88 280
88 281
88 287
88 162
88 217
88 97
88 230
88 238
88 245
88 209
89 130
89 134
89 138
89 268
89 269
89 157
89 158
89 288
89 291
89 294
89 300
89 172
89 177
89 178
89 180
89 184
89 201
89 228
89 229
89 102
89 239
89 251
89 107
89 143
89 118
89 225
89 252
89 260
89 159
89 171
89 123
89 256
90 259
90 133
90 263
90 139
90 140
90 151
90 282
90 289
90 163
90 186
90 202
90 205
90 206
90 213
90 222
90 226
90 234
90 114
90 119
90 127
90 100
90 212
90 109
91 257
91 142
91 154
91 164
91 296
91 298
91 175
91 193
91 194
91 199
91 203
91 214
91 219
91 224
91 99
91 101
91 232
91 120
91 183
91 216
91 293
91 253
91 265
91 283
91 220
92 137
92 270
92 145
92 148
92 153
92 155
92 161
92 166
92 167
92 299
92 174
92 179
92 181
92 182
92 187
92 210
92 95
92 103
92 233
92 106
92 237
92 241
92 246
92 248
92 285
92 111
92 168
92 195
92 279
92 275
92 152
92 262
92 132
92 94
93 144
93 273
93 170
93 115
93 189
93 185
93 96
93 116
93 129
93 297
93 122
94 132
94 262
94 264
94 137
94 270
94 145
94 148
94 152
94 155
94 156
94 285
94 161
94 290
94 166
94 167
94 168
94 299
94 174
94 179
94 181
94 182
94 187
94 195
94 197
94 218
94 103
94 233
94 112
94 241
94 113
94 244
94 117
94 121
95 137
95 148
95 156
95 290
95 166
95 181
95 112
95 182
95 299
95 113
95 145
95 187
95 174
95 246
95 179
95 153
95 233
95 285
95 264
95 195
95 244
95 152
95 132
96 144
96 170
96 185
96 189
96 215
96 223
96 115
96 116
96 129
96 297
96 122
96 267
97 131
97 277
97 280
97 281
97 287
97 217
97 230
97 135
97 238
97 209
98 128
98 284
98 236
98 190
98 141
98 176
98 198
99 142
99 232
99 257
99 175
99 298
99 214
99 207
99 276
99 219
99 221
99 120
99 224
99 216
99 235
99 283
100 259
100 133
100 263
100 139
100 140
100 151
100 282
100 289
100 163
100 186
100 192
100 202
100 205
100 206
100 213
100 222
100 226
100 105
100 234
100 114
100 119
100 127
100 212
100 109
101 257
101 142
101 298
101 175
101 193
101 203
101 214
101 232
101 207
101 276
101 219
101 194
101 126
101 221
101 120
101 296
101 274
101 224
101 199
101 124
101 216
101 278
101 235
101 293
101 253
101 265
101 283
101 136
101 220
102 180
102 184
102 130
102 300
102 268
102 147
102 229
102 291
102 294
102 134
102 172
102 251
102 228
102 201
102 242
102 157
102 288
102 177
102 158
102 138
102 173
102 240
102 150
102 178
102 266
102 247
102 269
102 271
102 107
102 286
102 143
102 118
102 110
102 231
102 225
102 255
102 252
102 171
102 123
102 256
103 137
103 166
103 167
103 248
103 181
103 241
103 121
103 156
103 290
103 112
103 182
103 299
103 113
103 237
103 145
103 187
103 174
103 246
103 179
103 161
103 153
103 233
103 285
103 168
103 264
103 195
103 279
103 244
103 197
103 152
103 218
103 262
103 132
104 137
104 270
104 145
104 148
104 156
104 155
104 290
104 299
104 174
104 179
104 181
104 182
104 187
104 112
104 241
104 113
104 117
104 246
104 248
104 121
104 161
104 153
104 233
104 285
104 168
104 264
104 195
104 244
104 197
104 152
104 218
104 262
105 259
105 186
105 202
105 205
105 213
105 114
105 127
105 163
106 137
106 145
106 155
106 290
106 299
106 174
106 181
106 182
106 187
106 246
106 179
106 233
106 285
106 168
106 264
106 195
106 262
107 134
107 138
107 266
107 269
107 271
107 150
107 157
107 158
107 160
107 291
107 294
107 300
107 173
107 178
107 188
107 200
107 201
107 228
107 239
107 240
107 242
107 247
107 251
107 169
107 286
107 143
107 118
107 110
107 231
107 255
107 252
107 260
107 159
107 171
108 128
108 146
108 284
108 236
108 292
108 190
108 204
108 141
108 176
108 165
108 198
109 259
109 133
109 263
109 140
109 151
109 163
109 186
109 192
109 202
109 205
109 206
109 212
109 226
109 234
109 114
109 127
110 130
110 134
110 138
110 268
110 269
110 143
110 157
110 158
110 288
110 291
110 294
110 169
110 300
110 173
110 178
110 180
110 200
110 201
110 228
110 229
110 118
110 251
110 252
110 159
110 171
111 137
111 145
111 156
111 155
111 285
111 161
111 290
111 166
111 299
111 174
111 181
111 182
111 187
111 233
111 112
111 246
111 121
111 168
111 264
111 195
111 244
111 152
111 262
112 137
112 270
112 148
112 290
112 167
112 181
112 210
112 241
112 248
112 121
112 254
112 182
112 299
112 237
112 155
112 145
112 187
112 174
112 246
112 117
112 179
112 295
112 161
112 153
112 233
112 285
112 168
112 264
112 195
112 279
112 244
112 197
112 208
112 275
112 152
112 262
112 132
113 137
113 270
113 148
113 290
113 167
113 299
113 181
113 182
113 210
113 241
113 248
113 121
113 237
113 155
113 145
113 187
113 174
113 246
113 117
113 179
113 295
113 161
113 153
113 233
113 285
113 168
113 264
113 195
113 279
113 244
113 197
113 208
113 275
113 152
113 262
113 132
114 127
114 119
114 192
114 282
114 186
114 139
114 151
114 222
114 226
114 205
114 202
114 213
114 206
114 234
114 259
114 289
114 163
114 133
114 263
114 212
115 273
115 170
115 144
115 189
115 185
115 223
115 116
115 129
115 122
115 267
116 144
116 273
116 170
116 185
116 189
116 215
116 129
116 297
116 122
116 267
117 137
117 145
117 290
117 167
117 299
117 174
117 181
117 182
117 187
117 246
117 233
117 285
117 168
117 264
117 195
117 244
117 197
117 262
118 130
118 134
118 138
118 266
118 268
118 269
118 271
118 143
118 147
118 150
118 157
118 158
118 160
118 288
118 291
118 286
118 294
118 169
118 300
118 172
118 173
118 177
118 178
118 180
118 184
118 188
118 200
118 201
118 228
118 229
118 239
118 240
118 242
118 247
118 251
118 231
118 225
118 255
118 252
118 260
118 159
118 171
118 123
118 256
119 186
119 202
119 206
119 259
119 163
119 263
120 257
120 258
120 142
120 276
120 154
120 164
120 298
120 175
120 193
120 194
120 203
120 207
120 214
120 219
120 221
120 232
120 126
120 296
120 125
120 274
120 199
120 183
120 124
120 216
120 278
120 235
120 293
120 253
120 265
120 283
120 136
120 220
121 137
121 270
121 148
121 167
121 181
121 210
121 241
121 248
121 182
121 299
121 237
121 155
121 145
121 187
121 174
121 246
121 179
121 295
121 161
121 153
121 233
121 285
121 264
121 195
121 279
121 197
121 208
121 275
121 152
121 262
121 132
122 129
122 144
122 297
122 170
122 185
122 215
122 267
123 134
123 266
123 269
123 143
123 157
123 158
123 291
123 169
123 171
123 173
123 200
123 201
123 242
124 257
124 142
124 154
124 164
124 296
124 298
124 175
124 183
124 193
124 194
124 199
124 214
124 219
124 224
124 232
124 125
124 126
124 216
124 293
124 253
124 265
124 283
124 136
124 220
125 257
125 142
125 276
125 175
125 214
125 219
125 221
125 232
125 274
125 224
125 216
125 283
126 257
126 142
126 276
126 154
126 298
126 175
126 193
126 207
126 214
126 219
126 232
126 221
126 274
126 224
126 183
126 216
126 235
126 265
126 283
126 220
127 140
127 192
127 186
127 151
127 222
127 205
127 202
127 213
127 206
127 234
127 259
127 289
127 163
127 133
127 263
127 212
128 146
128 249
128 284
128 236
128 292
128 190
128 204
128 141
128 211
128 176
128 165
128 198
129 144
129 273
129 170
129 185
129 189
129 215
129 223
129 297
129 267
130 180
130 200
130 300
130 239
130 268
130 229
130 294
130 134
130 201
130 242
130 157
130 288
130 177
130 158
130 138
130 173
130 240
130 150
130 178
130 266
130 269
130 271
130 169
130 286
130 231
130 255
130 159
131 280
131 217
131 281
131 135
131 209
132 262
132 264
132 137
132 270
132 145
132 148
132 279
132 152
132 153
132 156
132 155
132 285
132 161
132 290
132 166
132 167
132 168
132 299
132 174
132 179
132 181
132 182
132 195
132 208
132 210
132 233
132 237
132 244
132 246
132 248
133 259
133 140
133 151
133 289
133 163
133 186
133 192
133 202
133 206
133 222
133 226
133 263
133 212
134 291
134 294
134 300
134 180
134 184
134 200
134 229
134 172
134 251
134 228
134 201
134 157
134 288
134 158
134 138
134 269
134 143
134 252
134 171
135 277
135 280
135 281
135 287
135 162
135 217
135 230
135 238
135 245
135 209
136 257
136 142
136 274
136 276
136 154
136 283
136 164
136 175
136 183
136 207
136 214
136 216
136 219
136 221
136 224
136 232
136 235
137 254
137 167
137 148
137 166
137 248
137 210
137 181
137 270
137 241
137 156
137 290
137 299
137 237
137 155
137 145
137 187
137 174
137 246
137 179
137 295
137 161
137 153
137 233
137 285
137 168
137 264
137 195
137 279
137 244
137 197
137 208
137 275
137 152
137 218
137 262
137 149
138 268
138 147
138 157
138 158
138 288
138 291
138 294
138 300
138 172
138 180
138 188
138 201
138 228
138 229
138 242
138 251
138 173
138 240
138 150
138 178
138 266
138 247
138 269
138 286
138 143
138 225
138 252
138 171
138 256
139 186
139 206
139 259
139 163
139 263
140 226
140 205
140 202
140 206
140 234
140 259
140 163
140 263
140 212
141 292
141 236
141 146
141 249
141 284
141 190
141 211
141 176
141 165
141 198
142 232
142 257
142 175
142 258
142 193
142 298
142 203
142 214
142 207
142 276
142 219
142 164
142 194
142 154
142 221
142 296
142 274
142 224
142 199
142 183
142 216
142 278
142 235
142 293
142 253
142 265
142 283
142 220
143 266
143 268
143 269
143 271
143 150
143 157
143 158
143 160
143 288
143 286
143 294
143 169
143 300
143 172
143 173
143 177
143 178
143 180
143 188
143 200
143 201
143 239
143 240
143 242
143 247
143 251
143 231
143 255
143 260
143 159
143 171
144 273
144 170
144 189
144 185
144 297
144 267
145 270
145 148
145 156
145 155
145 290
145 166
145 167
145 299
145 181
145 210
145 237
145 241
145 248
145 254
145 187
145 174
145 246
145 179
145 295
145 161
145 153
145 233
145 285
145 168
145 264
145 195
145 279
145 244
145 197
145 208
145 275
145 152
145 218
145 262
145 149
146 249
146 176
146 165
146 198
147 200
147 291
147 201
147 157
147 158
147 173
147 266
147 269
147 169
147 252
147 171
148 167
148 166
148 248
148 181
148 270
148 241
148 156
148 290
148 182
148 299
148 237
148 187
148 174
148 246
148 179
148 161
148 153
148 233
148 285
148 168
148 264
148 195
148 279
148 244
148 197
148 152
148 218
148 262
148 149
149 264
149 279
149 152
149 153
149 156
149 155
149 285
149 166
149 168
149 299
149 174
149 179
149 181
149 182
149 187
149 195
149 233
149 241
149 244
149 246
150 268
150 157
150 158
150 291
150 294
150 300
150 180
150 184
150 201
150 228
150 229
150 242
150 251
150 266
150 269
150 252
150 171
151 226
151 205
151 202
151 213
151 206
151 234
151 259
151 263
151 212
152 264
152 156
152 155
152 161
152 290
152 166
152 168
152 299
152 174
152 181
152 182
152 187
152 195
152 197
152 208
152 233
152 241
152 244
152 248
152 218
152 262
153 156
153 155
153 161
153 290
153 166
153 295
153 299
153 174
153 181
153 182
153 187
153 241
153 248
153 233
153 285
153 168
153 264
153 195
153 244
153 197
153 208
153 218
153 262
154 257
154 276
154 298
154 175
154 193
154 207
154 214
154 219
154 232
154 221
154 296
154 274
154 224
154 216
154 235
154 293
154 253
154 283
154 220
155 270
155 156
155 290
155 166
155 167
155 299
155 181
155 182
155 210
155 237
155 241
155 248
155 187
155 174
155 246
155 179
155 161
155 233
155 285
155 168
155 264
155 195
155 279
155 244
155 197
155 218
155 262
156 270
156 166
156 167
156 181
156 210
156 241
156 248
156 254
156 182
156 299
156 237
156 187
156 174
156 246
156 179
156 295
156 161
156 233
156 285
156 168
156 264
156 195
156 279
156 208
156 275
156 262
157 268
157 160
157 291
157 294
157 300
157 172
157 180
157 184
157 188
157 200
157 201
157 228
157 229
157 239
157 242
157 251
157 288
157 177
157 173
157 240
157 178
157 266
157 247
157 269
157 271
157 169
157 286
157 231
157 225
157 255
157 252
157 260
157 159
157 171
157 256
158 268
158 160
158 288
158 291
158 294
158 300
158 172
158 177
158 180
158 184
158 188
158 200
158 201
158 228
158 229
158 239
158 242
158 251
158 173
158 240
158 178
158 266
158 247
158 269
158 271
158 169
158 286
158 231
158 225
158 255
158 252
158 159
158 171
158 256
159 268
159 269
159 271
159 286
159 160
159 288
159 291
159 294
159 300
159 172
159 173
159 178
159 180
159 188
159 201
159 225
159 228
159 229
159 240
159 242
159 247
159 251
159 252
159 255
159 171
160 180
160 300
160 229
160 291
160 294
160 251
160 228
160 201
160 266
160 269
160 169
160 252
160 171
161 290
161 166
161 167
161 295
161 299
161 174
161 179
161 181
161 182
161 187
161 237
161 241
161 246
161 248
161 233
161 285
161 168
161 264
161 195
161 279
161 244
161 197
161 275
161 262
162 277
162 280
162 287
162 217
162 230
162 281
162 238
162 209
163 259
163 282
163 289
163 186
163 202
163 205
163 206
163 213
163 222
163 226
163 234
163 263
163 212
164 257
164 276
164 298
164 175
164 207
164 214
164 219
164 232
164 221
164 274
164 224
164 199
164 216
164 235
164 293
164 253
164 283
164 220
165 284
165 292
165 176
165 190
165 204
165 211
165 236
165 249
165 198
166 167
166 248
166 210
166 181
166 270
166 241
166 290
166 182
166 299
166 237
166 187
166 174
166 246
166 179
166 295
166 233
166 285
166 168
166 195
166 244
166 197
166 208
166 262
167 248
167 181
167 241
167 290
167 182
167 299
167 187
167 174
167 233
167 285
167 168
167 264
167 195
167 244
167 197
167 208
167 262
168 270
168 285
168 290
168 295
168 299
168 174
168 179
168 181
168 182
168 187
168 210
168 233
168 237
168 241
168 246
168 248
168 254
168 264
168 195
168 279
168 244
168 197
168 208
168 275
168 262
169 266
169 268
169 269
169 288
169 291
169 294
169 300
169 172
169 173
169 178
169 180
169 188
169 201
169 228
169 229
169 240
169 251
169 286
169 231
169 225
169 252
169 171
169 256
170 273
170 189
170 185
170 297
170 267
171 266
171 268
171 269
171 271
171 286
171 288
171 291
171 260
171 294
171 300
171 172
171 173
171 177
171 178
171 180
171 184
171 188
171 200
171 201
171 225
171 229
171 231
171 239
171 240
171 242
171 247
171 251
171 252
171 255
171 256
172 291
172 300
172 200
172 201
172 242
172 173
172 178
172 266
172 269
172 271
172 252
173 268
173 288
173 291
173 294
173 300
173 180
173 184
173 200
173 201
173 228
173 229
173 239
173 242
173 251
173 178
173 269
173 252
173 256
174 270
174 290
174 299
174 181
174 182
174 187
174 210
174 237
174 241
174 248
174 254
174 246
174 179
174 295
174 233
174 285
174 264
174 195
174 279
174 244
174 197
174 208
174 275
174 218
174 262
175 257
175 232
175 258
175 193
175 298
175 203
175 214
175 207
175 276
175 194
175 221
175 296
175 274
175 224
175 199
175 183
175 216
175 278
175 235
175 293
175 253
175 265
175 283
175 220
176 284
176 292
176 190
176 204
176 211
176 236
176 249
176 198
177 291
177 294
177 180
177 201
177 228
177 229
177 269
177 252
178 268
178 288
178 291
178 294
178 300
178 180
178 184
178 200
178 201
178 228
178 229
178 239
178 266
178 269
178 252
179 290
179 299
179 181
179 182
179 187
179 241
179 233
179 285
179 264
179 195
179 244
179 197
179 208
179 262
180 200
180 300
180 239
180 291
180 188
180 251
180 228
180 201
180 242
180 240
180 266
180 247
180 269
180 271
180 286
180 231
180 255
180 252
180 260
181 210
181 248
181 254
181 270
181 241
181 290
181 182
181 299
181 237
181 187
181 246
181 295
181 233
181 285
181 264
181 195
181 279
181 244
181 197
181 208
181 275
181 218
181 262
182 270
182 290
182 210
182 241
182 248
182 254
182 299
182 237
182 187
182 246
182 295
182 233
182 285
182 264
182 195
182 279
182 244
182 197
182 208
182 275
182 218
182 262
183 257
183 274
183 276
183 296
183 298
183 193
183 194
183 199
183 207
183 214
183 219
183 221
183 224
183 232
183 216
183 235
183 293
183 253
183 283
183 220
184 200
184 300
184 239
184 291
184 201
184 242
184 266
184 269
184 252
185 273
185 189
185 215
185 223
185 297
185 267
186 282
186 192
186 226
186 205
186 202
186 213
186 206
186 234
186 259
186 289
186 263
186 212
187 270
187 290
187 299
187 210
187 237
187 241
187 248
187 254
187 246
187 295
187 233
187 285
187 195
187 279
187 244
187 197
187 208
187 275
187 262
188 268
188 291
188 294
188 300
188 229
188 201
188 242
188 288
188 266
188 269
188 225
188 252
189 223
189 297
189 267
190 249
190 284
190 204
190 198
191 261
191 243
191 272
191 227
191 196
191 250
192 205
192 234
192 259
192 212
193 257
193 214
193 207
193 276
193 219
193 221
193 274
193 224
193 216
193 235
193 253
193 283
193 220
194 257
194 276
194 298
194 207
194 214
194 219
194 232
194 221
194 224
194 216
194 235
194 253
194 265
194 283
194 220
195 264
195 270
195 285
195 290
195 295
195 299
195 210
195 233
195 237
195 241
195 246
195 248
195 254
195 279
195 244
195 197
195 208
195 275
195 218
195 262
196 261
196 243
196 250
197 264
197 279
197 285
197 299
197 233
197 237
197 241
197 244
197 246
197 248
197 208
197 275
197 262
198 292
198 204
198 211
198 236
198 249
199 214
199 219
199 221
199 224
199 232
199 257
199 274
199 216
199 235
199 283
199 220
200 300
200 268
200 229
200 291
200 294
200 251
200 228
200 201
200 242
200 288
200 269
200 225
200 252
200 256
201 268
201 291
201 294
201 300
201 228
201 229
201 239
201 251
201 242
201 288
201 240
201 266
201 247
201 269
201 271
201 286
201 231
201 225
201 255
201 252
201 260
201 256
202 282
202 205
202 226
202 213
202 206
202 234
202 259
202 263
202 212
203 257
203 214
203 276
203 219
203 221
203 274
203 224
203 216
203 235
203 283
204 284
205 222
205 226
205 206
205 259
205 289
205 263
205 212
206 282
206 213
206 222
206 226
206 234
206 259
206 263
206 212
207 257
207 298
207 214
207 232
207 219
207 224
207 216
207 278
207 293
207 253
207 265
207 283
207 220
208 264
208 279
208 285
208 290
208 299
208 210
208 233
208 237
208 244
208 246
208 218
209 230
209 277
209 281
210 241
210 290
210 299
210 233
210 285
210 264
210 244
210 262
211 249
212 259
212 263
212 289
212 222
212 226
213 222
213 226
213 259
213 263
214 257
214 258
214 298
214 232
214 276
214 219
214 221
214 296
214 274
214 224
214 216
214 278
214 235
214 293
214 253
214 265
214 283
214 220
215 297
216 257
216 258
216 274
216 276
216 296
216 298
216 219
216 221
216 224
216 232
216 278
216 235
216 293
216 253
216 265
216 283
216 220
217 277
217 230
217 281
217 245
218 285
218 299
218 233
218 237
218 246
218 248
218 262
219 257
219 258
219 276
219 298
219 232
219 221
219 296
219 274
219 224
219 278
219 235
219 293
219 253
219 265
219 283
219 220
220 257
220 258
220 276
220 283
220 293
220 296
220 298
220 221
220 224
220 232
220 253
221 257
221 298
221 232
221 296
221 224
221 293
221 253
221 265
221 283
222 226
222 234
222 259
222 263
223 273
223 297
224 232
224 257
224 258
224 274
224 276
224 296
224 298
224 278
224 235
224 293
224 253
224 265
224 283
225 266
225 269
225 291
225 239
225 242
225 252
226 234
226 259
226 263
227 261
227 272
227 243
227 250
228 268
228 291
228 294
228 300
228 229
228 239
228 242
228 288
228 266
228 247
228 269
228 271
228 286
228 231
228 255
228 260
229 300
229 239
229 291
229 294
229 251
229 242
229 240
229 266
229 247
229 269
229 271
229 286
229 231
229 255
229 252
229 260
230 277
230 280
230 287
230 281
230 238
230 245
231 268
231 269
231 288
231 291
231 294
231 300
231 252
232 257
232 258
232 276
232 296
232 274
232 278
232 235
232 293
232 253
232 265
232 283
233 270
233 290
233 295
233 299
233 237
233 241
233 246
233 248
233 254
233 285
233 264
233 279
233 244
233 275
233 262
234 259
234 289
234 263
235 257
235 258
235 296
235 298
235 293
235 253
235 283
236 249
236 284
237 290
237 299
237 241
237 285
237 264
237 244
237 262
238 277
238 281
238 245
239 300
239 268
239 291
239 294
239 251
239 288
239 266
239 269
239 286
239 252
240 268
240 291
240 294
240 300
240 266
240 269
240 252
241 248
241 290
241 299
241 246
241 295
241 285
241 264
241 279
241 244
241 262
242 268
242 291
242 294
242 300
242 251
242 288
242 269
242 252
242 260
242 256
243 250
244 264
244 270
244 279
244 285
244 290
244 295
244 299
244 246
244 248
244 254
244 275
244 262
245 277
245 280
245 281
245 287
246 290
246 299
246 248
246 254
246 285
246 264
246 275
246 262
247 266
247 288
247 291
247 294
247 300
247 269
247 252
248 254
248 290
248 299
248 295
248 285
248 264
248 279
248 262
249 284
249 292
250 261
250 272
251 294
251 300
251 266
251 269
251 255
251 252
251 260
252 266
252 268
252 269
252 271
252 286
252 288
252 291
252 294
252 300
252 255
252 260
252 256
253 257
253 274
253 276
253 278
253 283
254 290
254 299
254 285
254 264
254 262
255 268
255 269
255 288
255 291
255 294
255 300
256 266
256 269
256 291
257 258
257 298
257 276
257 296
257 274
257 278
257 293
257 265
257 283
258 298
258 274
258 283
259 282
259 289
259 263
260 266
260 269
260 291
260 294
260 300
262 264
262 270
262 275
262 279
262 285
262 290
262 295
262 299
263 282
263 289
264 270
264 285
264 290
264 295
264 299
264 279
265 274
265 276
265 298
265 283
266 268
266 288
266 291
266 294
266 300
266 269
266 271
266 286
267 273
267 297
268 300
268 291
268 269
268 271
268 286
269 288
269 291
269 294
269 300
269 271
269 286
270 290
270 299
270 285
271 291
271 294
271 300
273 297
274 298
274 278
274 293
274 283
275 285
275 290
275 299
276 298
276 296
276 293
276 283
277 287
277 280
277 281
278 298
279 285
279 290
279 299
280 281
281 287
283 293
283 296
283 298
284 292
285 290
285 295
285 299
286 288
286 291
286 294
286 300
288 291
290 299
290 295
291 300
291 294
293 298
294 300
295 299
296 298
