heur056_n_300_m_12131
1 131
1 136
1 10
1 12
1 281
1 80
1 208
1 100
1 110
1 112
1 73
1 245
1 222
1 11
1 286
1 182
1 85
1 67
1 264
1 294
1 277
1 183
1 51
1 207
1 295
1 76
1 246
1 54
1 108
1 279
1 126
1 15
1 275
1 40
1 31
1 205
1 283
1 30
1 132
1 291
1 178
2 129
2 258
2 130
2 134
2 13
2 271
2 272
2 16
2 276
2 24
2 282
2 28
2 32
2 33
2 35
2 163
2 167
2 41
2 298
2 43
2 177
2 53
2 184
2 61
2 194
2 198
2 199
2 202
2 81
2 210
2 84
2 89
2 90
2 92
2 221
2 95
2 225
2 102
2 234
2 111
2 241
2 113
2 242
2 116
2 38
2 227
2 200
2 142
2 46
2 262
2 23
3 133
3 7
3 139
3 20
3 39
3 187
3 97
3 101
3 114
3 121
3 69
3 71
3 83
3 189
3 60
3 228
3 223
3 152
3 170
3 257
3 219
3 127
3 231
3 109
3 166
3 151
3 175
3 209
3 137
3 269
3 77
3 66
3 235
3 229
3 244
3 47
3 52
3 157
3 82
3 26
3 19
3 125
4 280
4 44
4 56
4 91
4 123
4 57
4 45
4 70
4 296
4 5
4 29
4 156
4 188
4 218
4 103
4 75
4 292
4 196
4 260
4 293
4 36
4 186
4 265
4 203
4 37
4 150
4 250
4 226
4 299
4 148
4 197
4 18
4 50
4 138
4 93
4 261
4 64
4 65
4 58
4 145
4 190
4 160
4 256
4 176
4 278
4 274
4 249
4 94
4 172
4 214
4 17
4 270
4 211
4 224
4 195
4 25
4 162
4 185
4 284
4 180
4 248
4 62
4 236
5 141
5 280
5 297
5 44
5 56
5 57
5 70
5 123
5 218
5 103
5 292
5 196
5 49
5 260
5 293
5 186
5 265
5 203
5 117
5 250
5 259
5 120
5 254
5 138
5 263
5 261
5 64
5 190
5 160
5 256
5 274
5 249
5 94
5 172
5 214
5 17
5 270
5 224
5 195
5 185
5 248
6 144
6 146
6 154
6 285
6 159
6 289
6 161
6 55
6 98
6 240
6 252
6 22
6 135
6 143
6 267
6 181
6 192
6 273
6 201
6 300
6 215
6 115
6 290
6 213
6 216
6 204
6 59
6 88
6 165
6 48
6 266
6 118
6 105
7 187
7 97
7 133
7 121
7 69
7 83
7 189
7 60
7 228
7 170
7 257
7 127
7 231
7 119
7 109
7 166
7 175
7 209
7 137
7 269
7 66
7 235
7 229
7 47
7 82
7 26
7 19
7 125
8 298
8 194
8 111
8 53
8 89
8 272
8 95
8 41
8 86
8 241
8 113
8 28
8 84
8 61
8 271
8 184
8 32
8 177
8 282
8 199
8 43
8 24
8 129
8 198
8 167
8 13
8 234
8 134
8 258
8 210
8 35
8 33
8 116
8 202
8 92
8 102
8 90
8 16
8 276
8 163
8 221
8 81
8 242
8 130
8 225
8 38
8 227
8 200
8 142
8 46
8 262
8 23
9 268
9 14
9 155
9 27
9 288
9 191
9 63
9 239
9 238
9 243
9 168
10 110
10 80
10 112
10 96
10 34
10 222
10 11
10 173
10 286
10 182
10 85
10 264
10 294
10 51
10 207
10 295
10 76
10 246
10 108
10 279
10 275
10 40
10 31
10 205
10 283
10 30
10 132
10 291
10 178
11 131
11 136
11 12
11 281
11 34
11 73
11 208
11 222
11 96
11 100
11 110
11 112
11 245
11 173
11 286
11 182
11 85
11 67
11 264
11 294
11 277
11 183
11 51
11 207
11 295
11 76
11 54
11 279
11 126
11 15
11 40
11 31
11 205
11 283
11 132
11 291
11 128
11 178
12 80
12 112
12 96
12 34
12 173
12 286
12 85
12 264
12 294
12 207
12 76
12 246
12 108
12 275
12 205
12 30
13 129
13 271
13 272
13 24
13 28
13 32
13 167
13 41
13 298
13 177
13 53
13 184
13 61
13 194
13 199
13 72
13 78
13 84
13 86
13 95
13 106
13 111
13 241
13 113
13 21
13 134
13 258
13 210
13 35
13 33
13 116
13 202
13 102
13 90
13 16
13 163
13 221
13 232
13 81
13 233
13 242
13 130
13 38
13 217
13 68
13 227
13 200
13 171
13 46
13 149
13 262
13 23
14 268
14 155
14 63
14 191
14 253
14 255
14 238
14 168
15 264
15 286
15 34
15 294
15 173
15 76
15 207
15 80
15 85
15 222
15 108
15 112
15 246
15 275
15 31
15 205
15 30
15 291
16 129
16 258
16 134
16 271
16 21
16 282
16 28
16 32
16 33
16 35
16 167
16 41
16 298
16 43
16 177
16 53
16 198
16 199
16 72
16 202
16 78
16 210
16 84
16 86
16 89
16 90
16 92
16 95
16 102
16 106
16 234
16 111
16 113
16 116
16 276
16 232
16 81
16 233
16 242
16 130
16 225
16 38
16 217
16 68
16 227
16 200
16 171
16 142
16 46
16 149
16 262
16 23
17 259
17 263
17 261
17 265
17 141
17 145
17 18
17 274
17 148
17 150
17 278
17 280
17 156
17 29
17 292
17 36
17 37
17 296
17 297
17 299
17 44
17 45
17 176
17 49
17 50
17 186
17 58
17 188
17 64
17 65
17 197
17 70
17 75
17 203
17 214
17 91
17 93
17 94
17 226
17 103
17 117
17 120
17 249
17 123
17 254
17 211
17 224
17 195
17 25
17 162
17 284
17 180
17 248
17 62
17 236
18 259
18 260
18 265
18 141
18 148
18 280
18 292
18 293
18 36
18 37
18 297
18 299
18 44
18 45
18 49
18 56
18 57
18 186
18 196
18 197
18 70
18 218
18 226
18 103
18 117
18 120
18 250
18 123
18 254
18 50
18 138
18 263
18 261
18 64
18 160
18 256
18 176
18 278
18 274
18 249
18 94
18 172
18 214
18 270
18 211
18 224
18 195
18 185
18 248
19 257
19 133
19 137
19 139
19 269
19 20
19 147
19 151
19 152
19 153
19 26
19 157
19 158
19 166
19 39
19 42
19 170
19 174
19 175
19 47
19 52
19 187
19 189
19 193
19 66
19 71
19 77
19 79
19 82
19 83
19 212
19 119
19 219
19 220
19 223
19 97
19 99
19 228
19 101
19 230
19 229
19 107
19 235
19 237
19 109
19 114
19 244
19 247
19 121
19 122
19 251
19 124
19 127
20 97
20 187
20 153
20 133
20 121
20 79
20 107
20 69
20 71
20 83
20 189
20 60
20 228
20 99
20 237
20 122
20 170
20 257
20 219
20 127
20 231
20 147
20 193
20 109
20 220
20 166
20 151
20 230
20 175
20 209
20 137
20 124
20 269
20 77
20 66
20 235
20 229
20 47
20 52
20 82
20 26
20 125
21 129
21 272
21 24
21 282
21 28
21 32
21 167
21 41
21 298
21 43
21 177
21 53
21 184
21 61
21 194
21 198
21 199
21 84
21 89
21 95
21 234
21 111
21 241
21 113
21 134
21 258
21 210
21 35
21 33
21 116
21 202
21 92
21 102
21 90
21 276
21 163
21 221
21 81
21 242
21 130
21 225
21 38
21 227
21 200
21 142
21 46
21 262
21 23
22 144
22 146
22 285
22 159
22 164
22 55
22 98
22 240
22 252
22 74
22 135
22 143
22 181
22 192
22 273
22 201
22 300
22 215
22 115
22 216
22 204
22 87
22 59
22 88
22 48
22 287
22 206
22 118
22 105
23 129
23 130
23 142
23 272
23 276
23 149
23 24
23 28
23 33
23 35
23 163
23 167
23 43
23 171
23 46
23 177
23 53
23 184
23 61
23 194
23 68
23 198
23 199
23 72
23 200
23 202
23 78
23 210
23 217
23 92
23 221
23 95
23 232
23 233
23 106
23 241
23 113
23 242
24 271
24 282
24 28
24 32
24 41
24 298
24 43
24 177
24 53
24 199
24 78
24 84
24 86
24 89
24 95
24 111
24 113
24 129
24 198
24 167
24 106
24 234
24 134
24 258
24 210
24 35
24 33
24 116
24 202
24 92
24 102
24 90
24 276
24 232
24 81
24 233
24 242
24 130
24 225
24 38
24 217
24 68
24 227
24 200
24 171
24 142
24 46
24 149
24 262
25 256
25 259
25 260
25 263
25 261
25 265
25 138
25 141
25 270
25 274
25 148
25 150
25 278
25 280
25 29
25 160
25 292
25 293
25 36
25 37
25 296
25 297
25 299
25 44
25 172
25 176
25 49
25 50
25 56
25 57
25 186
25 58
25 188
25 190
25 65
25 195
25 196
25 197
25 70
25 203
25 211
25 214
25 218
25 93
25 94
25 224
25 226
25 103
25 117
25 120
25 249
25 250
25 123
25 254
25 162
25 185
25 284
25 180
25 248
25 236
26 139
26 147
26 151
26 152
26 153
26 157
26 158
26 166
26 39
26 42
26 170
26 174
26 175
26 52
26 187
26 60
26 193
26 69
26 71
26 77
26 79
26 209
26 82
26 212
26 119
26 219
26 223
26 99
26 101
26 230
26 231
26 107
26 235
26 237
26 109
26 114
26 244
26 247
26 122
26 251
26 124
26 127
26 125
27 63
27 155
27 268
27 253
27 255
27 238
27 168
28 272
28 53
28 194
28 72
28 78
28 86
28 241
28 113
28 84
28 61
28 271
28 184
28 32
28 199
28 129
28 198
28 106
28 35
28 116
28 202
28 92
28 163
28 221
28 232
28 81
28 233
28 225
28 38
28 217
28 68
28 200
28 171
28 142
28 46
28 149
28 262
29 141
29 280
29 297
29 44
29 45
29 56
29 57
29 70
29 188
29 218
29 103
29 292
29 196
29 49
29 260
29 293
29 186
29 265
29 37
29 117
29 250
29 259
29 120
29 254
29 197
29 50
29 138
29 263
29 261
29 64
29 160
29 256
29 278
29 274
29 249
29 94
29 172
29 214
29 270
29 211
29 224
29 195
29 185
29 284
29 180
29 248
30 131
30 136
30 264
30 277
30 279
30 281
30 283
30 286
30 31
30 34
30 294
30 295
30 40
30 173
30 51
30 182
30 183
30 54
30 67
30 73
30 205
30 207
30 208
30 85
30 222
30 96
30 100
30 110
30 112
30 245
30 126
30 132
30 291
30 128
30 178
31 131
31 136
31 264
31 275
31 277
31 34
31 294
31 295
31 173
31 183
31 67
31 76
31 207
31 80
31 208
31 85
31 96
31 108
31 110
31 112
31 245
31 246
31 205
31 132
31 291
31 128
32 272
32 41
32 53
32 184
32 61
32 194
32 72
32 78
32 84
32 241
32 113
32 177
32 199
32 43
32 129
32 198
32 106
32 33
32 202
32 92
32 163
32 221
32 232
32 233
32 217
32 68
32 200
32 171
32 142
32 46
32 149
33 129
33 258
33 134
33 271
33 272
33 282
33 35
33 167
33 298
33 43
33 53
33 184
33 61
33 194
33 198
33 199
33 72
33 78
33 210
33 84
33 86
33 95
33 106
33 234
33 111
33 241
33 113
33 116
33 202
33 92
33 102
33 90
33 276
33 163
33 221
33 232
33 81
33 233
33 242
33 130
33 225
33 38
33 217
33 68
33 227
33 200
33 171
33 142
33 46
33 149
33 262
34 131
34 281
34 73
34 80
34 208
34 100
34 110
34 112
34 286
34 182
34 85
34 67
34 264
34 294
34 277
34 183
34 51
34 207
34 295
34 76
34 246
34 54
34 108
34 279
34 126
34 275
34 40
34 205
34 283
34 132
34 291
34 128
34 178
35 129
35 271
35 272
35 177
35 53
35 184
35 61
35 194
35 198
35 72
35 78
35 210
35 84
35 86
35 106
35 111
35 241
35 113
35 202
35 92
35 102
35 90
35 163
35 221
35 232
35 233
35 38
35 217
35 68
35 227
35 200
35 171
35 142
35 46
35 149
36 260
36 141
36 280
36 156
36 293
36 297
36 49
36 56
36 57
36 188
36 196
36 70
36 75
36 218
36 91
36 103
36 123
36 186
36 265
36 203
36 37
36 117
36 150
36 250
36 259
36 120
36 148
36 254
36 197
36 138
36 263
36 261
36 64
36 58
36 145
36 190
36 160
36 256
36 278
36 249
36 94
36 172
36 214
36 270
36 224
36 162
36 185
36 284
36 180
36 248
36 62
36 236
37 260
37 265
37 141
37 292
37 293
37 297
37 44
37 49
37 56
37 57
37 186
37 196
37 70
37 203
37 218
37 91
37 103
37 123
37 117
37 150
37 250
37 226
37 259
37 120
37 148
37 254
37 138
37 263
37 64
37 160
37 256
37 274
37 249
37 94
37 172
37 214
37 270
37 211
37 224
37 195
37 162
37 185
37 180
37 248
37 62
37 236
38 271
38 272
38 163
38 41
38 298
38 43
38 177
38 53
38 184
38 61
38 194
38 198
38 72
38 202
38 78
38 210
38 84
38 92
38 221
38 95
38 102
38 232
38 233
38 106
38 234
38 241
38 217
38 68
38 200
38 171
38 142
38 149
39 187
39 97
39 114
39 139
39 153
39 133
39 121
39 79
39 107
39 69
39 212
39 174
39 83
39 189
39 60
39 228
39 99
39 223
39 152
39 122
39 170
39 257
39 219
39 127
39 231
39 147
39 193
39 119
39 109
39 220
39 151
39 230
39 175
39 209
39 137
39 124
39 269
39 66
39 235
39 229
39 244
39 47
39 82
39 125
40 264
40 275
40 277
40 294
40 295
40 173
40 183
40 54
40 67
40 76
40 207
40 80
40 85
40 96
40 108
40 110
40 112
40 246
40 205
40 132
40 291
40 178
41 272
41 298
41 53
41 194
41 72
41 78
41 86
41 241
41 84
41 61
41 271
41 184
41 177
41 282
41 199
41 129
41 198
41 106
41 116
41 202
41 92
41 276
41 163
41 221
41 232
41 233
41 225
41 217
41 68
41 227
41 200
41 171
41 142
41 46
41 149
42 133
42 187
42 69
42 97
42 107
42 121
42 174
42 83
42 189
42 60
42 228
42 257
42 127
42 231
42 193
42 119
42 109
42 220
42 166
42 175
42 209
42 137
42 124
42 269
42 66
42 235
42 229
42 47
42 82
42 125
43 271
43 272
43 282
43 298
43 177
43 53
43 184
43 61
43 194
43 72
43 78
43 84
43 86
43 89
43 241
43 113
43 129
43 167
43 106
43 210
43 116
43 202
43 102
43 90
43 276
43 163
43 221
43 232
43 81
43 233
43 130
43 217
43 68
43 227
43 200
43 171
43 46
43 149
44 56
44 91
44 123
44 280
44 297
44 57
44 45
44 70
44 296
44 141
44 156
44 188
44 218
44 103
44 75
44 196
44 49
44 260
44 293
44 186
44 265
44 203
44 117
44 150
44 250
44 299
44 259
44 120
44 148
44 254
44 197
44 50
44 138
44 93
44 263
44 261
44 64
44 65
44 58
44 145
44 190
44 160
44 256
44 176
44 278
44 249
44 94
44 172
44 214
44 270
44 224
44 162
44 185
44 284
44 180
44 248
44 62
44 236
45 297
45 56
45 57
45 123
45 70
45 296
45 141
45 218
45 103
45 196
45 49
45 260
45 293
45 186
45 117
45 250
45 259
45 120
45 254
45 138
45 263
45 58
45 190
45 160
45 256
45 274
45 249
45 94
45 172
45 214
45 270
45 211
45 224
45 195
45 185
45 284
45 248
46 258
46 130
46 142
46 271
46 272
46 276
46 282
46 163
46 167
46 298
46 171
46 184
46 61
46 194
46 68
46 198
46 72
46 200
46 202
46 78
46 81
46 84
46 86
46 89
46 90
46 217
46 92
46 221
46 95
46 227
46 232
46 233
46 106
46 111
46 241
46 113
46 242
46 149
46 262
47 139
47 147
47 151
47 152
47 153
47 158
47 166
47 170
47 174
47 175
47 187
47 60
47 193
47 69
47 71
47 77
47 79
47 209
47 212
47 119
47 219
47 220
47 223
47 99
47 101
47 230
47 231
47 107
47 235
47 237
47 109
47 114
47 244
47 247
47 122
47 251
47 124
47 127
47 52
47 157
47 82
47 125
48 135
48 267
48 143
48 144
48 146
48 154
48 285
48 159
48 289
48 161
48 290
48 164
48 165
48 169
48 300
48 181
48 55
48 192
48 201
48 74
48 204
48 213
48 215
48 216
48 88
48 98
48 104
48 115
48 252
48 287
48 206
48 266
48 118
48 105
49 280
49 156
49 292
49 296
49 56
49 57
49 188
49 196
49 70
49 75
49 218
49 91
49 103
49 123
49 260
49 293
49 186
49 265
49 203
49 150
49 250
49 226
49 299
49 148
49 197
49 50
49 138
49 93
49 261
49 64
49 65
49 58
49 145
49 190
49 160
49 256
49 176
49 278
49 274
49 249
49 94
49 172
49 214
49 270
49 211
49 224
49 195
49 162
49 185
49 284
49 180
49 248
49 62
49 236
50 259
50 260
50 141
50 292
50 293
50 297
50 56
50 57
50 196
50 70
50 218
50 226
50 117
50 120
50 250
50 254
50 138
50 263
50 58
50 190
50 160
50 256
50 274
50 94
50 172
50 214
50 270
50 211
50 224
50 195
50 185
50 180
50 236
51 131
51 264
51 277
51 281
51 286
51 294
51 173
51 183
51 67
51 80
51 208
51 85
51 110
51 112
51 207
51 295
51 76
51 246
51 108
51 275
51 205
51 132
51 291
52 257
52 133
52 137
52 139
52 269
52 153
52 166
52 170
52 175
52 187
52 60
52 189
52 66
52 69
52 209
52 83
52 119
52 219
52 97
52 228
52 231
52 229
52 235
52 109
52 121
52 122
52 127
52 82
52 125
53 298
53 194
53 111
53 89
53 272
53 78
53 72
53 95
53 86
53 241
53 113
53 84
53 61
53 271
53 184
53 177
53 282
53 198
53 167
53 106
53 234
53 134
53 258
53 210
53 116
53 202
53 92
53 90
53 163
53 221
53 232
53 81
53 233
53 242
53 130
53 225
53 217
53 68
53 227
53 200
53 171
53 142
53 149
53 262
54 264
54 286
54 294
54 173
54 76
54 207
54 80
54 85
54 112
54 246
54 108
54 275
54 205
54 283
54 132
55 154
55 289
55 240
55 285
55 161
55 164
55 144
55 98
55 146
55 159
55 169
55 74
55 135
55 104
55 267
55 273
55 201
55 179
55 290
55 213
55 216
55 204
55 87
55 59
55 88
55 165
55 287
55 206
55 266
55 140
55 105
56 91
56 123
56 280
56 297
56 70
56 296
56 141
56 156
56 188
56 103
56 75
56 292
56 186
56 265
56 203
56 117
56 150
56 226
56 299
56 259
56 120
56 148
56 254
56 197
56 93
56 263
56 261
56 64
56 65
56 58
56 145
56 190
56 176
56 278
56 274
56 249
56 94
56 214
56 211
56 224
56 195
56 162
56 284
56 180
56 248
56 62
56 236
57 280
57 297
57 91
57 123
57 70
57 296
57 141
57 156
57 188
57 103
57 75
57 292
57 186
57 265
57 203
57 117
57 150
57 226
57 299
57 120
57 148
57 254
57 197
57 93
57 263
57 261
57 64
57 65
57 58
57 145
57 190
57 176
57 278
57 274
57 249
57 94
57 214
57 211
57 224
57 195
57 162
57 185
57 284
57 180
57 248
57 62
57 236
58 64
58 65
58 70
58 75
58 93
58 103
58 117
58 120
58 123
58 138
58 141
58 148
58 150
58 186
58 188
58 196
58 197
58 218
58 226
58 250
58 254
58 259
58 260
58 261
58 263
58 265
58 280
58 292
58 293
58 297
58 299
58 160
58 256
58 176
58 278
58 274
58 249
58 94
58 172
58 214
58 270
58 211
58 224
58 195
58 185
58 284
58 180
58 248
58 62
58 236
59 135
59 267
59 143
59 144
59 146
59 285
59 159
59 161
59 290
59 164
59 169
59 300
59 181
59 192
59 201
59 74
59 204
59 213
59 215
59 216
59 87
59 104
59 115
59 252
59 88
59 206
59 266
59 118
59 105
60 133
60 139
60 153
60 174
60 187
60 189
60 71
60 79
60 83
60 212
60 97
60 101
60 107
60 114
60 247
60 121
60 228
60 99
60 223
60 237
60 152
60 122
60 170
60 158
60 257
60 219
60 127
60 147
60 251
60 193
60 119
60 109
60 220
60 166
60 151
60 230
60 175
60 137
60 124
60 269
60 77
60 66
60 235
60 229
60 244
60 157
60 82
61 298
61 72
61 78
61 84
61 86
61 89
61 95
61 111
61 113
61 271
61 177
61 282
61 199
61 129
61 198
61 167
61 106
61 234
61 134
61 258
61 210
61 116
61 202
61 92
61 102
61 90
61 276
61 232
61 81
61 233
61 242
61 130
61 225
61 217
61 68
61 227
61 200
61 171
61 142
61 149
61 262
62 256
62 259
62 260
62 263
62 261
62 138
62 141
62 270
62 274
62 160
62 162
62 292
62 293
62 296
62 297
62 172
62 186
62 185
62 190
62 195
62 196
62 197
62 211
62 214
62 218
62 94
62 224
62 248
62 226
62 117
62 120
62 249
62 250
62 254
63 155
63 268
63 191
63 288
63 253
63 239
63 255
63 238
63 243
63 168
64 259
64 260
64 263
64 265
64 138
64 261
64 141
64 150
64 280
64 292
64 293
64 297
64 296
64 186
64 196
64 197
64 70
64 203
64 218
64 226
64 103
64 117
64 120
64 250
64 254
64 190
64 160
64 256
64 278
64 274
64 94
64 172
64 214
64 270
64 211
64 224
64 195
64 162
64 185
64 284
64 248
64 236
65 259
65 260
65 263
65 265
65 138
65 261
65 141
65 292
65 293
65 297
65 186
65 196
65 218
65 117
65 120
65 250
65 254
65 160
65 256
65 274
65 94
65 172
65 214
65 270
65 211
65 224
65 195
65 185
65 248
66 139
66 147
66 151
66 152
66 153
66 158
66 166
66 170
66 174
66 175
66 187
66 193
66 69
66 71
66 77
66 79
66 209
66 212
66 119
66 219
66 223
66 99
66 101
66 231
66 230
66 107
66 237
66 109
66 114
66 247
66 122
66 251
66 124
66 127
66 235
66 244
66 157
66 82
66 125
67 131
67 281
67 173
67 182
67 80
67 85
67 222
67 112
67 264
67 294
67 207
67 76
67 246
67 108
67 275
67 205
67 132
67 291
67 178
68 129
68 258
68 130
68 134
68 271
68 272
68 276
68 282
68 163
68 167
68 298
68 177
68 184
68 194
68 198
68 199
68 202
68 81
68 210
68 84
68 86
68 89
68 90
68 92
68 221
68 95
68 225
68 102
68 233
68 234
68 111
68 241
68 113
68 242
68 116
68 227
68 200
68 171
68 142
68 262
69 133
69 139
69 153
69 187
69 79
69 97
69 101
69 107
69 114
69 247
69 121
69 212
69 174
69 71
69 83
69 189
69 228
69 99
69 223
69 237
69 152
69 122
69 170
69 158
69 257
69 219
69 127
69 147
69 251
69 193
69 119
69 109
69 220
69 166
69 151
69 230
69 175
69 137
69 124
69 269
69 77
69 235
69 229
69 244
69 157
69 82
70 280
70 297
70 296
70 141
70 218
70 292
70 196
70 260
70 293
70 186
70 203
70 117
70 150
70 250
70 226
70 259
70 120
70 148
70 254
70 138
70 93
70 263
70 261
70 145
70 190
70 160
70 256
70 274
70 249
70 94
70 172
70 214
70 270
70 211
70 224
70 195
70 162
70 185
70 248
70 236
71 133
71 187
71 97
71 121
71 83
71 189
71 228
71 170
71 257
71 127
71 231
71 119
71 109
71 220
71 166
71 151
71 175
71 209
71 137
71 269
71 235
71 229
71 82
71 125
72 272
72 298
72 89
72 111
72 95
72 86
72 113
72 84
72 271
72 177
72 282
72 199
72 129
72 198
72 167
72 234
72 134
72 258
72 210
72 116
72 202
72 92
72 102
72 90
72 276
72 81
72 242
72 130
72 225
72 227
72 200
72 171
72 142
72 262
73 80
73 110
73 96
73 173
73 85
73 264
73 207
73 76
73 246
73 108
73 275
73 205
73 132
73 291
74 144
74 146
74 285
74 159
74 161
74 164
74 169
74 98
74 252
74 135
74 104
74 143
74 267
74 181
74 192
74 273
74 201
74 300
74 179
74 215
74 115
74 290
74 216
74 204
74 87
74 88
74 287
74 206
74 266
74 118
74 140
74 105
75 141
75 297
75 218
75 292
75 196
75 260
75 293
75 186
75 117
75 250
75 259
75 120
75 254
75 138
75 263
75 160
75 256
75 274
75 94
75 172
75 214
75 270
75 211
75 224
75 195
75 185
76 131
76 136
76 264
76 277
76 281
76 286
76 294
76 295
76 173
76 182
76 183
76 208
76 222
76 96
76 100
76 110
76 112
76 245
76 108
76 279
76 126
76 205
76 283
76 132
76 291
76 128
76 178
77 257
77 133
77 137
77 269
77 147
77 151
77 152
77 153
77 170
77 174
77 175
77 187
77 189
77 193
77 79
77 209
77 83
77 119
77 219
77 220
77 223
77 97
77 228
77 101
77 231
77 230
77 107
77 109
77 114
77 247
77 121
77 122
77 124
77 127
77 235
77 229
77 244
77 157
77 82
77 125
78 272
78 298
78 194
78 89
78 111
78 95
78 86
78 241
78 113
78 84
78 184
78 177
78 282
78 199
78 129
78 198
78 167
78 234
78 134
78 258
78 210
78 116
78 202
78 92
78 102
78 90
78 276
78 163
78 221
78 81
78 242
78 130
78 225
78 227
78 200
78 142
78 262
79 133
79 153
79 187
79 97
79 114
79 121
79 174
79 83
79 189
79 228
79 223
79 152
79 122
79 170
79 158
79 257
79 219
79 127
79 231
79 109
79 166
79 151
79 175
79 209
79 137
79 269
79 235
79 229
79 244
79 82
79 125
80 131
80 110
80 281
80 208
80 136
80 100
80 112
80 96
80 245
80 222
80 173
80 286
80 182
80 85
80 264
80 294
80 277
80 183
80 207
80 295
80 279
80 126
80 205
80 283
80 132
80 291
80 128
80 178
81 129
81 271
81 272
81 163
81 177
81 184
81 194
81 198
81 199
81 202
81 84
81 86
81 92
81 221
81 95
81 102
81 232
81 106
81 241
81 233
81 217
81 200
81 171
81 142
81 149
81 262
82 257
82 133
82 137
82 139
82 269
82 147
82 151
82 152
82 153
82 157
82 158
82 166
82 170
82 174
82 189
82 193
82 209
82 83
82 212
82 119
82 219
82 220
82 97
82 99
82 228
82 101
82 230
82 231
82 229
82 107
82 237
82 114
82 244
82 247
82 121
82 251
82 124
82 125
83 139
83 153
83 174
83 187
83 212
83 101
83 107
83 114
83 247
83 99
83 223
83 237
83 152
83 122
83 170
83 158
83 219
83 127
83 231
83 147
83 251
83 193
83 119
83 109
83 220
83 166
83 151
83 230
83 175
83 209
83 124
83 235
83 244
83 157
83 125
84 272
84 298
84 194
84 89
84 95
84 241
84 113
84 184
84 177
84 199
84 129
84 198
84 167
84 106
84 234
84 210
84 202
84 92
84 102
84 276
84 163
84 221
84 232
84 233
84 242
84 130
84 225
84 217
84 227
84 200
84 171
84 142
84 149
85 131
85 136
85 281
85 286
85 173
85 182
85 208
85 222
85 96
85 100
85 110
85 112
85 245
85 264
85 294
85 277
85 183
85 295
85 246
85 108
85 279
85 126
85 275
85 205
85 283
85 132
85 291
85 128
85 178
86 272
86 298
86 194
86 89
86 95
86 241
86 113
86 184
86 177
86 282
86 199
86 129
86 198
86 106
86 210
86 202
86 92
86 102
86 276
86 163
86 221
86 232
86 233
86 242
86 217
86 227
86 200
86 171
86 142
86 149
87 135
87 267
87 143
87 144
87 146
87 285
87 159
87 290
87 300
87 181
87 192
87 201
87 204
87 215
87 216
87 104
87 115
87 252
87 88
87 287
87 206
87 266
87 118
87 105
88 267
88 143
88 144
88 273
88 154
88 285
88 159
88 289
88 161
88 290
88 164
88 169
88 300
88 179
88 181
88 192
88 201
88 204
88 213
88 215
88 216
88 98
88 104
88 240
88 115
88 252
88 165
88 287
88 206
88 266
88 118
88 140
88 105
89 194
89 272
89 241
89 271
89 184
89 177
89 282
89 129
89 198
89 106
89 202
89 92
89 163
89 221
89 232
89 233
89 217
89 227
89 171
89 142
89 149
90 129
90 272
90 177
90 184
90 194
90 198
90 199
90 202
90 92
90 106
90 241
90 113
90 163
90 221
90 232
90 233
90 242
90 217
90 200
90 171
90 142
90 149
91 280
91 297
91 141
91 218
91 292
91 196
91 260
91 293
91 186
91 117
91 250
91 226
91 259
91 120
91 254
91 138
91 263
91 261
91 190
91 160
91 256
91 278
91 274
91 94
91 172
91 214
91 270
91 211
91 224
91 195
91 185
91 248
92 129
92 258
92 134
92 271
92 272
92 282
92 167
92 298
92 177
92 184
92 194
92 199
92 202
92 210
92 95
92 106
92 234
92 111
92 241
92 113
92 116
92 102
92 276
92 163
92 221
92 232
92 233
92 242
92 130
92 225
92 217
92 227
92 200
92 171
92 149
93 259
93 260
93 265
93 138
93 141
93 292
93 293
93 297
93 186
93 196
93 203
93 218
93 103
93 117
93 120
93 250
93 254
93 263
93 261
93 190
93 160
93 256
93 274
93 94
93 172
93 214
93 270
93 224
93 195
93 185
94 256
94 259
94 260
94 263
94 265
94 138
94 261
94 141
94 145
94 148
94 274
94 150
94 278
94 280
94 156
94 160
94 292
94 293
94 297
94 296
94 299
94 176
94 186
94 188
94 190
94 196
94 197
94 218
94 226
94 117
94 120
94 249
94 250
94 123
94 254
94 172
94 270
94 211
94 224
94 195
94 162
94 185
94 284
94 180
94 248
94 236
95 272
95 194
95 241
95 113
95 184
95 199
95 129
95 198
95 106
95 202
95 163
95 221
95 232
95 233
95 217
95 227
95 171
95 142
95 149
95 262
96 131
96 281
96 100
96 110
96 112
96 222
96 182
96 264
96 294
96 277
96 183
96 207
96 246
96 108
96 126
96 275
96 205
96 283
96 132
96 291
96 178
97 187
97 114
97 139
97 153
97 247
97 101
97 107
97 212
97 174
97 228
97 99
97 223
97 237
97 152
97 122
97 170
97 158
97 219
97 127
97 231
97 147
97 251
97 193
97 119
97 109
97 220
97 166
97 151
97 230
97 175
97 209
97 124
97 235
97 244
97 157
97 125
98 144
98 285
98 161
98 164
98 252
98 146
98 159
98 135
98 104
98 143
98 181
98 192
98 300
98 215
98 115
98 213
98 204
98 287
98 266
98 118
99 133
99 187
99 189
99 228
99 121
99 257
99 127
99 231
99 119
99 109
99 166
99 175
99 209
99 137
99 269
99 235
99 229
99 125
100 110
100 112
100 173
100 264
100 294
100 207
100 246
100 108
100 275
100 132
101 133
101 187
101 121
101 189
101 228
101 170
101 257
101 127
101 231
101 119
101 109
101 209
101 137
101 269
101 235
101 229
101 125
102 134
102 271
102 272
102 184
102 194
102 198
102 199
102 202
102 210
102 106
102 234
102 111
102 241
102 113
102 116
102 163
102 221
102 232
102 233
102 242
102 217
102 227
102 171
102 142
102 149
102 262
103 141
103 297
103 296
103 218
103 292
103 196
103 260
103 293
103 117
103 150
103 250
103 226
103 259
103 120
103 254
103 197
103 138
103 263
103 261
103 190
103 160
103 256
103 274
103 172
103 270
103 211
103 224
103 195
103 162
103 185
103 180
103 248
103 236
104 135
104 144
104 146
104 285
104 159
104 240
104 252
104 143
104 181
104 192
104 273
104 201
104 300
104 215
104 115
104 216
104 204
104 165
104 287
104 266
104 118
104 105
105 135
105 266
105 143
105 144
105 146
105 287
105 161
105 290
105 164
105 165
105 300
105 179
105 181
105 192
105 201
105 204
105 206
105 213
105 215
105 115
105 118
105 252
106 129
106 272
106 282
106 167
106 298
106 177
106 184
106 194
106 198
106 199
106 111
106 241
106 113
106 234
106 134
106 258
106 210
106 116
106 202
106 276
106 163
106 221
106 242
106 130
106 225
106 227
106 200
106 142
106 262
107 133
107 139
107 153
107 114
107 121
107 174
107 189
107 228
107 122
107 170
107 257
107 219
107 127
107 231
107 109
107 166
107 151
107 175
107 209
107 137
107 269
107 235
107 229
107 244
107 125
108 131
108 136
108 264
108 277
108 281
108 286
108 294
108 295
108 173
108 182
108 183
108 207
108 208
108 222
108 110
108 112
108 245
108 279
108 126
108 205
108 283
108 132
108 291
108 128
108 178
109 257
109 133
109 139
109 147
109 152
109 153
109 170
109 189
109 193
109 212
109 119
109 219
109 223
109 228
109 231
109 237
109 247
109 121
109 122
109 251
109 220
109 166
109 230
109 209
109 137
109 124
109 269
109 229
109 244
109 157
109 125
110 131
110 281
110 136
110 222
110 173
110 286
110 182
110 183
110 207
110 295
110 246
110 126
110 275
110 205
110 283
110 291
110 128
110 178
111 194
111 272
111 241
111 271
111 184
111 177
111 199
111 129
111 198
111 116
111 202
111 163
111 221
111 232
111 233
111 217
111 200
111 171
111 142
111 149
112 131
112 136
112 281
112 208
112 245
112 222
112 173
112 286
112 182
112 277
112 183
112 207
112 295
112 246
112 126
112 275
112 205
112 283
112 291
112 128
112 178
113 272
113 194
113 241
113 271
113 184
113 177
113 282
113 199
113 129
113 198
113 210
113 116
113 202
113 276
113 163
113 221
113 232
113 233
113 242
113 130
113 225
113 217
113 227
113 200
113 171
113 142
113 149
114 139
114 133
114 121
114 189
114 228
114 170
114 257
114 127
114 231
114 119
114 166
114 209
114 137
114 269
114 229
114 125
115 135
115 267
115 144
115 273
115 146
115 154
115 285
115 159
115 289
115 161
115 164
115 169
115 179
115 201
115 240
115 290
115 213
115 216
115 204
115 165
115 287
115 206
115 266
115 140
116 272
116 282
116 177
116 184
116 194
116 198
116 199
116 210
116 241
116 202
116 163
116 221
116 232
116 233
116 242
116 130
116 217
116 227
116 200
116 171
116 142
116 149
117 260
117 265
117 280
117 156
117 292
117 293
117 296
117 186
117 188
117 196
117 203
117 218
117 123
117 150
117 250
117 226
117 299
117 148
117 197
117 138
117 261
117 145
117 190
117 160
117 256
117 176
117 278
117 274
117 249
117 172
117 214
117 270
117 211
117 224
117 195
117 162
117 185
117 284
117 180
117 248
117 236
118 135
118 266
118 267
118 144
118 273
118 146
118 154
118 285
118 159
118 287
118 289
118 161
118 290
118 164
118 165
118 169
118 179
118 201
118 204
118 206
118 213
118 216
118 240
118 140
119 257
119 133
119 139
119 153
119 158
119 170
119 187
119 189
119 212
119 219
119 228
119 231
119 121
119 127
119 166
119 151
119 175
119 209
119 137
119 269
119 235
119 229
119 244
119 157
119 125
120 260
120 265
120 150
120 280
120 156
120 292
120 293
120 296
120 299
120 186
120 188
120 196
120 203
120 218
120 226
120 250
120 123
120 148
120 197
120 138
120 261
120 145
120 190
120 160
120 256
120 176
120 278
120 274
120 249
120 172
120 214
120 270
120 211
120 224
120 195
120 162
120 185
120 284
120 180
120 248
120 236
121 139
121 153
121 187
121 247
121 212
121 174
121 223
121 237
121 152
121 122
121 170
121 158
121 219
121 127
121 231
121 147
121 251
121 193
121 166
121 151
121 230
121 175
121 209
121 124
121 235
121 244
121 157
121 125
122 133
122 139
122 153
122 189
122 228
122 170
122 257
122 127
122 231
122 193
122 166
122 175
122 209
122 137
122 269
122 235
122 229
122 125
123 297
123 296
123 141
123 218
123 292
123 196
123 260
123 293
123 186
123 250
123 226
123 259
123 254
123 197
123 138
123 263
123 261
123 190
123 160
123 256
123 176
123 274
123 172
123 214
123 270
123 211
123 224
123 195
123 185
123 248
124 257
124 133
124 137
124 151
124 152
124 153
124 166
124 170
124 175
124 187
124 189
124 209
124 219
124 228
124 231
124 127
124 269
124 235
124 229
124 244
124 125
125 257
125 133
125 137
125 139
125 269
125 147
125 151
125 152
125 153
125 157
125 158
125 166
125 170
125 174
125 175
125 187
125 189
125 193
125 212
125 219
125 220
125 223
125 228
125 230
125 229
125 235
125 237
125 244
125 247
125 251
125 127
126 281
126 286
126 294
126 295
126 173
126 183
126 207
126 222
126 246
126 275
126 205
126 132
126 291
127 257
127 133
127 139
127 152
127 153
127 170
127 189
127 212
127 219
127 223
127 228
127 237
127 247
127 231
127 251
127 193
127 220
127 166
127 151
127 230
127 209
127 137
127 269
127 229
127 244
127 157
128 132
128 264
128 275
128 294
128 173
128 205
128 207
128 246
129 271
129 272
129 282
129 298
129 184
129 194
129 241
129 198
129 167
129 258
129 202
129 276
129 163
129 221
129 232
129 233
129 242
129 130
129 217
129 227
129 200
129 171
129 142
129 149
129 262
130 271
130 272
130 163
130 177
130 184
130 194
130 198
130 199
130 202
130 221
130 232
130 233
130 241
130 217
130 200
130 171
130 142
130 149
130 262
131 173
131 286
131 264
131 294
131 207
131 246
131 275
131 132
131 178
132 275
132 277
132 279
132 283
132 286
132 295
132 173
132 183
132 205
132 207
132 208
132 222
132 245
132 246
132 291
133 139
133 153
133 187
133 247
133 212
133 174
133 223
133 237
133 152
133 170
133 158
133 219
133 231
133 147
133 251
133 193
133 220
133 166
133 151
133 230
133 175
133 209
133 235
133 244
133 157
134 272
134 177
134 184
134 194
134 198
134 241
134 202
134 163
134 221
134 232
134 233
134 217
134 200
134 171
134 142
134 149
135 144
135 154
135 285
135 159
135 289
135 161
135 164
135 169
135 240
135 252
135 143
135 267
135 181
135 192
135 273
135 201
135 300
135 179
135 215
135 290
135 213
135 216
135 204
135 165
135 287
135 206
135 266
135 140
136 222
136 173
136 264
136 294
136 207
136 246
136 275
136 205
137 139
137 147
137 151
137 152
137 153
137 158
137 166
137 170
137 174
137 175
137 187
137 193
137 209
137 212
137 219
137 220
137 223
137 231
137 230
137 237
137 247
137 251
137 235
137 244
137 157
138 259
138 265
138 141
138 148
138 150
138 280
138 156
138 292
138 297
138 296
138 299
138 186
138 188
138 197
138 203
138 226
138 254
138 263
138 261
138 145
138 176
138 278
138 274
138 249
138 214
138 211
138 224
138 195
138 162
138 284
138 180
138 248
138 236
139 187
139 153
139 212
139 189
139 228
139 170
139 257
139 219
139 231
139 193
139 220
139 175
139 209
139 269
139 235
139 229
139 244
139 157
140 267
140 143
140 144
140 146
140 159
140 300
140 181
140 192
140 201
140 204
140 215
140 252
141 280
141 296
141 156
141 188
141 218
141 292
141 196
141 260
141 293
141 186
141 265
141 203
141 150
141 250
141 226
141 299
141 148
141 197
141 261
141 145
141 190
141 160
141 256
141 176
141 278
141 274
141 249
141 172
141 214
141 270
141 211
141 224
141 195
141 162
141 185
141 284
141 180
141 248
141 236
142 258
142 271
142 272
142 276
142 282
142 163
142 167
142 298
142 171
142 177
142 184
142 194
142 199
142 200
142 202
142 210
142 217
142 221
142 225
142 227
142 232
142 233
142 241
142 242
142 149
143 144
143 146
143 154
143 285
143 159
143 289
143 161
143 164
143 169
143 240
143 267
143 273
143 201
143 179
143 290
143 213
143 216
143 204
143 165
143 287
143 206
143 266
144 154
144 285
144 289
144 161
144 164
144 240
144 252
144 146
144 159
144 267
144 181
144 192
144 273
144 201
144 300
144 179
144 215
144 290
144 213
144 216
144 204
144 287
144 206
145 186
145 196
145 197
145 218
145 226
145 250
145 254
145 259
145 260
145 263
145 265
145 292
145 293
145 297
145 160
145 256
145 274
145 172
145 214
145 270
145 211
145 224
145 195
145 185
145 248
146 154
146 285
146 289
146 161
146 164
146 240
146 252
146 159
146 169
146 267
146 181
146 192
146 273
146 201
146 300
146 179
146 215
146 290
146 213
146 216
146 204
146 165
146 287
146 206
146 266
147 257
147 187
147 189
147 228
147 231
147 166
147 175
147 209
147 269
147 235
147 229
148 259
148 260
148 265
148 280
148 292
148 293
148 297
148 186
148 196
148 218
148 226
148 250
148 254
148 263
148 261
148 190
148 160
148 256
148 274
148 249
148 172
148 214
148 270
148 211
148 224
148 195
148 185
148 248
149 258
149 271
149 272
149 276
149 282
149 163
149 167
149 298
149 177
149 184
149 194
149 198
149 199
149 200
149 202
149 210
149 221
149 225
149 227
149 234
149 241
149 242
149 262
150 260
150 265
150 292
150 293
150 297
150 186
150 196
150 203
150 218
150 250
150 226
150 299
150 259
150 254
150 263
150 190
150 160
150 256
150 274
150 249
150 172
150 214
150 270
150 211
150 224
150 195
150 185
150 284
150 180
150 248
151 257
151 152
151 166
151 170
151 187
151 189
151 193
151 219
151 220
151 228
151 231
151 175
151 209
151 269
151 235
151 229
152 153
152 187
152 189
152 228
152 257
152 219
152 231
152 166
152 175
152 209
152 269
152 235
152 229
153 187
153 247
153 212
153 189
153 228
153 237
153 170
153 257
153 219
153 231
153 193
153 220
153 166
153 230
153 175
153 209
153 269
153 235
153 229
153 244
154 252
154 285
154 164
154 159
154 181
154 192
154 300
154 215
154 216
154 206
155 191
155 288
155 253
155 239
155 255
155 243
155 168
156 297
156 218
156 292
156 196
156 260
156 293
156 186
156 265
156 250
156 226
156 259
156 254
156 263
156 261
156 190
156 160
156 256
156 274
156 172
156 214
156 270
156 224
156 195
156 185
156 248
157 257
157 269
157 166
157 170
157 187
157 189
157 209
157 220
157 228
157 231
157 229
157 235
158 170
158 187
158 189
158 228
158 257
158 219
158 231
158 175
158 209
158 269
158 235
158 229
159 161
159 164
159 240
159 252
159 169
159 267
159 181
159 192
159 273
159 201
159 300
159 179
159 215
159 290
159 213
159 204
159 165
159 287
159 206
160 259
160 263
160 265
160 261
160 280
160 292
160 297
160 296
160 299
160 186
160 188
160 190
160 197
160 203
160 226
160 254
160 176
160 278
160 274
160 249
160 214
160 211
160 224
160 195
160 162
160 284
160 180
160 248
160 236
161 285
161 252
161 164
161 181
161 192
161 273
161 300
161 215
161 216
161 204
161 287
162 256
162 259
162 260
162 263
162 261
162 265
162 270
162 274
162 280
162 292
162 293
162 297
162 299
162 172
162 186
162 195
162 196
162 211
162 214
162 218
162 226
162 249
162 250
162 254
162 185
162 284
162 180
162 248
163 258
163 271
163 276
163 282
163 167
163 298
163 177
163 198
163 199
163 202
163 210
163 234
163 232
163 233
163 242
163 225
163 217
163 227
163 200
163 171
163 262
164 285
164 240
164 252
164 181
164 192
164 273
164 201
164 300
164 179
164 215
164 290
164 216
164 204
164 165
164 266
165 285
165 300
165 181
165 192
165 215
165 216
165 252
166 257
166 170
166 174
166 187
166 189
166 193
166 212
166 219
166 220
166 223
166 228
166 231
166 237
166 247
166 251
166 175
166 209
166 269
166 235
166 229
166 244
167 271
167 272
167 177
167 184
167 194
167 198
167 241
167 202
167 221
167 232
167 233
167 217
167 200
167 171
168 288
168 255
168 268
168 239
168 238
168 243
168 253
168 191
169 285
169 252
169 181
169 192
169 273
169 300
169 215
169 290
169 216
169 287
170 174
170 187
170 189
170 212
170 228
170 257
170 219
170 231
170 193
170 220
170 230
170 175
170 209
170 269
170 235
170 229
170 244
171 258
171 271
171 272
171 276
171 282
171 298
171 177
171 184
171 194
171 198
171 199
171 200
171 202
171 210
171 217
171 221
171 225
171 227
171 232
171 233
171 234
171 241
171 242
171 262
172 259
172 263
172 261
172 265
172 274
172 278
172 280
172 292
172 296
172 297
172 299
172 176
172 186
172 188
172 190
172 197
172 203
172 226
172 249
172 254
172 214
172 211
172 224
172 195
172 284
172 180
172 248
172 236
173 281
173 208
173 222
173 245
173 286
173 182
173 264
173 294
173 277
173 183
173 207
173 295
173 246
173 279
173 275
173 205
173 283
173 291
173 178
174 189
174 228
174 257
174 231
174 209
174 269
174 235
174 229
174 244
175 257
175 189
175 193
175 212
175 219
175 220
175 228
175 231
175 230
175 237
175 247
175 251
175 209
175 269
175 229
175 244
176 256
176 259
176 260
176 263
176 265
176 261
176 292
176 293
176 297
176 186
176 190
176 196
176 218
176 250
176 254
176 274
176 214
176 270
176 211
176 224
176 195
176 185
176 248
177 271
177 272
177 298
177 184
177 194
177 241
177 282
177 198
177 258
177 210
177 202
177 221
177 232
177 233
177 242
177 225
177 217
177 227
177 200
177 262
178 264
178 275
178 286
178 291
178 294
178 295
178 183
178 205
178 207
178 222
178 246
179 285
179 300
179 181
179 192
179 252
179 215
179 216
179 204
179 287
180 256
180 259
180 260
180 263
180 261
180 265
180 270
180 274
180 278
180 280
180 284
180 292
180 293
180 296
180 297
180 186
180 185
180 190
180 195
180 196
180 197
180 203
180 211
180 214
180 218
180 224
180 226
180 250
180 254
180 248
180 236
181 267
181 285
181 289
181 240
181 273
181 201
181 290
181 213
181 216
181 204
181 287
181 206
181 266
182 286
182 264
182 294
182 277
182 183
182 207
182 295
182 246
182 275
182 205
182 291
183 264
183 286
183 294
183 222
183 207
183 295
183 246
183 279
183 275
183 205
183 283
183 291
184 271
184 298
184 282
184 199
184 198
184 234
184 258
184 210
184 202
184 276
184 232
184 233
184 242
184 225
184 217
184 227
184 200
184 262
185 259
185 263
185 261
185 265
185 274
185 278
185 280
185 292
185 296
185 297
185 299
185 186
185 188
185 190
185 195
185 196
185 197
185 203
185 211
185 214
185 224
185 226
185 249
185 254
185 284
185 248
185 236
186 260
186 280
186 292
186 293
186 297
186 296
186 188
186 196
186 218
186 265
186 203
186 250
186 226
186 299
186 259
186 254
186 197
186 263
186 261
186 190
186 256
186 278
186 274
186 214
186 270
186 211
186 195
186 284
186 236
187 247
187 212
187 189
187 228
187 237
187 257
187 219
187 231
187 251
187 193
187 220
187 230
187 209
187 269
187 229
187 244
188 297
188 218
188 292
188 196
188 260
188 293
188 250
188 259
188 254
188 197
188 263
188 190
188 256
188 274
188 214
188 270
188 211
188 195
189 212
189 247
189 223
189 237
189 219
189 231
189 251
189 193
189 220
189 230
189 209
189 235
189 244
190 259
190 263
190 265
190 261
190 280
190 292
190 297
190 299
190 196
190 197
190 218
190 226
190 250
190 254
190 256
190 278
190 274
190 249
190 214
190 211
190 224
190 195
190 284
190 248
190 236
191 268
191 288
191 253
191 239
191 255
191 238
191 243
192 267
192 285
192 289
192 240
192 273
192 201
192 290
192 213
192 216
192 204
192 287
192 206
192 266
193 257
193 228
193 231
193 209
193 269
193 235
193 229
193 244
194 298
194 271
194 282
194 199
194 198
194 234
194 258
194 210
194 202
194 276
194 233
194 242
194 225
194 217
194 227
194 200
194 262
195 256
195 259
195 260
195 263
195 261
195 265
195 270
195 278
195 280
195 293
195 296
195 297
195 299
195 196
195 197
195 203
195 214
195 218
195 224
195 249
195 250
195 254
195 284
195 248
195 236
196 280
196 292
196 297
196 296
196 265
196 203
196 226
196 299
196 259
196 254
196 197
196 263
196 261
196 278
196 274
196 249
196 214
196 211
196 224
196 284
196 248
196 236
197 259
197 260
197 265
197 280
197 292
197 293
197 297
197 203
197 218
197 250
197 254
197 263
197 261
197 256
197 274
197 249
197 214
197 270
197 211
197 224
197 284
198 271
198 272
198 282
198 298
198 199
198 241
198 234
198 258
198 210
198 202
198 276
198 221
198 232
198 233
198 242
198 225
198 217
198 227
198 200
198 262
199 271
199 272
199 282
199 298
199 241
199 258
199 210
199 202
199 276
199 221
199 232
199 233
199 242
199 217
199 227
199 200
200 258
200 271
200 272
200 202
200 217
200 221
200 225
200 232
200 233
200 234
200 241
200 242
200 262
201 273
201 285
201 240
201 252
201 300
201 215
201 216
201 204
201 287
202 258
202 271
202 272
202 282
202 298
202 210
202 234
202 241
202 276
202 221
202 232
202 233
202 242
202 225
202 217
202 227
202 262
203 260
203 265
203 292
203 293
203 297
203 218
203 250
203 226
203 259
203 254
203 263
203 261
203 256
203 274
203 270
203 211
204 267
204 273
204 285
204 300
204 213
204 215
204 216
204 240
204 252
204 287
204 266
205 264
205 275
205 277
205 279
205 286
205 294
205 295
205 207
205 208
205 222
205 245
205 246
205 283
205 291
206 273
206 285
206 289
206 300
206 215
206 216
206 240
206 252
207 264
207 277
207 281
207 286
207 294
207 208
207 222
207 245
207 295
207 246
207 279
207 275
207 283
207 291
208 222
208 264
208 294
208 246
208 275
208 291
209 257
209 212
209 219
209 220
209 223
209 228
209 230
209 237
209 247
209 251
209 269
209 235
209 229
209 244
210 271
210 272
210 234
210 241
210 221
210 232
210 233
210 242
210 217
211 256
211 259
211 260
211 263
211 261
211 265
211 270
211 278
211 280
211 293
211 296
211 297
211 299
211 214
211 218
211 249
211 250
211 254
211 224
211 284
211 236
212 228
212 257
212 231
212 269
212 235
212 229
213 273
213 285
213 300
213 215
213 252
213 216
213 287
213 266
214 256
214 259
214 260
214 263
214 261
214 265
214 274
214 278
214 280
214 292
214 293
214 296
214 297
214 299
214 218
214 226
214 249
214 250
214 254
214 270
214 224
214 284
214 248
214 236
215 267
215 273
215 285
215 289
215 240
215 290
215 216
215 287
215 266
216 267
216 273
216 289
216 290
216 300
216 240
216 252
216 287
216 266
217 258
217 271
217 272
217 276
217 282
217 298
217 221
217 225
217 233
217 234
217 241
217 242
217 227
217 262
218 280
218 297
218 296
218 292
218 265
218 226
218 299
218 259
218 254
218 263
218 261
218 278
218 274
218 249
218 224
218 284
218 248
218 236
219 257
219 228
219 231
219 220
219 230
219 269
219 235
219 229
219 244
220 257
220 228
220 231
220 269
220 235
220 244
221 258
221 271
221 276
221 282
221 298
221 234
221 233
221 242
221 225
221 227
221 262
222 245
222 286
222 264
222 294
222 246
222 275
223 228
223 257
223 231
223 269
223 235
223 229
224 256
224 259
224 260
224 263
224 265
224 270
224 274
224 278
224 280
224 292
224 293
224 297
224 299
224 226
224 250
224 254
224 284
224 236
225 272
225 232
225 233
225 241
226 260
226 265
226 280
226 293
226 297
226 296
226 250
226 299
226 259
226 254
226 263
226 261
226 256
226 278
226 249
226 270
226 284
226 248
226 236
227 271
227 272
227 232
227 233
227 234
227 241
228 247
228 237
228 231
228 251
228 230
228 235
228 244
229 231
229 230
229 235
229 237
229 247
229 251
229 244
230 257
230 231
230 269
230 235
230 244
231 257
231 237
231 247
231 251
231 269
231 235
231 244
232 258
232 271
232 272
232 276
232 282
232 298
232 234
232 241
232 233
232 242
232 262
233 258
233 271
233 272
233 276
233 282
233 298
233 234
233 241
233 242
233 262
234 271
234 272
234 241
235 257
235 269
235 237
235 247
235 251
235 244
236 256
236 259
236 260
236 263
236 261
236 265
236 270
236 274
236 280
236 292
236 293
236 297
236 249
236 250
236 254
237 257
237 269
238 288
238 239
238 253
238 243
239 268
239 253
239 255
240 252
240 285
240 300
240 290
240 287
240 266
241 298
241 271
241 282
241 258
241 276
241 242
241 262
242 258
242 271
242 272
243 255
243 268
243 253
244 257
244 269
245 264
245 294
245 246
245 275
246 264
246 277
246 281
246 286
246 294
246 295
246 279
246 283
246 291
247 257
247 269
248 256
248 259
248 260
248 263
248 265
248 270
248 274
248 278
248 280
248 292
248 293
248 297
248 299
248 250
248 254
249 256
249 259
249 260
249 263
249 265
249 274
249 278
249 280
249 292
249 293
249 297
249 296
249 250
249 254
249 270
249 284
250 265
250 280
250 292
250 296
250 299
250 259
250 254
250 263
250 261
250 278
250 274
250 284
251 257
251 269
252 289
252 285
252 267
252 273
252 290
252 287
252 266
253 268
253 288
253 255
254 260
254 265
254 280
254 292
254 293
254 296
254 299
254 261
254 256
254 278
254 274
254 270
254 284
255 288
256 259
256 263
256 265
256 261
256 280
256 292
256 296
256 299
256 278
256 274
256 284
258 272
259 260
259 265
259 280
259 292
259 293
259 296
259 299
259 261
259 278
259 274
259 270
259 284
260 280
260 292
260 297
260 296
260 265
260 299
260 263
260 261
260 278
260 274
260 284
261 263
261 292
261 293
261 297
261 296
261 299
261 278
261 274
261 270
261 284
262 272
262 276
262 282
263 265
263 280
263 292
263 293
263 296
263 299
263 278
263 274
263 270
263 284
264 281
264 286
264 277
264 295
264 279
264 275
264 283
264 291
265 280
265 292
265 293
265 297
265 296
265 278
265 274
265 270
265 284
266 267
266 273
266 285
266 287
266 300
267 285
267 273
267 300
267 287
268 288
270 274
270 278
270 280
270 292
270 296
270 297
270 299
270 284
271 272
271 276
272 298
272 282
272 276
273 285
273 300
274 278
274 280
274 293
274 297
274 296
274 299
274 284
275 277
275 279
275 281
275 286
275 294
275 295
275 283
275 291
277 294
277 291
278 280
278 292
278 293
278 297
278 296
278 284
279 286
279 291
280 297
280 296
280 292
280 293
281 286
281 294
281 291
283 286
283 294
283 295
283 291
284 292
284 293
284 296
284 297
284 299
285 300
285 290
285 287
286 294
286 295
286 291
287 289
287 300
289 300
290 300
291 294
291 295
292 297
292 296
292 293
293 297
293 296
293 299
294 295
296 297
297 299
