heur044_n_300_m_3234
1 7
1 11
1 24
1 26
1 30
1 36
1 38
1 48
1 51
1 52
1 53
1 59
1 64
1 66
1 68
1 70
1 71
1 72
1 73
1 74
1 75
1 82
1 83
1 84
1 90
1 91
1 92
1 94
1 98
1 99
1 111
1 113
1 115
1 123
1 126
1 128
1 132
1 133
1 142
1 143
1 145
1 151
1 157
1 162
1 176
1 177
1 179
1 184
1 186
1 189
1 194
1 201
1 202
1 207
1 209
1 217
1 226
1 229
1 237
1 238
1 241
1 242
1 249
1 256
1 257
1 268
1 279
1 282
1 299
1 277
1 187
1 154
1 200
1 164
1 152
1 112
1 180
1 290
1 110
1 270
1 127
1 9
1 156
1 252
1 287
1 170
1 214
1 203
1 100
1 239
1 16
1 183
1 80
1 101
1 137
1 261
1 32
1 139
1 159
1 292
1 4
1 174
1 165
1 262
1 173
1 49
1 130
2 263
2 18
2 28
2 289
2 297
2 61
2 196
2 240
2 245
2 267
2 227
2 19
2 273
2 298
2 10
2 206
2 199
2 13
2 86
2 97
2 272
2 81
2 58
2 181
3 259
3 136
3 148
3 283
3 158
3 300
3 69
3 87
3 216
3 234
3 114
3 116
3 246
3 124
3 161
3 44
3 5
3 20
3 95
3 27
3 50
3 14
3 15
3 65
3 89
3 155
3 120
3 223
3 291
3 175
3 293
3 255
3 190
3 236
3 275
3 22
3 228
3 182
4 7
4 9
4 11
4 16
4 24
4 26
4 30
4 32
4 36
4 38
4 48
4 51
4 52
4 53
4 57
4 59
4 64
4 66
4 68
4 70
4 71
4 72
4 73
4 74
4 75
4 80
4 82
4 83
4 84
4 90
4 91
4 92
4 93
4 94
4 98
4 99
4 100
4 101
4 110
4 111
4 112
4 113
4 115
4 123
4 125
4 126
4 127
4 128
4 132
4 133
4 137
4 139
4 141
4 142
4 143
4 145
4 151
4 152
4 154
4 156
4 157
4 159
4 162
4 164
4 170
4 176
4 177
4 178
4 179
4 180
4 183
4 184
4 186
4 187
4 189
4 194
4 200
4 201
4 202
4 203
4 207
4 208
4 209
4 214
4 215
4 217
4 226
4 229
4 237
4 238
4 239
4 241
4 242
4 247
4 249
4 252
4 256
4 257
4 261
4 268
4 270
4 277
4 279
4 282
4 287
4 290
4 292
4 295
4 299
4 174
4 165
4 262
4 173
4 254
4 49
4 130
4 117
5 258
5 259
5 148
5 283
5 158
5 161
5 300
5 44
5 69
5 87
5 216
5 234
5 124
5 114
5 116
5 246
5 20
5 55
5 95
5 27
5 14
5 15
5 65
5 89
5 155
5 120
5 284
5 223
5 291
5 175
5 293
5 134
5 255
5 190
5 236
5 22
5 228
5 182
6 264
6 265
6 138
6 12
6 17
6 274
6 276
6 23
6 25
6 286
6 33
6 37
6 43
6 195
6 197
6 198
6 204
6 79
6 210
6 218
6 222
6 224
6 225
6 109
6 243
6 121
6 285
6 29
6 118
6 250
6 193
6 171
6 34
6 46
6 235
6 60
6 78
6 213
6 8
6 253
6 67
6 168
6 102
6 212
6 40
6 260
6 150
6 211
6 172
6 221
7 48
7 57
7 64
7 92
7 94
7 133
7 201
7 256
7 151
7 52
7 38
7 142
7 296
7 226
7 299
7 217
7 282
7 189
7 90
7 257
7 157
7 82
7 126
7 271
7 178
7 177
7 123
7 68
7 179
7 71
7 279
7 21
7 132
7 247
7 184
7 241
7 242
7 51
7 186
7 91
7 268
7 36
7 11
7 70
7 229
7 26
7 209
7 113
7 53
7 111
7 162
7 31
7 295
7 93
7 143
7 30
7 74
7 207
7 202
7 75
7 73
7 128
7 237
7 99
7 176
7 145
7 115
7 59
7 249
7 98
7 238
7 208
7 72
7 194
7 83
7 66
7 24
7 84
7 141
7 125
7 277
7 187
7 154
7 200
7 164
7 152
7 112
7 180
7 215
7 290
7 110
7 270
7 127
7 9
7 156
7 252
7 287
7 170
7 214
7 203
7 100
7 239
7 16
7 183
7 80
7 101
7 137
7 261
7 32
7 139
7 159
7 292
7 174
7 165
7 262
7 173
7 254
7 49
7 278
7 130
7 117
8 264
8 138
8 12
8 17
8 274
8 276
8 23
8 285
8 29
8 34
8 43
8 171
8 46
8 60
8 195
8 197
8 198
8 78
8 210
8 213
8 218
8 222
8 224
8 225
8 235
8 109
8 118
8 121
8 250
8 253
8 168
8 102
8 212
8 40
8 260
8 172
8 221
9 11
9 21
9 24
9 26
9 30
9 31
9 36
9 38
9 48
9 52
9 53
9 57
9 59
9 64
9 66
9 68
9 70
9 71
9 72
9 73
9 74
9 75
9 82
9 83
9 84
9 90
9 91
9 92
9 93
9 94
9 98
9 99
9 110
9 111
9 112
9 113
9 115
9 123
9 125
9 126
9 127
9 128
9 132
9 133
9 141
9 142
9 143
9 145
9 152
9 157
9 176
9 177
9 178
9 180
9 184
9 186
9 187
9 189
9 194
9 201
9 202
9 207
9 208
9 209
9 215
9 217
9 226
9 229
9 238
9 241
9 242
9 247
9 249
9 256
9 257
9 268
9 271
9 277
9 282
9 290
9 295
9 296
9 299
9 156
9 252
9 287
9 170
9 214
9 203
9 100
9 16
9 80
9 101
9 137
9 261
9 32
9 139
9 174
9 165
9 262
9 173
9 254
9 49
9 278
9 130
9 117
10 263
10 18
10 273
10 28
10 297
10 298
10 61
10 196
10 227
10 245
10 97
10 81
10 58
10 181
11 21
11 36
11 38
11 48
11 51
11 52
11 64
11 68
11 71
11 82
11 90
11 91
11 92
11 94
11 123
11 126
11 132
11 133
11 142
11 151
11 157
11 177
11 178
11 179
11 184
11 186
11 189
11 201
11 217
11 226
11 241
11 242
11 247
11 256
11 257
11 268
11 279
11 282
11 296
11 299
11 70
11 229
11 26
11 209
11 113
11 53
11 111
11 162
11 31
11 295
11 93
11 143
11 30
11 74
11 207
11 202
11 75
11 73
11 128
11 237
11 99
11 176
11 145
11 115
11 59
11 249
11 98
11 238
11 208
11 72
11 194
11 83
11 66
11 24
11 84
11 141
11 125
11 187
11 154
11 200
11 164
11 152
11 112
11 180
11 215
11 290
11 110
11 270
11 127
11 156
11 252
11 287
11 170
11 214
11 203
11 100
11 239
11 16
11 183
11 80
11 101
11 137
11 261
11 32
11 139
11 159
11 292
11 174
11 165
11 262
11 173
11 254
11 49
11 130
11 117
12 138
12 218
12 225
12 265
12 43
12 17
12 243
12 109
12 222
12 121
12 224
12 37
12 198
12 204
12 210
12 23
12 276
12 274
12 79
12 195
12 33
12 286
12 197
12 25
12 285
12 29
12 118
12 250
12 193
12 171
12 34
12 46
12 235
12 60
12 213
12 253
12 67
12 168
12 102
12 212
12 40
12 260
12 150
12 211
12 172
12 221
13 263
13 273
13 18
13 28
13 289
13 297
13 298
13 61
13 196
13 206
13 227
13 245
13 97
13 81
13 58
13 181
14 258
14 259
14 136
14 148
14 20
14 283
14 158
14 27
14 161
14 300
14 44
14 50
14 55
14 69
14 87
14 216
14 95
14 105
14 234
14 114
14 116
14 246
14 124
14 15
14 65
14 89
14 155
14 120
14 284
14 223
14 291
14 175
14 293
14 134
14 255
14 190
14 236
14 275
14 22
14 228
14 182
15 258
15 259
15 136
15 148
15 20
15 283
15 27
15 158
15 161
15 300
15 44
15 50
15 55
15 69
15 87
15 216
15 95
15 105
15 114
15 116
15 246
15 124
15 65
15 89
15 155
15 120
15 284
15 223
15 175
15 293
15 134
15 255
15 190
15 236
15 275
15 22
15 182
16 21
16 24
16 26
16 30
16 31
16 36
16 38
16 48
16 51
16 52
16 53
16 57
16 59
16 64
16 66
16 68
16 70
16 71
16 72
16 73
16 74
16 75
16 82
16 83
16 84
16 90
16 91
16 92
16 93
16 94
16 98
16 99
16 100
16 110
16 111
16 112
16 113
16 115
16 123
16 125
16 126
16 127
16 128
16 132
16 133
16 141
16 142
16 143
16 145
16 151
16 152
16 154
16 156
16 157
16 162
16 164
16 170
16 176
16 177
16 178
16 179
16 180
16 184
16 186
16 187
16 189
16 194
16 200
16 201
16 202
16 203
16 207
16 208
16 209
16 214
16 215
16 217
16 226
16 229
16 237
16 238
16 239
16 241
16 242
16 247
16 249
16 252
16 256
16 257
16 268
16 270
16 271
16 277
16 279
16 282
16 287
16 290
16 295
16 296
16 183
16 80
16 101
16 137
16 261
16 32
16 139
16 159
16 292
16 174
16 165
16 262
16 173
16 254
16 49
16 278
16 130
16 117
17 265
17 43
17 218
17 225
17 243
17 109
17 121
17 224
17 37
17 198
17 204
17 23
17 276
17 274
17 79
17 195
17 33
17 286
17 264
17 197
17 25
17 285
17 29
17 118
17 250
17 193
17 171
17 34
17 46
17 235
17 60
17 78
17 213
17 253
17 67
17 168
17 102
17 212
17 40
17 260
17 150
17 211
17 172
17 221
18 263
18 289
18 61
18 196
18 297
18 240
18 28
18 267
18 227
18 19
18 273
18 298
18 206
18 199
18 86
18 272
18 81
18 58
18 181
19 263
19 28
19 289
19 297
19 61
19 196
19 227
19 245
19 273
19 298
19 206
19 97
19 81
19 58
19 181
20 258
20 259
20 136
20 148
20 283
20 158
20 161
20 300
20 44
20 69
20 87
20 216
20 105
20 234
20 114
20 116
20 246
20 124
20 55
20 95
20 27
20 50
20 65
20 89
20 155
20 120
20 284
20 223
20 291
20 175
20 293
20 134
20 255
20 190
20 236
20 275
20 22
20 228
20 182
21 38
21 48
21 52
21 64
21 68
21 71
21 82
21 90
21 92
21 94
21 123
21 126
21 133
21 142
21 151
21 157
21 177
21 178
21 179
21 189
21 201
21 217
21 226
21 256
21 257
21 279
21 282
21 299
21 132
21 247
21 184
21 242
21 51
21 186
21 91
21 268
21 36
21 70
21 229
21 26
21 209
21 113
21 53
21 111
21 162
21 295
21 93
21 143
21 30
21 74
21 207
21 202
21 75
21 73
21 128
21 237
21 176
21 145
21 115
21 59
21 249
21 98
21 238
21 208
21 72
21 194
21 83
21 66
21 24
21 84
21 141
21 277
21 187
21 154
21 200
21 164
21 152
21 112
21 180
21 290
21 270
21 127
21 156
21 252
21 287
21 170
21 214
21 203
21 100
21 239
21 183
21 80
21 101
21 137
21 261
21 32
21 139
21 159
21 292
21 174
21 165
21 262
21 173
21 49
21 130
22 259
22 134
22 283
22 27
22 158
22 284
22 161
22 291
22 300
22 44
22 175
22 55
22 190
22 65
22 69
22 87
22 216
22 89
22 95
22 223
22 234
22 236
22 114
22 116
22 246
22 120
22 124
22 255
22 228
22 182
23 265
23 138
23 37
23 43
23 198
23 204
23 210
23 222
23 224
23 225
23 109
23 243
23 121
23 276
23 274
23 79
23 195
23 33
23 286
23 264
23 197
23 25
23 285
23 29
23 118
23 250
23 193
23 171
23 34
23 46
23 235
23 60
23 78
23 213
23 253
23 67
23 168
23 102
23 212
23 40
23 260
23 150
23 211
23 172
23 221
24 26
24 30
24 31
24 36
24 38
24 48
24 51
24 52
24 53
24 57
24 64
24 66
24 68
24 70
24 71
24 72
24 73
24 74
24 75
24 82
24 83
24 90
24 91
24 92
24 93
24 94
24 98
24 99
24 111
24 113
24 115
24 123
24 126
24 128
24 132
24 133
24 142
24 143
24 145
24 151
24 157
24 162
24 176
24 177
24 178
24 179
24 184
24 186
24 189
24 201
24 202
24 207
24 208
24 209
24 217
24 226
24 229
24 237
24 238
24 241
24 242
24 247
24 249
24 256
24 257
24 268
24 271
24 279
24 282
24 295
24 296
24 299
24 84
24 141
24 125
24 277
24 187
24 154
24 200
24 164
24 152
24 112
24 180
24 215
24 290
24 110
24 270
24 127
24 156
24 252
24 287
24 170
24 214
24 203
24 100
24 239
24 183
24 80
24 101
24 137
24 261
24 32
24 139
24 159
24 292
24 174
24 165
24 262
24 173
24 254
24 49
24 278
24 130
24 117
25 264
25 138
25 274
25 276
25 43
25 195
25 197
25 198
25 210
25 224
25 225
25 109
25 121
25 285
25 118
25 250
25 171
25 34
25 46
25 235
25 60
25 78
25 213
25 253
25 168
25 102
25 212
25 40
25 172
25 221
26 36
26 38
26 48
26 52
26 57
26 64
26 68
26 70
26 71
26 82
26 90
26 91
26 92
26 94
26 123
26 126
26 132
26 133
26 142
26 151
26 157
26 177
26 178
26 179
26 184
26 186
26 189
26 201
26 217
26 226
26 229
26 241
26 242
26 247
26 256
26 257
26 268
26 271
26 282
26 296
26 299
26 209
26 113
26 53
26 111
26 162
26 31
26 295
26 93
26 143
26 30
26 74
26 207
26 202
26 75
26 128
26 99
26 176
26 145
26 115
26 59
26 249
26 98
26 238
26 208
26 72
26 194
26 83
26 66
26 84
26 141
26 125
26 277
26 187
26 154
26 200
26 164
26 152
26 112
26 180
26 215
26 290
26 110
26 270
26 127
26 156
26 252
26 287
26 170
26 214
26 203
26 100
26 80
26 101
26 137
26 261
26 32
26 139
26 159
26 174
26 165
26 262
26 173
26 254
26 49
26 278
26 130
26 117
27 258
27 259
27 136
27 148
27 283
27 158
27 161
27 300
27 44
27 55
27 69
27 87
27 216
27 95
27 105
27 234
27 114
27 116
27 246
27 124
27 50
27 65
27 89
27 155
27 120
27 284
27 223
27 291
27 175
27 293
27 134
27 255
27 190
27 236
27 275
27 228
27 182
28 263
28 289
28 297
28 61
28 196
28 240
28 245
28 267
28 227
28 273
28 298
28 206
28 199
28 86
28 97
28 272
28 81
28 58
28 181
29 264
29 265
29 138
29 274
29 276
29 285
29 286
29 33
29 37
29 43
29 195
29 197
29 198
29 204
29 79
29 210
29 218
29 222
29 224
29 225
29 109
29 121
29 118
29 250
29 193
29 171
29 34
29 46
29 235
29 60
29 78
29 213
29 253
29 67
29 168
29 102
29 212
29 40
29 150
29 211
29 172
29 221
30 31
30 36
30 38
30 48
30 51
30 52
30 53
30 57
30 64
30 68
30 70
30 71
30 82
30 90
30 91
30 92
30 93
30 94
30 111
30 113
30 123
30 126
30 132
30 133
30 142
30 143
30 151
30 157
30 162
30 177
30 178
30 179
30 184
30 186
30 189
30 201
30 209
30 217
30 226
30 229
30 241
30 242
30 247
30 256
30 257
30 268
30 271
30 279
30 282
30 295
30 296
30 299
30 74
30 207
30 202
30 75
30 73
30 128
30 237
30 99
30 176
30 145
30 115
30 59
30 249
30 98
30 238
30 208
30 72
30 194
30 83
30 66
30 84
30 141
30 125
30 277
30 187
30 154
30 200
30 164
30 152
30 112
30 180
30 215
30 290
30 110
30 270
30 127
30 156
30 252
30 287
30 170
30 214
30 203
30 100
30 239
30 183
30 80
30 101
30 137
30 261
30 32
30 139
30 159
30 292
30 174
30 165
30 262
30 173
30 254
30 49
30 278
30 130
30 117
31 36
31 38
31 51
31 52
31 53
31 64
31 68
31 70
31 71
31 91
31 92
31 94
31 113
31 126
31 132
31 133
31 142
31 151
31 157
31 162
31 178
31 179
31 184
31 186
31 189
31 201
31 209
31 217
31 226
31 229
31 242
31 247
31 257
31 268
31 279
31 282
31 299
31 295
31 93
31 143
31 207
31 202
31 75
31 73
31 128
31 237
31 176
31 145
31 115
31 59
31 249
31 98
31 238
31 208
31 72
31 194
31 83
31 66
31 84
31 141
31 187
31 154
31 200
31 164
31 152
31 112
31 180
31 290
31 270
31 127
31 156
31 252
31 287
31 170
31 214
31 100
31 239
31 183
31 80
31 101
31 137
31 32
31 159
31 292
31 174
31 165
31 262
31 173
31 49
31 130
32 36
32 38
32 48
32 51
32 52
32 53
32 57
32 59
32 64
32 66
32 68
32 70
32 71
32 72
32 73
32 74
32 75
32 80
32 82
32 84
32 90
32 91
32 92
32 93
32 94
32 98
32 99
32 100
32 101
32 110
32 111
32 112
32 113
32 115
32 123
32 125
32 126
32 127
32 128
32 132
32 133
32 137
32 141
32 142
32 143
32 145
32 151
32 152
32 154
32 156
32 157
32 162
32 164
32 170
32 176
32 177
32 178
32 179
32 180
32 183
32 184
32 186
32 187
32 189
32 194
32 200
32 201
32 202
32 203
32 207
32 208
32 209
32 214
32 215
32 217
32 226
32 229
32 237
32 238
32 239
32 241
32 242
32 247
32 249
32 252
32 256
32 257
32 261
32 268
32 270
32 271
32 277
32 279
32 282
32 287
32 290
32 295
32 296
32 299
32 139
32 159
32 292
32 174
32 165
32 262
32 173
32 254
32 49
32 278
32 130
32 117
33 138
33 274
33 276
33 43
33 195
33 198
33 210
33 218
33 222
33 224
33 225
33 109
33 243
33 121
33 264
33 197
33 285
33 118
33 250
33 171
33 34
33 46
33 235
33 60
33 78
33 213
33 253
33 67
33 168
33 102
33 212
33 40
33 211
33 172
33 221
34 264
34 265
34 138
34 276
34 285
34 286
34 37
34 43
34 171
34 193
34 195
34 197
34 198
34 204
34 79
34 210
34 222
34 224
34 109
34 243
34 118
34 121
34 250
34 46
34 235
34 60
34 78
34 213
34 253
34 67
34 168
34 102
34 212
34 40
34 260
34 150
34 211
34 221
35 135
35 269
35 144
35 281
35 163
35 167
35 294
35 41
35 185
35 88
35 230
35 104
35 233
35 251
35 166
35 62
35 108
35 220
35 63
35 147
35 56
35 153
35 244
35 129
35 191
35 160
35 122
35 231
35 76
35 192
35 146
35 42
35 96
35 188
35 47
35 169
35 219
35 119
35 266
35 232
35 39
35 45
35 106
35 107
35 77
35 131
35 205
35 85
35 103
35 248
35 54
35 280
35 149
35 140
35 288
36 38
36 48
36 51
36 52
36 57
36 64
36 68
36 71
36 82
36 90
36 91
36 92
36 94
36 123
36 126
36 132
36 133
36 142
36 151
36 157
36 177
36 178
36 179
36 184
36 186
36 189
36 201
36 217
36 226
36 241
36 242
36 247
36 256
36 257
36 268
36 271
36 279
36 282
36 296
36 299
36 70
36 229
36 209
36 113
36 53
36 111
36 162
36 295
36 93
36 143
36 74
36 207
36 202
36 75
36 73
36 128
36 237
36 99
36 176
36 145
36 115
36 59
36 249
36 98
36 238
36 208
36 72
36 194
36 83
36 66
36 84
36 141
36 125
36 277
36 187
36 154
36 200
36 164
36 152
36 112
36 180
36 215
36 290
36 110
36 270
36 127
36 156
36 252
36 287
36 170
36 214
36 203
36 100
36 239
36 183
36 80
36 101
36 137
36 261
36 139
36 159
36 292
36 174
36 165
36 262
36 173
36 254
36 49
36 278
36 130
36 117
37 138
37 43
37 218
37 222
37 224
37 225
37 109
37 121
37 198
37 210
37 276
37 274
37 195
37 264
37 197
37 285
37 118
37 250
37 171
37 46
37 235
37 60
37 78
37 213
37 253
37 168
37 102
37 212
37 40
37 172
37 221
38 48
38 52
38 57
38 64
38 92
38 94
38 151
38 201
38 142
38 296
38 226
38 299
38 217
38 282
38 189
38 90
38 257
38 157
38 82
38 126
38 271
38 178
38 177
38 123
38 68
38 179
38 71
38 279
38 132
38 247
38 184
38 241
38 242
38 51
38 186
38 91
38 268
38 229
38 209
38 113
38 53
38 111
38 162
38 295
38 93
38 143
38 74
38 207
38 202
38 75
38 73
38 128
38 237
38 99
38 176
38 145
38 115
38 59
38 249
38 98
38 238
38 208
38 72
38 194
38 83
38 66
38 84
38 141
38 125
38 277
38 154
38 200
38 164
38 152
38 112
38 180
38 215
38 290
38 110
38 270
38 127
38 156
38 252
38 170
38 214
38 203
38 100
38 239
38 183
38 80
38 101
38 137
38 261
38 139
38 159
38 292
38 174
38 165
38 262
38 173
38 254
38 49
38 278
38 117
39 129
39 135
39 266
39 269
39 144
39 146
39 147
39 281
39 153
39 163
39 294
39 167
39 166
39 41
39 169
39 47
39 56
39 185
39 191
39 192
39 76
39 88
39 219
39 220
39 96
39 230
39 231
39 233
39 232
39 108
39 244
39 119
39 122
39 251
39 107
39 77
39 131
39 205
39 85
39 103
39 248
39 280
39 140
39 288
40 264
40 265
40 138
40 274
40 276
40 285
40 286
40 168
40 43
40 171
40 46
40 60
40 193
40 195
40 67
40 197
40 198
40 204
40 78
40 79
40 210
40 212
40 213
40 218
40 222
40 224
40 225
40 102
40 235
40 109
40 243
40 118
40 121
40 250
40 253
40 260
40 150
40 211
40 172
40 221
41 135
41 269
41 144
41 281
41 167
41 294
41 185
41 88
41 230
41 104
41 251
41 233
41 163
41 166
41 62
41 108
41 220
41 63
41 147
41 56
41 153
41 244
41 129
41 160
41 122
41 231
41 76
41 192
41 146
41 42
41 96
41 188
41 47
41 169
41 219
41 266
41 232
41 45
41 106
41 77
41 131
41 205
41 85
41 103
41 248
41 54
41 280
41 149
41 140
41 288
42 129
42 135
42 269
42 144
42 146
42 147
42 281
42 153
42 160
42 163
42 294
42 167
42 166
42 56
42 185
42 62
42 191
42 192
42 76
42 88
42 220
42 230
42 122
42 233
42 108
42 231
42 244
42 251
42 96
42 188
42 47
42 169
42 219
42 119
42 266
42 232
42 45
42 107
42 77
42 131
42 205
42 85
42 103
42 248
42 54
42 280
42 140
42 288
43 138
43 265
43 218
43 225
43 243
43 109
43 222
43 121
43 224
43 198
43 204
43 210
43 276
43 274
43 79
43 195
43 286
43 264
43 197
43 285
43 118
43 250
43 193
43 171
43 46
43 235
43 60
43 78
43 213
43 253
43 67
43 168
43 102
43 212
43 260
43 150
43 211
43 172
43 221
44 258
44 259
44 136
44 148
44 283
44 158
44 161
44 300
44 69
44 87
44 216
44 234
44 124
44 114
44 116
44 246
44 105
44 55
44 95
44 50
44 65
44 89
44 155
44 120
44 284
44 223
44 291
44 175
44 293
44 134
44 255
44 190
44 236
44 275
44 228
45 129
45 135
45 266
45 269
45 144
45 146
45 147
45 281
45 160
45 163
45 294
45 166
45 47
45 185
45 188
45 62
45 63
45 191
45 192
45 76
45 88
45 219
45 220
45 96
45 230
45 231
45 104
45 233
45 232
45 108
45 244
45 119
45 122
45 251
45 106
45 107
45 77
45 131
45 205
45 85
45 103
45 248
45 54
45 280
45 149
45 288
46 264
46 265
46 138
46 274
46 276
46 285
46 286
46 171
46 193
46 195
46 197
46 198
46 204
46 79
46 210
46 218
46 222
46 224
46 225
46 109
46 243
46 118
46 121
46 250
46 235
46 60
46 78
46 253
46 67
46 168
46 102
46 212
46 260
46 150
46 211
46 172
47 129
47 135
47 269
47 144
47 146
47 147
47 153
47 281
47 160
47 163
47 294
47 167
47 166
47 56
47 185
47 188
47 62
47 63
47 191
47 76
47 88
47 220
47 96
47 230
47 231
47 104
47 233
47 108
47 244
47 122
47 251
47 169
47 219
47 119
47 266
47 232
47 106
47 107
47 77
47 131
47 205
47 85
47 103
47 248
47 54
47 280
47 149
47 140
47 288
48 57
48 64
48 133
48 94
48 201
48 151
48 142
48 296
48 299
48 90
48 257
48 157
48 82
48 126
48 271
48 178
48 177
48 68
48 179
48 279
48 132
48 247
48 241
48 242
48 51
48 186
48 70
48 111
48 162
48 295
48 93
48 143
48 74
48 202
48 75
48 73
48 128
48 237
48 99
48 176
48 145
48 115
48 59
48 249
48 208
48 194
48 83
48 66
48 84
48 141
48 125
48 277
48 187
48 154
48 200
48 164
48 152
48 112
48 180
48 215
48 290
48 110
48 270
48 252
48 170
48 214
48 203
48 100
48 239
48 183
48 80
48 101
48 137
48 261
48 159
48 292
48 174
48 165
48 262
48 173
48 254
48 278
48 130
48 117
49 51
49 52
49 57
49 59
49 64
49 66
49 68
49 70
49 72
49 73
49 74
49 75
49 80
49 82
49 83
49 84
49 90
49 91
49 92
49 93
49 94
49 98
49 99
49 100
49 101
49 110
49 111
49 115
49 123
49 125
49 126
49 128
49 132
49 133
49 137
49 141
49 142
49 143
49 145
49 151
49 152
49 154
49 156
49 157
49 159
49 162
49 164
49 165
49 170
49 173
49 174
49 176
49 177
49 178
49 179
49 180
49 183
49 186
49 187
49 189
49 194
49 200
49 201
49 202
49 203
49 207
49 208
49 209
49 214
49 215
49 217
49 226
49 237
49 238
49 239
49 241
49 242
49 247
49 249
49 252
49 254
49 257
49 261
49 262
49 268
49 270
49 271
49 277
49 279
49 282
49 287
49 290
49 292
49 295
49 296
49 299
49 278
49 130
49 117
50 259
50 283
50 158
50 161
50 300
50 55
50 69
50 87
50 216
50 95
50 234
50 114
50 116
50 246
50 124
50 65
50 89
50 120
50 284
50 291
50 175
50 134
50 255
50 190
50 236
50 228
50 182
51 52
51 57
51 64
51 68
51 71
51 82
51 90
51 92
51 94
51 123
51 126
51 132
51 133
51 142
51 157
51 177
51 178
51 184
51 189
51 201
51 217
51 226
51 241
51 242
51 247
51 256
51 257
51 271
51 282
51 296
51 299
51 186
51 91
51 268
51 70
51 229
51 209
51 113
51 53
51 111
51 295
51 93
51 143
51 74
51 207
51 202
51 75
51 73
51 128
51 99
51 176
51 145
51 115
51 59
51 249
51 98
51 238
51 208
51 72
51 194
51 83
51 66
51 84
51 141
51 125
51 277
51 187
51 152
51 112
51 180
51 215
51 290
51 110
51 127
51 156
51 252
51 287
51 170
51 214
51 203
51 100
51 80
51 101
51 137
51 261
51 139
51 174
51 165
51 262
51 173
51 254
51 278
51 130
51 117
52 57
52 64
52 94
52 133
52 151
52 201
52 142
52 296
52 226
52 299
52 90
52 257
52 157
52 82
52 126
52 271
52 178
52 177
52 68
52 179
52 71
52 279
52 132
52 247
52 241
52 242
52 186
52 70
52 229
52 113
52 53
52 111
52 162
52 295
52 93
52 143
52 74
52 202
52 75
52 73
52 128
52 237
52 99
52 176
52 145
52 115
52 59
52 238
52 208
52 194
52 83
52 66
52 84
52 141
52 125
52 277
52 187
52 154
52 200
52 164
52 152
52 112
52 180
52 215
52 110
52 270
52 127
52 252
52 287
52 170
52 214
52 203
52 100
52 239
52 183
52 80
52 101
52 137
52 261
52 159
52 292
52 174
52 165
52 262
52 173
52 254
52 278
52 130
52 117
53 57
53 64
53 68
53 70
53 82
53 90
53 91
53 92
53 94
53 123
53 126
53 132
53 133
53 142
53 151
53 157
53 177
53 178
53 179
53 184
53 186
53 189
53 201
53 209
53 217
53 226
53 241
53 242
53 247
53 257
53 268
53 271
53 279
53 282
53 296
53 299
53 111
53 162
53 295
53 93
53 143
53 74
53 207
53 202
53 75
53 73
53 128
53 237
53 99
53 176
53 145
53 115
53 59
53 249
53 98
53 238
53 208
53 72
53 194
53 83
53 66
53 84
53 141
53 125
53 277
53 187
53 154
53 200
53 164
53 152
53 180
53 215
53 290
53 110
53 270
53 156
53 252
53 287
53 170
53 214
53 203
53 100
53 239
53 183
53 80
53 101
53 137
53 261
53 139
53 159
53 292
53 174
53 165
53 262
53 173
53 254
53 278
53 130
53 117
54 129
54 131
54 135
54 266
54 269
54 144
54 147
54 281
54 153
54 163
54 294
54 167
54 166
54 169
54 56
54 185
54 63
54 191
54 76
54 77
54 205
54 85
54 88
54 219
54 220
54 96
54 230
54 104
54 233
54 232
54 108
54 107
54 103
54 244
54 119
54 248
54 122
54 251
54 280
54 140
54 288
55 259
55 136
55 148
55 283
55 158
55 161
55 300
55 69
55 87
55 216
55 105
55 234
55 114
55 116
55 124
55 95
55 65
55 89
55 155
55 120
55 284
55 223
55 291
55 175
55 293
55 134
55 275
55 228
55 182
56 135
56 269
56 144
56 147
56 281
56 163
56 294
56 167
56 166
56 185
56 62
56 63
56 88
56 220
56 230
56 104
56 233
56 108
56 251
56 153
56 244
56 129
56 191
56 160
56 122
56 231
56 76
56 192
56 146
56 96
56 188
56 169
56 219
56 119
56 266
56 232
56 106
56 107
56 77
56 131
56 205
56 85
56 103
56 248
56 280
56 149
56 288
57 64
57 133
57 94
57 92
57 201
57 256
57 151
57 142
57 226
57 299
57 217
57 282
57 189
57 90
57 257
57 157
57 82
57 126
57 178
57 177
57 123
57 68
57 179
57 71
57 279
57 132
57 247
57 184
57 241
57 242
57 186
57 91
57 268
57 70
57 229
57 209
57 113
57 162
57 295
57 93
57 143
57 74
57 207
57 202
57 75
57 73
57 128
57 237
57 176
57 145
57 115
57 59
57 249
57 98
57 238
57 208
57 72
57 194
57 83
57 66
57 84
57 141
57 187
57 154
57 200
57 164
57 152
57 112
57 180
57 290
57 110
57 270
57 127
57 156
57 252
57 287
57 170
57 214
57 203
57 100
57 239
57 183
57 80
57 101
57 137
57 261
57 139
57 159
57 292
57 174
57 165
57 262
57 173
57 130
58 263
58 267
58 272
58 273
58 289
58 297
58 298
58 61
58 196
58 199
58 206
58 81
58 86
58 97
58 227
58 240
58 245
58 181
59 64
59 68
59 70
59 71
59 73
59 75
59 82
59 90
59 91
59 92
59 93
59 99
59 111
59 113
59 115
59 123
59 126
59 128
59 132
59 133
59 142
59 143
59 145
59 151
59 157
59 162
59 176
59 178
59 179
59 184
59 186
59 189
59 201
59 202
59 207
59 209
59 217
59 226
59 229
59 237
59 241
59 242
59 247
59 256
59 257
59 268
59 271
59 279
59 282
59 295
59 296
59 299
59 249
59 98
59 238
59 208
59 72
59 194
59 83
59 66
59 84
59 141
59 125
59 277
59 187
59 154
59 200
59 164
59 152
59 112
59 180
59 215
59 290
59 110
59 270
59 127
59 156
59 252
59 287
59 214
59 100
59 239
59 183
59 80
59 101
59 137
59 261
59 139
59 159
59 292
59 174
59 165
59 262
59 173
59 278
59 130
59 117
60 264
60 265
60 138
60 274
60 276
60 285
60 286
60 171
60 193
60 195
60 197
60 198
60 204
60 79
60 210
60 218
60 222
60 224
60 225
60 235
60 109
60 243
60 118
60 121
60 250
60 78
60 213
60 253
60 67
60 168
60 102
60 212
60 260
60 150
60 211
60 172
60 221
61 263
61 196
61 289
61 245
61 297
61 240
61 267
61 227
61 273
61 298
61 206
61 199
61 86
61 97
61 272
61 81
61 181
62 135
62 269
62 281
62 163
62 294
62 167
62 166
62 185
62 88
62 230
62 104
62 233
62 251
62 108
62 220
62 63
62 147
62 153
62 244
62 129
62 191
62 122
62 76
62 96
62 169
62 219
62 119
62 266
62 232
62 106
62 107
62 77
62 131
62 205
62 85
62 103
62 248
62 280
62 149
62 140
62 288
63 135
63 269
63 144
63 281
63 163
63 294
63 167
63 166
63 185
63 88
63 220
63 230
63 233
63 108
63 251
63 147
63 153
63 244
63 129
63 191
63 160
63 122
63 231
63 76
63 192
63 146
63 96
63 188
63 169
63 219
63 119
63 266
63 232
63 107
63 77
63 131
63 205
63 85
63 103
63 248
63 280
63 140
63 288
64 133
64 94
64 92
64 201
64 256
64 151
64 142
64 296
64 226
64 299
64 217
64 282
64 189
64 90
64 257
64 157
64 82
64 126
64 271
64 178
64 177
64 123
64 68
64 179
64 71
64 279
64 132
64 247
64 184
64 241
64 242
64 186
64 91
64 268
64 70
64 229
64 113
64 111
64 162
64 295
64 93
64 74
64 207
64 202
64 75
64 73
64 128
64 237
64 99
64 176
64 145
64 115
64 249
64 238
64 208
64 72
64 194
64 83
64 66
64 84
64 141
64 125
64 277
64 187
64 154
64 200
64 164
64 152
64 112
64 180
64 215
64 290
64 110
64 270
64 127
64 156
64 252
64 170
64 214
64 203
64 100
64 239
64 183
64 80
64 101
64 137
64 261
64 139
64 159
64 292
64 174
64 165
64 262
64 173
64 254
64 278
64 117
65 258
65 259
65 136
65 148
65 283
65 158
65 161
65 300
65 69
65 87
65 216
65 95
65 105
65 234
65 114
65 116
65 246
65 124
65 89
65 155
65 120
65 284
65 223
65 291
65 175
65 293
65 134
65 255
65 190
65 236
65 275
65 228
65 182
66 68
66 70
66 71
66 72
66 73
66 74
66 75
66 82
66 83
66 90
66 91
66 92
66 93
66 94
66 98
66 99
66 113
66 115
66 123
66 126
66 128
66 132
66 133
66 142
66 143
66 145
66 151
66 157
66 162
66 176
66 177
66 178
66 179
66 184
66 186
66 189
66 194
66 202
66 207
66 208
66 209
66 217
66 226
66 229
66 237
66 238
66 241
66 242
66 247
66 249
66 256
66 257
66 268
66 271
66 279
66 282
66 295
66 296
66 299
66 84
66 141
66 125
66 277
66 187
66 154
66 200
66 164
66 152
66 112
66 180
66 215
66 290
66 110
66 270
66 127
66 156
66 252
66 287
66 170
66 214
66 203
66 100
66 239
66 183
66 80
66 101
66 137
66 261
66 139
66 159
66 292
66 174
66 165
66 262
66 173
66 254
66 278
66 130
66 117
67 264
67 265
67 138
67 274
67 276
67 285
67 286
67 171
67 193
67 195
67 197
67 198
67 78
67 210
67 213
67 222
67 224
67 225
67 235
67 109
67 243
67 118
67 121
67 250
67 253
67 168
67 102
67 212
67 260
67 150
67 172
67 221
68 90
68 92
68 94
68 123
68 126
68 133
68 142
68 151
68 157
68 177
68 178
68 189
68 201
68 217
68 226
68 256
68 257
68 271
68 282
68 296
68 299
68 179
68 71
68 279
68 132
68 247
68 184
68 241
68 186
68 91
68 268
68 70
68 229
68 209
68 113
68 111
68 162
68 295
68 93
68 143
68 74
68 207
68 202
68 75
68 73
68 128
68 237
68 99
68 176
68 145
68 115
68 249
68 98
68 238
68 208
68 72
68 194
68 83
68 84
68 141
68 125
68 277
68 187
68 154
68 200
68 164
68 152
68 112
68 180
68 215
68 290
68 270
68 127
68 156
68 252
68 287
68 170
68 214
68 203
68 100
68 239
68 183
68 80
68 101
68 137
68 261
68 139
68 159
68 292
68 174
68 165
68 262
68 173
68 254
68 278
68 130
68 117
69 258
69 259
69 136
69 148
69 283
69 158
69 300
69 87
69 216
69 234
69 114
69 116
69 246
69 124
69 161
69 105
69 95
69 89
69 155
69 120
69 284
69 223
69 291
69 175
69 293
69 134
69 255
69 190
69 236
69 275
69 228
69 182
70 71
70 82
70 90
70 91
70 92
70 94
70 123
70 126
70 132
70 142
70 151
70 157
70 177
70 178
70 179
70 184
70 186
70 189
70 201
70 217
70 226
70 241
70 242
70 247
70 256
70 257
70 268
70 271
70 279
70 282
70 296
70 299
70 229
70 209
70 113
70 111
70 162
70 295
70 93
70 143
70 74
70 207
70 202
70 75
70 73
70 128
70 237
70 99
70 176
70 145
70 115
70 249
70 98
70 238
70 208
70 72
70 194
70 83
70 84
70 141
70 125
70 277
70 154
70 200
70 164
70 152
70 112
70 180
70 215
70 290
70 110
70 270
70 127
70 156
70 252
70 170
70 214
70 203
70 100
70 239
70 183
70 80
70 101
70 137
70 261
70 139
70 159
70 292
70 174
70 165
70 262
70 173
70 254
70 278
70 117
71 82
71 90
71 92
71 94
71 123
71 126
71 133
71 142
71 151
71 157
71 177
71 178
71 179
71 189
71 201
71 217
71 226
71 257
71 271
71 282
71 296
71 299
71 279
71 132
71 247
71 184
71 241
71 242
71 186
71 91
71 268
71 209
71 111
71 162
71 295
71 93
71 143
71 74
71 207
71 202
71 75
71 73
71 128
71 237
71 99
71 176
71 145
71 115
71 249
71 98
71 238
71 208
71 72
71 194
71 83
71 84
71 141
71 125
71 277
71 187
71 154
71 200
71 164
71 152
71 180
71 215
71 290
71 110
71 270
71 156
71 252
71 287
71 170
71 214
71 203
71 100
71 239
71 183
71 80
71 101
71 137
71 261
71 159
71 292
71 174
71 165
71 262
71 173
71 254
71 278
71 130
71 117
72 73
72 74
72 75
72 82
72 90
72 93
72 94
72 99
72 111
72 113
72 115
72 126
72 128
72 132
72 133
72 142
72 143
72 145
72 151
72 157
72 162
72 176
72 177
72 178
72 179
72 186
72 201
72 202
72 208
72 229
72 237
72 238
72 241
72 242
72 247
72 249
72 257
72 271
72 279
72 295
72 296
72 299
72 194
72 83
72 84
72 141
72 125
72 277
72 187
72 154
72 200
72 164
72 152
72 112
72 180
72 215
72 110
72 270
72 127
72 252
72 287
72 170
72 214
72 203
72 100
72 239
72 183
72 80
72 101
72 137
72 261
72 159
72 292
72 174
72 165
72 262
72 173
72 254
72 278
72 130
72 117
73 74
73 75
73 82
73 90
73 91
73 92
73 93
73 94
73 111
73 113
73 123
73 126
73 132
73 133
73 142
73 143
73 151
73 157
73 162
73 177
73 178
73 179
73 184
73 189
73 201
73 202
73 207
73 209
73 217
73 226
73 229
73 241
73 242
73 247
73 256
73 257
73 268
73 271
73 279
73 282
73 295
73 296
73 299
73 128
73 237
73 99
73 176
73 145
73 115
73 249
73 98
73 238
73 208
73 194
73 83
73 84
73 141
73 125
73 277
73 187
73 154
73 200
73 164
73 152
73 112
73 180
73 215
73 290
73 110
73 270
73 127
73 156
73 252
73 287
73 170
73 214
73 203
73 100
73 239
73 183
73 80
73 101
73 137
73 261
73 139
73 159
73 292
73 174
73 165
73 262
73 173
73 254
73 278
73 130
73 117
74 82
74 90
74 91
74 92
74 93
74 94
74 113
74 123
74 126
74 132
74 133
74 142
74 143
74 151
74 157
74 162
74 178
74 179
74 184
74 186
74 189
74 201
74 209
74 217
74 226
74 229
74 241
74 242
74 247
74 256
74 257
74 268
74 279
74 282
74 295
74 296
74 299
74 207
74 202
74 75
74 128
74 237
74 176
74 145
74 115
74 249
74 98
74 238
74 208
74 194
74 83
74 84
74 141
74 125
74 277
74 187
74 154
74 200
74 164
74 152
74 112
74 180
74 215
74 290
74 110
74 270
74 127
74 156
74 252
74 287
74 170
74 214
74 100
74 239
74 183
74 80
74 101
74 137
74 261
74 139
74 159
74 292
74 174
74 165
74 262
74 173
74 254
74 278
74 130
74 117
75 82
75 90
75 91
75 92
75 93
75 94
75 111
75 113
75 123
75 126
75 132
75 133
75 142
75 143
75 151
75 157
75 162
75 177
75 178
75 179
75 184
75 186
75 189
75 201
75 202
75 207
75 209
75 217
75 226
75 229
75 241
75 242
75 247
75 256
75 257
75 268
75 271
75 279
75 282
75 295
75 296
75 299
75 128
75 237
75 99
75 176
75 145
75 115
75 249
75 98
75 238
75 208
75 194
75 83
75 84
75 141
75 125
75 277
75 187
75 154
75 200
75 164
75 152
75 112
75 180
75 215
75 290
75 110
75 270
75 127
75 156
75 252
75 287
75 170
75 214
75 203
75 100
75 239
75 183
75 80
75 101
75 137
75 261
75 139
75 159
75 292
75 174
75 165
75 262
75 173
75 254
75 278
75 130
75 117
76 129
76 135
76 269
76 144
76 147
76 281
76 153
76 160
76 163
76 294
76 167
76 166
76 185
76 191
76 88
76 220
76 230
76 122
76 104
76 233
76 108
76 231
76 244
76 251
76 192
76 146
76 96
76 188
76 169
76 219
76 119
76 266
76 232
76 106
76 107
76 77
76 131
76 205
76 85
76 103
76 248
76 280
76 149
76 140
76 288
77 129
77 135
77 266
77 269
77 144
77 146
77 281
77 153
77 160
77 163
77 294
77 167
77 166
77 169
77 185
77 188
77 191
77 192
77 88
77 219
77 220
77 96
77 230
77 231
77 104
77 233
77 232
77 106
77 108
77 107
77 244
77 122
77 251
77 131
77 205
77 85
77 103
77 248
77 280
77 149
77 140
77 288
78 265
78 138
78 274
78 276
78 285
78 286
78 171
78 193
78 195
78 197
78 198
78 204
78 79
78 210
78 218
78 222
78 224
78 225
78 235
78 109
78 243
78 118
78 121
78 250
78 213
78 253
78 168
78 102
78 212
78 260
78 150
78 211
78 172
78 221
79 138
79 274
79 276
79 198
79 210
79 218
79 222
79 224
79 225
79 109
79 243
79 121
79 195
79 264
79 197
79 285
79 118
79 250
79 171
79 235
79 213
79 253
79 168
79 102
79 212
79 260
79 211
79 172
79 221
80 82
80 83
80 84
80 90
80 91
80 92
80 93
80 94
80 98
80 99
80 100
80 110
80 111
80 112
80 113
80 115
80 123
80 125
80 126
80 127
80 128
80 132
80 133
80 141
80 142
80 143
80 145
80 151
80 152
80 154
80 156
80 157
80 162
80 164
80 170
80 176
80 177
80 178
80 179
80 180
80 183
80 184
80 186
80 187
80 189
80 194
80 200
80 201
80 202
80 203
80 207
80 208
80 209
80 214
80 215
80 217
80 226
80 229
80 237
80 238
80 239
80 241
80 242
80 247
80 249
80 252
80 256
80 257
80 268
80 270
80 271
80 277
80 279
80 282
80 287
80 290
80 295
80 296
80 299
80 101
80 137
80 261
80 139
80 159
80 292
80 174
80 165
80 262
80 173
80 254
80 278
80 130
80 117
81 263
81 267
81 272
81 273
81 289
81 297
81 298
81 199
81 206
81 86
81 97
81 240
81 245
81 181
82 90
82 92
82 94
82 133
82 142
82 151
82 157
82 189
82 201
82 217
82 226
82 256
82 257
82 282
82 296
82 299
82 126
82 271
82 178
82 177
82 123
82 179
82 279
82 132
82 247
82 184
82 241
82 186
82 91
82 268
82 229
82 209
82 113
82 111
82 162
82 295
82 93
82 143
82 207
82 202
82 128
82 237
82 99
82 176
82 145
82 115
82 249
82 98
82 238
82 208
82 194
82 83
82 84
82 141
82 125
82 277
82 187
82 154
82 200
82 164
82 152
82 112
82 180
82 215
82 290
82 270
82 127
82 156
82 252
82 287
82 170
82 214
82 203
82 100
82 239
82 183
82 101
82 137
82 261
82 139
82 159
82 292
82 174
82 165
82 262
82 173
82 254
82 278
82 130
82 117
83 90
83 91
83 92
83 93
83 94
83 98
83 99
83 111
83 113
83 115
83 123
83 126
83 128
83 132
83 133
83 142
83 143
83 145
83 151
83 157
83 162
83 176
83 177
83 178
83 179
83 184
83 186
83 189
83 194
83 201
83 202
83 207
83 208
83 209
83 217
83 226
83 229
83 237
83 238
83 241
83 242
83 247
83 249
83 256
83 257
83 268
83 271
83 279
83 282
83 295
83 296
83 299
83 84
83 141
83 125
83 277
83 187
83 154
83 200
83 164
83 152
83 112
83 180
83 215
83 290
83 110
83 270
83 127
83 156
83 252
83 287
83 170
83 214
83 203
83 100
83 239
83 183
83 101
83 137
83 261
83 139
83 159
83 292
83 174
83 165
83 262
83 173
83 254
83 278
83 130
83 117
84 90
84 91
84 92
84 93
84 94
84 98
84 99
84 111
84 113
84 115
84 123
84 126
84 128
84 132
84 133
84 142
84 143
84 145
84 151
84 157
84 162
84 176
84 177
84 178
84 179
84 184
84 186
84 189
84 194
84 201
84 202
84 207
84 208
84 209
84 217
84 226
84 229
84 237
84 238
84 241
84 242
84 247
84 249
84 256
84 257
84 268
84 271
84 279
84 282
84 295
84 296
84 299
84 141
84 125
84 277
84 187
84 154
84 200
84 164
84 152
84 112
84 180
84 215
84 290
84 110
84 270
84 127
84 156
84 252
84 287
84 170
84 214
84 203
84 100
84 239
84 183
84 101
84 137
84 261
84 139
84 159
84 292
84 174
84 165
84 262
84 173
84 254
84 278
84 130
84 117
85 129
85 131
85 135
85 266
85 269
85 144
85 146
85 147
85 281
85 153
85 160
85 163
85 294
85 167
85 166
85 169
85 185
85 188
85 191
85 192
85 88
85 219
85 220
85 96
85 230
85 231
85 104
85 233
85 232
85 106
85 108
85 107
85 244
85 119
85 251
85 103
85 248
85 280
85 149
85 140
85 288
86 263
86 273
86 289
86 297
86 298
86 196
86 227
86 245
86 97
86 181
87 136
87 148
87 158
87 300
87 216
87 114
87 246
87 124
87 283
87 234
87 116
87 259
87 258
87 161
87 105
87 95
87 89
87 155
87 120
87 284
87 223
87 291
87 175
87 293
87 134
87 255
87 190
87 236
87 275
87 228
87 182
88 104
88 269
88 230
88 135
88 185
88 281
88 167
88 294
88 251
88 233
88 163
88 166
88 108
88 220
88 147
88 153
88 244
88 129
88 191
88 160
88 122
88 231
88 192
88 146
88 96
88 188
88 169
88 219
88 119
88 232
88 106
88 107
88 131
88 205
88 103
88 248
88 280
88 149
88 140
88 288
89 259
89 136
89 148
89 283
89 158
89 161
89 300
89 216
89 95
89 105
89 234
89 114
89 116
89 246
89 124
89 155
89 120
89 284
89 223
89 291
89 175
89 293
89 134
89 255
89 190
89 236
89 275
89 228
89 182
90 92
90 94
90 133
90 142
90 151
90 189
90 201
90 217
90 226
90 256
90 282
90 296
90 299
90 257
90 157
90 126
90 271
90 178
90 177
90 123
90 179
90 279
90 132
90 247
90 184
90 241
90 242
90 186
90 91
90 268
90 229
90 209
90 113
90 111
90 162
90 295
90 93
90 143
90 207
90 202
90 128
90 237
90 99
90 176
90 145
90 115
90 249
90 98
90 238
90 208
90 194
90 141
90 125
90 277
90 187
90 154
90 200
90 164
90 152
90 112
90 180
90 215
90 290
90 110
90 270
90 127
90 156
90 252
90 287
90 170
90 214
90 203
90 100
90 239
90 183
90 101
90 137
90 261
90 139
90 159
90 292
90 174
90 165
90 262
90 173
90 254
90 278
90 130
90 117
91 94
91 126
91 132
91 133
91 142
91 151
91 157
91 177
91 178
91 179
91 186
91 201
91 226
91 241
91 242
91 247
91 257
91 271
91 279
91 296
91 299
91 229
91 113
91 111
91 162
91 295
91 93
91 143
91 202
91 128
91 237
91 99
91 176
91 145
91 115
91 249
91 238
91 208
91 194
91 141
91 125
91 277
91 187
91 154
91 200
91 164
91 152
91 112
91 180
91 215
91 290
91 110
91 270
91 127
91 252
91 287
91 170
91 214
91 203
91 100
91 239
91 183
91 101
91 137
91 261
91 159
91 292
91 174
91 165
91 262
91 173
91 254
91 278
91 130
91 117
92 94
92 133
92 201
92 151
92 142
92 296
92 226
92 299
92 257
92 157
92 126
92 271
92 178
92 177
92 179
92 279
92 132
92 247
92 241
92 242
92 186
92 229
92 113
92 111
92 162
92 295
92 93
92 143
92 202
92 128
92 237
92 99
92 176
92 145
92 115
92 238
92 208
92 194
92 141
92 125
92 277
92 187
92 154
92 200
92 164
92 152
92 112
92 180
92 215
92 110
92 270
92 127
92 252
92 287
92 170
92 214
92 203
92 100
92 239
92 183
92 101
92 137
92 261
92 159
92 292
92 174
92 165
92 262
92 173
92 254
92 278
92 130
92 117
93 94
93 111
93 113
93 123
93 126
93 132
93 133
93 142
93 151
93 157
93 162
93 177
93 179
93 184
93 186
93 189
93 201
93 209
93 217
93 226
93 229
93 241
93 242
93 256
93 257
93 268
93 271
93 279
93 282
93 296
93 299
93 143
93 207
93 202
93 128
93 237
93 99
93 176
93 145
93 115
93 249
93 98
93 238
93 194
93 277
93 187
93 154
93 200
93 164
93 152
93 112
93 180
93 290
93 110
93 270
93 127
93 156
93 252
93 287
93 170
93 214
93 203
93 100
93 239
93 183
93 101
93 137
93 261
93 139
93 159
93 292
93 174
93 165
93 262
93 173
93 278
93 130
94 133
94 201
94 256
94 151
94 142
94 296
94 226
94 299
94 217
94 282
94 189
94 257
94 157
94 126
94 271
94 178
94 177
94 123
94 179
94 279
94 132
94 247
94 184
94 241
94 242
94 186
94 268
94 229
94 209
94 113
94 111
94 162
94 295
94 143
94 207
94 202
94 128
94 237
94 99
94 176
94 145
94 115
94 249
94 98
94 238
94 208
94 194
94 141
94 125
94 277
94 187
94 154
94 200
94 164
94 152
94 112
94 180
94 215
94 290
94 110
94 270
94 127
94 156
94 252
94 287
94 214
94 203
94 100
94 239
94 183
94 101
94 137
94 261
94 139
94 159
94 292
94 174
94 165
94 262
94 173
94 254
94 278
94 130
94 117
95 258
95 259
95 136
95 148
95 283
95 158
95 161
95 300
95 216
95 234
95 114
95 116
95 246
95 124
95 155
95 120
95 284
95 291
95 175
95 293
95 255
95 190
95 236
95 275
95 228
95 182
96 129
96 135
96 269
96 144
96 146
96 147
96 281
96 153
96 160
96 163
96 294
96 167
96 166
96 185
96 191
96 192
96 220
96 230
96 122
96 104
96 233
96 108
96 231
96 244
96 251
96 188
96 169
96 219
96 119
96 266
96 232
96 106
96 107
96 131
96 205
96 103
96 248
96 280
96 149
96 140
96 288
97 263
97 267
97 273
97 289
97 297
97 298
97 196
97 199
97 206
97 227
97 240
97 272
97 181
98 99
98 111
98 113
98 115
98 126
98 128
98 132
98 133
98 142
98 143
98 145
98 151
98 157
98 162
98 176
98 177
98 178
98 179
98 186
98 201
98 202
98 226
98 229
98 237
98 241
98 242
98 247
98 249
98 257
98 271
98 279
98 295
98 296
98 299
98 238
98 208
98 194
98 141
98 125
98 277
98 187
98 154
98 200
98 164
98 152
98 112
98 180
98 215
98 290
98 110
98 270
98 127
98 252
98 287
98 170
98 214
98 203
98 100
98 239
98 183
98 101
98 137
98 261
98 159
98 292
98 174
98 165
98 262
98 173
98 254
98 278
98 130
98 117
99 113
99 123
99 126
99 128
99 132
99 133
99 142
99 143
99 151
99 157
99 162
99 178
99 179
99 184
99 186
99 189
99 201
99 202
99 207
99 209
99 217
99 226
99 229
99 237
99 241
99 242
99 256
99 257
99 268
99 271
99 279
99 282
99 295
99 296
99 299
99 176
99 145
99 115
99 249
99 238
99 208
99 194
99 141
99 125
99 277
99 187
99 154
99 200
99 152
99 112
99 180
99 215
99 290
99 110
99 270
99 127
99 156
99 252
99 287
99 170
99 214
99 100
99 239
99 183
99 101
99 137
99 261
99 139
99 159
99 292
99 174
99 165
99 262
99 173
99 278
99 130
99 117
100 110
100 111
100 112
100 113
100 115
100 123
100 125
100 126
100 127
100 128
100 132
100 133
100 141
100 142
100 143
100 145
100 151
100 152
100 154
100 156
100 162
100 164
100 170
100 176
100 177
100 178
100 179
100 180
100 184
100 186
100 187
100 189
100 194
100 200
100 201
100 202
100 203
100 207
100 208
100 209
100 214
100 215
100 217
100 226
100 229
100 237
100 238
100 241
100 242
100 247
100 249
100 252
100 256
100 257
100 268
100 270
100 271
100 277
100 279
100 282
100 287
100 290
100 295
100 296
100 299
100 239
100 183
100 101
100 137
100 261
100 139
100 159
100 292
100 174
100 165
100 262
100 173
100 254
100 278
100 130
100 117
101 110
101 111
101 112
101 113
101 115
101 123
101 125
101 126
101 127
101 128
101 132
101 133
101 141
101 142
101 143
101 145
101 156
101 157
101 164
101 170
101 176
101 177
101 178
101 179
101 180
101 183
101 184
101 186
101 187
101 189
101 194
101 201
101 202
101 203
101 207
101 208
101 209
101 214
101 215
101 217
101 226
101 229
101 237
101 238
101 239
101 241
101 242
101 247
101 249
101 252
101 256
101 257
101 268
101 270
101 271
101 277
101 279
101 282
101 287
101 290
101 295
101 296
101 299
101 137
101 261
101 139
101 159
101 174
101 165
101 262
101 173
101 254
101 278
101 130
101 117
102 264
102 265
102 138
102 274
102 276
102 285
102 286
102 168
102 171
102 193
102 197
102 198
102 204
102 210
102 213
102 218
102 222
102 224
102 225
102 235
102 109
102 243
102 118
102 121
102 250
102 253
102 212
102 260
102 150
102 211
102 172
102 221
103 129
103 131
103 135
103 266
103 269
103 144
103 146
103 147
103 281
103 153
103 160
103 163
103 294
103 167
103 166
103 169
103 185
103 188
103 191
103 192
103 205
103 219
103 220
103 230
103 231
103 104
103 233
103 232
103 106
103 108
103 107
103 244
103 119
103 122
103 251
103 248
103 280
103 149
103 140
103 288
104 269
104 230
104 135
104 185
104 144
104 281
104 167
104 294
104 251
104 233
104 163
104 166
104 108
104 220
104 147
104 153
104 244
104 129
104 191
104 160
104 122
104 231
104 192
104 146
104 188
104 169
104 219
104 119
104 266
104 232
104 107
104 131
104 205
104 248
104 280
104 140
104 288
105 259
105 283
105 158
105 161
105 300
105 216
105 234
105 124
105 114
105 116
105 246
105 120
105 291
105 175
105 134
105 190
105 236
105 228
105 182
106 129
106 135
106 266
106 269
106 144
106 146
106 147
106 281
106 153
106 160
106 163
106 294
106 167
106 166
106 169
106 185
106 191
106 192
106 219
106 220
106 230
106 231
106 233
106 232
106 108
106 244
106 119
106 122
106 251
106 107
106 131
106 205
106 248
106 280
106 140
106 288
107 129
107 135
107 266
107 269
107 144
107 146
107 147
107 281
107 153
107 160
107 163
107 294
107 167
107 166
107 169
107 185
107 188
107 192
107 219
107 220
107 230
107 231
107 233
107 232
107 108
107 244
107 122
107 251
107 131
107 205
107 248
107 280
107 149
107 140
107 288
108 135
108 269
108 144
108 281
108 163
108 294
108 167
108 166
108 185
108 230
108 233
108 251
108 220
108 153
108 244
108 129
108 191
108 160
108 122
108 231
108 192
108 146
108 188
108 169
108 219
108 266
108 232
108 131
108 205
108 248
108 280
108 149
108 140
108 288
109 265
109 138
109 218
109 225
109 243
109 222
109 121
109 224
109 198
109 204
109 210
109 276
109 274
109 195
109 286
109 264
109 197
109 285
109 118
109 250
109 193
109 171
109 235
109 213
109 253
109 168
109 212
109 260
109 150
109 211
109 172
109 221
110 111
110 112
110 113
110 115
110 123
110 125
110 126
110 128
110 132
110 133
110 141
110 142
110 143
110 145
110 151
110 152
110 154
110 157
110 162
110 164
110 176
110 177
110 178
110 179
110 180
110 184
110 186
110 187
110 189
110 194
110 200
110 201
110 202
110 207
110 208
110 209
110 215
110 217
110 226
110 229
110 237
110 238
110 247
110 249
110 256
110 257
110 268
110 271
110 277
110 279
110 282
110 290
110 295
110 296
110 299
110 270
110 127
110 156
110 252
110 287
110 170
110 214
110 203
110 239
110 183
110 137
110 261
110 139
110 159
110 292
110 174
110 165
110 262
110 173
110 254
110 278
110 130
110 117
111 113
111 123
111 126
111 132
111 133
111 142
111 151
111 157
111 178
111 179
111 184
111 186
111 189
111 201
111 209
111 217
111 226
111 229
111 241
111 242
111 256
111 257
111 268
111 271
111 279
111 282
111 296
111 299
111 162
111 295
111 143
111 207
111 202
111 128
111 176
111 145
111 115
111 249
111 238
111 208
111 194
111 141
111 125
111 277
111 187
111 154
111 200
111 152
111 112
111 180
111 215
111 290
111 270
111 127
111 156
111 252
111 287
111 170
111 214
111 239
111 183
111 137
111 261
111 139
111 159
111 292
111 174
111 165
111 262
111 173
111 278
111 130
111 117
112 115
112 123
112 125
112 126
112 128
112 132
112 133
112 141
112 142
112 143
112 145
112 151
112 152
112 154
112 157
112 162
112 164
112 176
112 177
112 178
112 179
112 184
112 186
112 187
112 189
112 194
112 200
112 201
112 202
112 207
112 208
112 209
112 217
112 226
112 237
112 238
112 241
112 242
112 247
112 249
112 257
112 268
112 271
112 277
112 279
112 282
112 295
112 296
112 299
112 180
112 215
112 290
112 270
112 156
112 252
112 287
112 170
112 214
112 203
112 239
112 183
112 137
112 261
112 159
112 292
112 174
112 165
112 262
112 173
112 254
112 278
112 130
112 117
113 123
113 126
113 132
113 133
113 142
113 151
113 157
113 177
113 178
113 179
113 184
113 186
113 189
113 201
113 209
113 217
113 226
113 241
113 242
113 247
113 256
113 257
113 268
113 271
113 279
113 282
113 296
113 299
113 162
113 295
113 143
113 207
113 202
113 128
113 237
113 176
113 145
113 115
113 249
113 238
113 208
113 194
113 141
113 125
113 277
113 187
113 154
113 200
113 164
113 152
113 180
113 215
113 290
113 270
113 156
113 252
113 287
113 170
113 214
113 203
113 239
113 183
113 137
113 261
113 159
113 292
113 174
113 165
113 262
113 173
113 254
113 278
113 130
113 117
114 158
114 246
114 124
114 216
114 148
114 300
114 136
114 283
114 234
114 116
114 259
114 258
114 161
114 155
114 120
114 284
114 223
114 291
114 175
114 293
114 134
114 255
114 190
114 236
114 275
114 228
114 182
115 123
115 126
115 128
115 132
115 133
115 142
115 143
115 145
115 151
115 157
115 162
115 176
115 177
115 178
115 179
115 184
115 186
115 189
115 201
115 202
115 207
115 209
115 217
115 226
115 229
115 237
115 241
115 242
115 247
115 256
115 257
115 268
115 271
115 279
115 282
115 295
115 296
115 299
115 249
115 238
115 208
115 194
115 141
115 125
115 277
115 187
115 154
115 200
115 164
115 152
115 180
115 215
115 290
115 270
115 127
115 156
115 252
115 287
115 170
115 214
115 203
115 239
115 183
115 137
115 261
115 139
115 159
115 292
115 174
115 165
115 173
115 254
115 278
115 130
115 117
116 136
116 148
116 283
116 158
116 300
116 216
116 234
116 246
116 124
116 259
116 258
116 161
116 155
116 120
116 284
116 223
116 291
116 175
116 293
116 134
116 255
116 190
116 236
116 275
116 228
116 182
117 123
117 126
117 127
117 128
117 130
117 132
117 133
117 137
117 139
117 142
117 143
117 145
117 151
117 152
117 154
117 156
117 157
117 159
117 162
117 164
117 165
117 170
117 173
117 174
117 176
117 177
117 179
117 180
117 183
117 184
117 186
117 187
117 189
117 194
117 200
117 201
117 202
117 203
117 207
117 209
117 214
117 217
117 226
117 229
117 237
117 238
117 239
117 241
117 242
117 249
117 252
117 256
117 257
117 261
117 262
117 268
117 270
117 277
117 279
117 282
117 287
117 290
117 292
117 299
118 264
118 265
118 138
118 274
118 276
118 285
118 286
118 195
118 197
118 198
118 204
118 210
118 218
118 222
118 224
118 225
118 243
118 121
118 250
118 193
118 171
118 235
118 213
118 253
118 168
118 212
118 260
118 150
118 211
118 172
118 221
119 129
119 135
119 269
119 144
119 146
119 153
119 281
119 160
119 163
119 294
119 167
119 166
119 169
119 185
119 188
119 191
119 192
119 219
119 220
119 230
119 231
119 233
119 244
119 122
119 266
119 232
119 131
119 205
119 248
119 149
119 140
120 258
120 259
120 136
120 148
120 283
120 158
120 155
120 161
120 300
120 216
120 234
120 246
120 124
120 284
120 223
120 291
120 175
120 293
120 134
120 255
120 190
120 236
120 275
120 228
120 182
121 265
121 138
121 218
121 222
121 225
121 243
121 224
121 198
121 204
121 210
121 276
121 274
121 195
121 286
121 264
121 197
121 285
121 250
121 193
121 171
121 235
121 213
121 253
121 168
121 212
121 260
121 150
121 211
121 172
121 221
122 129
122 135
122 269
122 144
122 281
122 153
122 160
122 163
122 294
122 167
122 166
122 185
122 191
122 220
122 230
122 233
122 244
122 251
122 231
122 192
122 146
122 188
122 169
122 219
122 266
122 232
122 131
122 248
122 280
122 149
122 140
122 288
123 126
123 133
123 142
123 151
123 157
123 178
123 201
123 257
123 271
123 296
123 299
123 179
123 279
123 132
123 247
123 241
123 242
123 186
123 229
123 162
123 295
123 143
123 202
123 128
123 237
123 176
123 145
123 208
123 194
123 141
123 125
123 277
123 187
123 154
123 200
123 164
123 152
123 180
123 215
123 290
123 270
123 127
123 252
123 287
123 170
123 214
123 203
123 239
123 183
123 137
123 261
123 159
123 292
123 174
123 165
123 262
123 173
123 278
123 130
124 246
124 158
124 216
124 148
124 300
124 136
124 283
124 234
124 259
124 258
124 161
124 155
124 284
124 223
124 291
124 175
124 293
124 134
124 255
124 190
124 236
124 275
124 228
124 182
125 126
125 128
125 132
125 133
125 141
125 142
125 143
125 145
125 157
125 162
125 176
125 177
125 179
125 184
125 186
125 189
125 194
125 201
125 202
125 207
125 209
125 217
125 226
125 229
125 237
125 238
125 241
125 242
125 249
125 256
125 257
125 268
125 279
125 282
125 296
125 299
125 187
125 154
125 200
125 164
125 152
125 180
125 290
125 270
125 127
125 156
125 252
125 287
125 170
125 214
125 239
125 183
125 137
125 139
125 159
125 292
125 174
125 165
125 262
125 173
125 278
125 130
126 133
126 142
126 151
126 157
126 189
126 201
126 217
126 226
126 256
126 257
126 282
126 296
126 299
126 271
126 178
126 177
126 179
126 279
126 132
126 247
126 184
126 241
126 242
126 186
126 268
126 229
126 209
126 162
126 295
126 143
126 207
126 202
126 128
126 237
126 176
126 145
126 249
126 238
126 208
126 141
126 187
126 154
126 200
126 164
126 152
126 180
126 215
126 290
126 270
126 127
126 156
126 252
126 287
126 170
126 214
126 203
126 239
126 183
126 137
126 261
126 139
126 159
126 292
126 174
126 165
126 262
126 173
126 254
126 130
127 128
127 132
127 133
127 141
127 142
127 143
127 145
127 151
127 152
127 154
127 157
127 162
127 164
127 176
127 177
127 178
127 179
127 180
127 184
127 186
127 187
127 189
127 194
127 200
127 201
127 202
127 207
127 208
127 209
127 215
127 217
127 226
127 237
127 238
127 241
127 242
127 247
127 249
127 257
127 268
127 270
127 271
127 277
127 279
127 290
127 295
127 296
127 299
127 156
127 252
127 287
127 170
127 214
127 203
127 239
127 183
127 137
127 261
127 159
127 292
127 174
127 165
127 262
127 173
127 254
127 278
127 130
128 132
128 133
128 142
128 143
128 151
128 157
128 162
128 177
128 178
128 179
128 184
128 186
128 189
128 201
128 202
128 207
128 209
128 217
128 226
128 229
128 241
128 242
128 247
128 256
128 257
128 268
128 271
128 279
128 282
128 295
128 296
128 299
128 237
128 176
128 145
128 249
128 238
128 208
128 194
128 141
128 277
128 187
128 154
128 200
128 164
128 152
128 180
128 215
128 290
128 270
128 156
128 252
128 287
128 170
128 214
128 203
128 239
128 183
128 137
128 261
128 139
128 159
128 292
128 174
128 165
128 262
128 173
128 254
128 278
128 130
129 135
129 269
129 144
129 147
129 281
129 153
129 163
129 294
129 167
129 166
129 185
129 220
129 230
129 233
129 244
129 251
129 191
129 160
129 231
129 192
129 146
129 188
129 169
129 219
129 266
129 232
129 131
129 205
129 248
129 280
129 149
129 140
129 288
130 132
130 137
130 139
130 141
130 142
130 145
130 151
130 152
130 154
130 156
130 157
130 159
130 162
130 164
130 165
130 170
130 173
130 174
130 176
130 177
130 178
130 179
130 180
130 183
130 184
130 186
130 187
130 189
130 194
130 200
130 201
130 202
130 203
130 207
130 208
130 209
130 214
130 215
130 217
130 226
130 229
130 237
130 239
130 241
130 242
130 247
130 249
130 252
130 254
130 257
130 261
130 262
130 268
130 270
130 271
130 277
130 278
130 279
130 282
130 290
130 292
130 295
130 296
130 299
131 135
131 266
131 269
131 144
131 146
131 147
131 281
131 153
131 160
131 163
131 294
131 167
131 166
131 169
131 185
131 188
131 191
131 192
131 219
131 220
131 230
131 231
131 233
131 232
131 244
131 251
131 205
131 248
131 280
131 149
131 140
131 288
132 133
132 142
132 151
132 157
132 178
132 179
132 189
132 201
132 217
132 226
132 256
132 257
132 271
132 279
132 282
132 296
132 299
132 247
132 184
132 241
132 242
132 186
132 268
132 229
132 209
132 162
132 295
132 143
132 207
132 202
132 237
132 176
132 145
132 249
132 238
132 208
132 194
132 141
132 277
132 187
132 154
132 200
132 164
132 152
132 180
132 215
132 290
132 270
132 156
132 252
132 287
132 170
132 214
132 203
132 239
132 183
132 137
132 261
132 139
132 159
132 292
132 174
132 165
132 262
132 173
132 254
132 278
133 201
133 256
133 151
133 142
133 296
133 226
133 299
133 217
133 282
133 189
133 257
133 157
133 271
133 178
133 177
133 179
133 279
133 247
133 184
133 241
133 242
133 186
133 268
133 229
133 209
133 162
133 295
133 143
133 207
133 202
133 237
133 176
133 145
133 249
133 238
133 208
133 194
133 141
133 277
133 154
133 200
133 164
133 152
133 180
133 215
133 290
133 270
133 156
133 252
133 170
133 214
133 203
133 239
133 183
133 137
133 261
133 139
133 159
133 292
133 174
133 165
133 262
133 173
133 254
133 278
134 258
134 259
134 136
134 148
134 283
134 155
134 158
134 284
134 161
134 291
134 293
134 300
134 175
134 216
134 223
134 234
134 246
134 255
134 190
134 236
134 275
134 228
134 182
135 269
135 230
135 185
135 144
135 281
135 167
135 294
135 251
135 233
135 163
135 166
135 220
135 147
135 153
135 244
135 191
135 160
135 231
135 192
135 146
135 188
135 169
135 219
135 266
135 232
135 205
135 248
135 280
135 149
135 140
135 288
136 158
136 300
136 216
136 246
136 283
136 234
136 259
136 258
136 161
136 155
136 284
136 291
136 175
136 255
136 190
136 236
136 228
136 182
137 141
137 142
137 143
137 145
137 151
137 152
137 154
137 156
137 157
137 162
137 164
137 170
137 176
137 177
137 178
137 179
137 180
137 183
137 184
137 186
137 187
137 189
137 194
137 200
137 201
137 202
137 203
137 207
137 208
137 209
137 214
137 215
137 217
137 226
137 229
137 237
137 238
137 239
137 241
137 242
137 247
137 249
137 252
137 256
137 257
137 268
137 270
137 271
137 277
137 279
137 282
137 287
137 290
137 295
137 296
137 299
137 261
137 139
137 159
137 292
137 174
137 165
137 262
137 173
137 254
137 278
138 218
138 225
138 265
138 243
138 224
138 198
138 204
138 276
138 274
138 195
138 286
138 264
138 197
138 285
138 250
138 193
138 171
138 235
138 213
138 253
138 168
138 212
138 260
138 150
138 211
138 172
138 221
139 141
139 142
139 143
139 145
139 151
139 152
139 154
139 157
139 162
139 164
139 170
139 176
139 178
139 179
139 180
139 183
139 186
139 187
139 194
139 200
139 201
139 202
139 203
139 208
139 214
139 215
139 237
139 239
139 241
139 242
139 247
139 252
139 257
139 261
139 270
139 271
139 277
139 279
139 287
139 295
139 296
139 299
139 159
139 292
139 174
139 165
139 262
139 173
139 254
139 278
140 266
140 269
140 144
140 146
140 147
140 149
140 280
140 281
140 160
140 163
140 294
140 166
140 185
140 188
140 191
140 205
140 219
140 220
140 230
140 231
140 233
140 232
140 244
140 248
140 251
140 288
141 142
141 143
141 145
141 151
141 157
141 162
141 176
141 177
141 179
141 184
141 186
141 189
141 194
141 201
141 202
141 207
141 209
141 217
141 226
141 229
141 237
141 238
141 241
141 242
141 249
141 256
141 257
141 268
141 271
141 279
141 282
141 296
141 299
141 277
141 187
141 154
141 200
141 164
141 152
141 180
141 290
141 270
141 156
141 252
141 287
141 170
141 214
141 203
141 239
141 183
141 261
141 159
141 292
141 174
141 165
141 262
141 173
141 254
141 278
142 151
142 201
142 256
142 296
142 226
142 299
142 217
142 282
142 189
142 257
142 157
142 271
142 178
142 179
142 279
142 247
142 184
142 241
142 242
142 186
142 268
142 229
142 209
142 162
142 295
142 143
142 207
142 202
142 237
142 176
142 145
142 249
142 238
142 208
142 194
142 277
142 187
142 154
142 200
142 164
142 152
142 180
142 215
142 290
142 270
142 156
142 252
142 287
142 170
142 214
142 203
142 239
142 183
142 261
142 159
142 292
142 174
142 165
142 262
142 173
142 254
142 278
143 151
143 157
143 162
143 177
143 178
143 179
143 184
143 186
143 189
143 201
143 209
143 217
143 226
143 229
143 241
143 242
143 247
143 256
143 257
143 268
143 271
143 279
143 282
143 295
143 296
143 299
143 207
143 202
143 237
143 176
143 145
143 249
143 238
143 208
143 194
143 277
143 187
143 154
143 200
143 164
143 152
143 180
143 215
143 290
143 270
143 156
143 252
143 170
143 214
143 203
143 239
143 183
143 261
143 159
143 292
143 174
143 165
143 262
143 173
143 254
143 278
144 269
144 185
144 230
144 281
144 167
144 294
144 251
144 233
144 163
144 166
144 220
144 147
144 153
144 244
144 191
144 160
144 231
144 192
144 146
144 188
144 169
144 219
144 232
144 205
144 248
144 280
144 149
144 288
145 151
145 157
145 162
145 176
145 177
145 178
145 179
145 184
145 186
145 189
145 201
145 202
145 207
145 209
145 217
145 226
145 229
145 237
145 241
145 242
145 247
145 256
145 257
145 268
145 271
145 279
145 282
145 295
145 296
145 299
145 249
145 238
145 208
145 194
145 277
145 187
145 154
145 200
145 164
145 152
145 180
145 215
145 290
145 270
145 156
145 252
145 287
145 170
145 214
145 203
145 239
145 183
145 261
145 159
145 292
145 174
145 165
145 262
145 173
145 254
145 278
146 269
146 147
146 281
146 153
146 163
146 294
146 167
146 166
146 185
146 191
146 220
146 230
146 233
146 244
146 251
146 188
146 169
146 219
146 266
146 232
146 205
146 248
146 280
146 149
146 288
147 269
147 281
147 163
147 167
147 185
147 230
147 233
147 251
147 153
147 244
147 191
147 160
147 231
147 192
147 188
147 169
147 219
147 266
147 232
147 205
147 248
147 149
148 158
148 216
148 246
148 300
148 283
148 234
148 259
148 258
148 161
148 284
148 223
148 291
148 175
148 255
148 190
148 236
148 228
148 182
149 266
149 269
149 280
149 281
149 153
149 160
149 163
149 294
149 167
149 166
149 169
149 185
149 188
149 191
149 192
149 205
149 219
149 220
149 230
149 231
149 233
149 232
149 244
149 248
149 251
149 288
150 264
150 274
150 276
150 285
150 286
150 168
150 171
150 195
150 197
150 198
150 210
150 212
150 213
150 218
150 222
150 224
150 225
150 235
150 243
150 250
150 253
150 172
150 221
151 201
151 256
151 296
151 226
151 299
151 217
151 282
151 189
151 257
151 157
151 271
151 178
151 177
151 247
151 184
151 241
151 242
151 186
151 268
151 229
151 209
151 295
151 207
151 202
151 176
151 249
151 238
151 208
151 194
151 277
151 187
151 180
151 215
151 290
151 156
151 252
151 287
151 170
151 214
151 203
151 261
151 174
151 165
151 262
151 173
151 254
151 278
152 157
152 164
152 176
152 177
152 178
152 179
152 184
152 186
152 187
152 189
152 194
152 201
152 202
152 207
152 208
152 209
152 217
152 226
152 229
152 237
152 238
152 241
152 242
152 247
152 249
152 256
152 257
152 268
152 271
152 277
152 282
152 295
152 296
152 299
152 180
152 215
152 290
152 270
152 156
152 252
152 287
152 170
152 214
152 203
152 239
152 183
152 261
152 159
152 174
152 165
152 262
152 173
152 254
152 278
153 269
153 281
153 163
153 294
153 167
153 166
153 185
153 220
153 230
153 233
153 251
153 244
153 191
153 160
153 231
153 192
153 188
153 219
153 266
153 232
153 205
153 248
153 280
153 288
154 157
154 176
154 177
154 178
154 179
154 184
154 186
154 187
154 189
154 194
154 201
154 202
154 207
154 208
154 209
154 217
154 226
154 229
154 238
154 241
154 242
154 247
154 249
154 256
154 257
154 268
154 271
154 277
154 282
154 295
154 296
154 299
154 180
154 215
154 290
154 156
154 252
154 287
154 170
154 214
154 203
154 261
154 159
154 174
154 165
154 262
154 173
154 254
154 278
155 258
155 259
155 283
155 158
155 161
155 300
155 216
155 234
155 246
155 284
155 223
155 291
155 175
155 255
155 190
155 236
155 228
155 182
156 157
156 162
156 164
156 176
156 177
156 178
156 179
156 180
156 186
156 187
156 194
156 200
156 201
156 202
156 208
156 215
156 229
156 237
156 238
156 241
156 242
156 247
156 249
156 257
156 270
156 271
156 277
156 279
156 295
156 296
156 299
156 252
156 287
156 170
156 214
156 203
156 239
156 183
156 261
156 159
156 292
156 174
156 165
156 262
156 173
156 254
156 278
157 189
157 201
157 217
157 226
157 256
157 257
157 282
157 296
157 299
157 271
157 178
157 177
157 179
157 279
157 247
157 184
157 241
157 242
157 186
157 268
157 229
157 209
157 162
157 295
157 207
157 202
157 237
157 176
157 249
157 238
157 208
157 194
157 277
157 187
157 200
157 164
157 180
157 215
157 290
157 270
157 252
157 287
157 170
157 214
157 203
157 239
157 183
157 261
157 159
157 292
157 174
157 165
157 262
157 173
157 254
157 278
158 246
158 216
158 300
158 283
158 234
158 259
158 258
158 161
158 284
158 223
158 291
158 175
158 293
158 255
158 190
158 236
158 275
158 228
158 182
159 162
159 170
159 176
159 177
159 178
159 180
159 184
159 186
159 187
159 189
159 194
159 200
159 201
159 202
159 203
159 207
159 208
159 209
159 214
159 215
159 217
159 226
159 229
159 238
159 241
159 242
159 247
159 249
159 252
159 256
159 257
159 261
159 268
159 271
159 277
159 282
159 287
159 290
159 295
159 296
159 299
159 174
159 165
159 262
159 173
159 254
159 278
160 269
160 281
160 163
160 294
160 167
160 166
160 185
160 191
160 220
160 230
160 233
160 244
160 251
160 169
160 219
160 266
160 232
160 205
160 248
160 280
160 288
161 258
161 259
161 283
161 300
161 216
161 234
161 246
161 284
161 223
161 291
161 175
161 293
161 255
161 190
161 236
161 275
161 228
161 182
162 177
162 178
162 184
162 186
162 189
162 201
162 209
162 217
162 226
162 229
162 241
162 242
162 247
162 256
162 257
162 268
162 282
162 296
162 299
162 295
162 207
162 202
162 176
162 249
162 238
162 208
162 194
162 277
162 187
162 180
162 215
162 290
162 270
162 252
162 287
162 170
162 214
162 203
162 261
162 174
162 165
162 262
162 173
162 254
162 278
163 269
163 281
163 167
163 294
163 185
163 230
163 233
163 251
163 166
163 220
163 244
163 191
163 231
163 192
163 188
163 169
163 219
163 266
163 232
163 205
163 248
163 280
163 288
164 176
164 177
164 178
164 184
164 186
164 187
164 189
164 194
164 201
164 202
164 207
164 208
164 209
164 217
164 226
164 229
164 238
164 241
164 242
164 247
164 249
164 256
164 257
164 268
164 271
164 277
164 282
164 295
164 296
164 299
164 180
164 215
164 290
164 252
164 287
164 170
164 214
164 203
164 261
164 174
164 165
164 262
164 173
164 254
164 278
165 170
165 174
165 176
165 177
165 178
165 179
165 180
165 183
165 184
165 186
165 187
165 189
165 194
165 200
165 201
165 202
165 203
165 207
165 208
165 209
165 214
165 215
165 217
165 226
165 229
165 237
165 238
165 239
165 241
165 242
165 247
165 249
165 252
165 256
165 257
165 261
165 268
165 270
165 271
165 277
165 279
165 282
165 287
165 290
165 292
165 295
165 296
165 299
165 262
165 173
165 254
165 278
166 269
166 281
166 294
166 167
166 185
166 230
166 233
166 251
166 244
166 191
166 231
166 192
166 188
166 169
166 219
166 266
166 232
166 205
166 248
166 280
166 288
167 269
167 281
167 185
167 230
167 294
167 251
167 233
167 220
167 244
167 191
167 231
167 188
167 219
167 266
167 232
167 205
167 248
167 280
167 288
168 264
168 265
168 274
168 276
168 285
168 286
168 171
168 193
168 195
168 197
168 198
168 204
168 210
168 213
168 218
168 222
168 224
168 225
168 235
168 243
168 250
168 253
168 212
168 260
168 211
168 172
168 221
169 269
169 281
169 294
169 185
169 188
169 191
169 192
169 220
169 230
169 231
169 233
169 244
169 251
169 219
169 266
169 232
169 205
169 248
169 280
169 288
170 176
170 177
170 178
170 179
170 180
170 184
170 186
170 187
170 189
170 194
170 200
170 201
170 202
170 207
170 208
170 209
170 215
170 217
170 226
170 229
170 237
170 238
170 241
170 242
170 247
170 249
170 252
170 256
170 257
170 268
170 270
170 271
170 277
170 279
170 282
170 287
170 290
170 295
170 299
170 214
170 239
170 183
170 261
170 292
170 174
170 262
170 173
170 254
170 278
171 264
171 265
171 274
171 276
171 285
171 286
171 193
171 195
171 197
171 198
171 204
171 210
171 218
171 222
171 224
171 225
171 243
171 250
171 235
171 213
171 253
171 212
171 260
171 211
171 172
171 221
172 260
172 264
172 265
172 274
172 285
172 286
172 193
172 195
172 197
172 198
172 204
172 210
172 211
172 213
172 222
172 224
172 243
172 250
172 253
172 221
173 174
173 176
173 177
173 178
173 179
173 180
173 183
173 184
173 186
173 187
173 189
173 194
173 200
173 201
173 202
173 203
173 207
173 208
173 209
173 214
173 215
173 217
173 226
173 229
173 237
173 238
173 239
173 241
173 242
173 247
173 249
173 252
173 256
173 257
173 261
173 262
173 268
173 270
173 277
173 279
173 282
173 287
173 290
173 292
173 295
173 296
173 299
173 254
173 278
174 176
174 177
174 178
174 179
174 180
174 183
174 184
174 186
174 187
174 189
174 194
174 200
174 201
174 202
174 203
174 207
174 208
174 209
174 214
174 215
174 217
174 226
174 229
174 237
174 238
174 239
174 241
174 242
174 247
174 249
174 252
174 256
174 257
174 261
174 268
174 270
174 271
174 277
174 279
174 282
174 287
174 290
174 292
174 295
174 296
174 299
174 262
174 254
174 278
175 258
175 259
175 283
175 284
175 291
175 300
175 216
175 223
175 234
175 246
175 293
175 255
175 190
175 236
175 275
175 228
175 182
176 177
176 178
176 179
176 184
176 186
176 189
176 201
176 202
176 207
176 209
176 217
176 226
176 229
176 237
176 241
176 242
176 247
176 256
176 268
176 271
176 279
176 282
176 295
176 296
176 299
176 249
176 238
176 208
176 194
176 277
176 187
176 200
176 180
176 215
176 290
176 270
176 252
176 287
176 214
176 203
176 239
176 183
176 261
176 292
176 262
176 254
176 278
177 178
177 189
177 201
177 217
177 256
177 257
177 282
177 299
177 179
177 247
177 184
177 241
177 242
177 186
177 268
177 229
177 209
177 207
177 202
177 249
177 238
177 208
177 194
177 277
177 187
177 200
177 180
177 215
177 290
177 270
177 252
177 287
177 214
177 239
177 183
177 261
177 292
177 262
178 189
178 201
178 217
178 226
178 256
178 257
178 271
178 282
178 296
178 299
178 179
178 279
178 184
178 241
178 242
178 186
178 268
178 229
178 209
178 207
178 202
178 237
178 249
178 238
178 194
178 277
178 187
178 200
178 180
178 290
178 270
178 252
178 287
178 214
178 203
178 239
178 183
178 261
178 292
178 262
179 189
179 201
179 217
179 226
179 256
179 257
179 271
179 282
179 296
179 299
179 247
179 184
179 241
179 242
179 186
179 268
179 229
179 209
179 295
179 207
179 202
179 249
179 238
179 208
179 194
179 277
179 187
179 180
179 215
179 290
179 252
179 287
179 214
179 203
179 183
179 261
179 262
179 254
179 278
180 184
180 186
180 187
180 189
180 194
180 200
180 201
180 202
180 207
180 208
180 209
180 217
180 226
180 229
180 237
180 238
180 241
180 242
180 247
180 249
180 256
180 257
180 268
180 271
180 277
180 279
180 282
180 295
180 296
180 299
180 215
180 290
180 270
180 252
180 287
180 214
180 203
180 239
180 183
180 261
180 292
180 262
180 254
180 278
181 263
181 267
181 272
181 273
181 289
181 297
181 298
181 196
181 199
181 206
181 227
181 240
181 245
182 258
182 259
182 275
182 283
182 284
182 291
182 293
182 300
182 190
182 216
182 223
182 228
182 234
182 236
182 246
182 255
183 184
183 186
183 187
183 189
183 194
183 201
183 202
183 203
183 207
183 208
183 209
183 214
183 215
183 217
183 226
183 229
183 238
183 241
183 242
183 247
183 249
183 252
183 256
183 257
183 268
183 270
183 271
183 277
183 282
183 287
183 290
183 295
183 296
183 299
183 261
183 262
183 254
183 278
184 201
184 247
184 257
184 271
184 279
184 296
184 299
184 241
184 242
184 186
184 229
184 295
184 202
184 237
184 208
184 194
184 277
184 187
184 200
184 215
184 290
184 270
184 252
184 287
184 214
184 203
184 239
184 261
184 292
184 262
184 254
184 278
185 269
185 230
185 281
185 294
185 251
185 233
185 220
185 244
185 191
185 231
185 192
185 188
185 219
185 266
185 232
185 205
185 248
185 280
185 288
186 189
186 201
186 217
186 226
186 241
186 242
186 247
186 256
186 257
186 271
186 279
186 282
186 296
186 299
186 268
186 229
186 209
186 295
186 207
186 202
186 237
186 249
186 238
186 208
186 194
186 277
186 187
186 200
186 215
186 290
186 270
186 252
186 287
186 214
186 203
186 239
186 261
186 292
186 262
186 254
186 278
187 189
187 194
187 201
187 202
187 207
187 208
187 209
187 217
187 226
187 229
187 237
187 238
187 241
187 242
187 247
187 249
187 256
187 257
187 268
187 271
187 277
187 279
187 282
187 295
187 296
187 299
187 200
187 215
187 290
187 270
187 252
187 287
187 214
187 203
187 239
187 261
187 292
187 262
187 254
187 278
188 269
188 281
188 294
188 191
188 220
188 230
188 231
188 233
188 244
188 251
188 219
188 266
188 232
188 205
188 248
188 280
188 288
189 201
189 296
189 299
189 257
189 271
189 279
189 247
189 241
189 242
189 229
189 295
189 202
189 237
189 249
189 238
189 208
189 194
189 277
189 200
189 215
189 270
189 252
189 287
189 214
189 203
189 239
189 261
189 292
189 262
189 254
189 278
190 258
190 259
190 283
190 284
190 291
190 293
190 300
190 216
190 223
190 234
190 246
190 255
190 275
190 228
191 269
191 281
191 294
191 220
191 230
191 233
191 244
191 251
191 231
191 192
191 219
191 266
191 232
191 205
191 248
191 280
191 288
192 269
192 281
192 294
192 220
192 230
192 233
192 244
192 251
192 219
192 266
192 232
192 205
192 248
192 280
192 288
193 264
193 274
193 276
193 285
193 286
193 195
193 197
193 198
193 204
193 210
193 218
193 222
193 224
193 225
193 243
193 250
193 235
193 213
193 253
193 212
193 211
193 221
194 201
194 202
194 207
194 208
194 209
194 217
194 226
194 229
194 237
194 238
194 241
194 242
194 247
194 249
194 256
194 257
194 268
194 271
194 279
194 282
194 295
194 296
194 299
194 277
194 200
194 215
194 290
194 270
194 252
194 287
194 214
194 203
194 239
194 261
194 292
194 262
194 254
194 278
195 265
195 274
195 276
195 198
195 204
195 210
195 218
195 222
195 224
195 225
195 243
195 286
195 264
195 197
195 285
195 250
195 235
195 213
195 253
195 212
195 260
195 211
195 221
196 263
196 289
196 245
196 297
196 240
196 267
196 273
196 298
196 206
196 199
196 272
197 264
197 265
197 274
197 276
197 286
197 198
197 204
197 210
197 222
197 224
197 225
197 243
197 285
197 250
197 235
197 213
197 253
197 212
197 260
197 211
197 221
198 265
198 218
198 222
198 224
198 225
198 243
198 204
198 210
198 276
198 274
198 286
198 264
198 285
198 250
198 235
198 213
198 253
198 212
198 260
198 211
198 221
199 263
199 273
199 289
199 297
199 298
199 206
199 227
199 245
200 201
200 202
200 207
200 208
200 209
200 217
200 226
200 229
200 238
200 241
200 242
200 247
200 249
200 256
200 257
200 268
200 277
200 282
200 295
200 296
200 299
200 215
200 290
200 252
200 287
200 214
200 203
200 261
200 262
200 254
200 278
201 256
201 296
201 226
201 299
201 217
201 282
201 257
201 271
201 279
201 247
201 241
201 242
201 268
201 229
201 209
201 295
201 207
201 202
201 237
201 249
201 238
201 208
201 277
201 215
201 290
201 270
201 252
201 287
201 214
201 203
201 239
201 261
201 292
201 262
201 254
201 278
202 207
202 209
202 217
202 226
202 229
202 241
202 242
202 247
202 256
202 257
202 268
202 271
202 279
202 282
202 295
202 296
202 299
202 237
202 249
202 238
202 208
202 277
202 215
202 290
202 270
202 252
202 287
202 214
202 203
202 239
202 261
202 292
202 262
202 254
202 278
203 207
203 208
203 209
203 214
203 217
203 226
203 229
203 237
203 238
203 241
203 242
203 249
203 252
203 256
203 257
203 268
203 270
203 277
203 279
203 282
203 287
203 290
203 295
203 296
203 299
203 239
203 261
203 292
203 262
203 278
204 218
204 222
204 224
204 225
204 243
204 210
204 276
204 274
204 286
204 264
204 285
204 250
204 235
204 213
204 253
204 212
204 260
204 211
204 221
205 266
205 269
205 281
205 294
205 219
205 220
205 230
205 231
205 233
205 232
205 244
205 251
205 248
205 280
205 288
206 263
206 273
206 289
206 297
206 298
206 227
206 240
206 245
206 272
207 217
207 226
207 229
207 241
207 242
207 247
207 257
207 271
207 279
207 295
207 296
207 299
207 237
207 249
207 238
207 208
207 277
207 215
207 290
207 270
207 252
207 287
207 214
207 239
207 261
207 292
207 262
207 254
207 278
208 209
208 217
208 226
208 229
208 237
208 238
208 241
208 242
208 249
208 256
208 257
208 268
208 271
208 279
208 282
208 296
208 299
208 277
208 290
208 270
208 252
208 287
208 214
208 239
208 261
208 292
208 262
208 278
209 226
209 229
209 241
209 242
209 247
209 257
209 271
209 279
209 296
209 299
209 295
209 237
209 249
209 238
209 277
209 215
209 290
209 270
209 252
209 287
209 214
209 239
209 261
209 292
209 262
209 254
209 278
210 265
210 218
210 224
210 225
210 243
210 276
210 274
210 286
210 264
210 285
210 250
210 235
210 213
210 253
210 212
210 260
210 211
210 221
211 260
211 264
211 265
211 274
211 276
211 285
211 212
211 213
211 218
211 222
211 224
211 225
211 235
211 250
211 253
211 221
212 264
212 265
212 274
212 285
212 286
212 213
212 218
212 222
212 224
212 225
212 235
212 243
212 250
212 253
212 260
212 221
213 264
213 265
213 274
213 276
213 285
213 286
213 218
213 222
213 224
213 235
213 243
213 250
213 253
213 260
214 215
214 217
214 226
214 229
214 237
214 238
214 241
214 242
214 247
214 249
214 252
214 256
214 257
214 268
214 270
214 271
214 277
214 279
214 282
214 287
214 290
214 295
214 296
214 299
214 239
214 261
214 292
214 262
214 254
214 278
215 217
215 226
215 229
215 237
215 238
215 241
215 242
215 249
215 256
215 257
215 268
215 277
215 279
215 282
215 299
215 290
215 270
215 252
215 287
215 239
215 261
215 292
215 262
215 278
216 246
216 300
216 283
216 234
216 259
216 258
216 284
216 223
216 291
216 293
216 255
216 236
216 275
216 228
217 296
217 299
217 257
217 271
217 279
217 247
217 241
217 242
217 229
217 295
217 237
217 249
217 238
217 277
217 270
217 252
217 287
217 239
217 261
217 292
217 262
217 254
217 278
218 265
218 243
218 222
218 224
218 286
218 264
218 285
218 250
218 253
218 260
218 221
219 281
219 294
219 220
219 230
219 231
219 233
219 244
219 251
219 266
219 232
219 248
219 280
219 288
220 269
220 281
220 294
220 230
220 233
220 251
220 244
220 231
220 266
220 232
220 248
220 280
220 288
221 260
221 264
221 265
221 274
221 276
221 285
221 286
221 222
221 224
221 225
221 235
221 243
221 250
221 253
222 265
222 225
222 243
222 224
222 276
222 274
222 286
222 264
222 285
222 250
222 235
222 253
222 260
223 259
223 283
223 284
223 300
223 234
223 246
223 291
223 293
223 236
223 228
224 265
224 225
224 243
224 276
224 274
224 286
224 264
224 285
224 250
224 235
224 253
224 260
225 265
225 243
225 286
225 264
225 285
225 250
225 253
226 296
226 299
226 257
226 271
226 279
226 247
226 241
226 242
226 268
226 229
226 295
226 237
226 249
226 238
226 277
226 290
226 270
226 252
226 287
226 239
226 261
226 292
226 262
226 254
226 278
227 263
227 267
227 289
227 297
227 240
227 245
227 273
227 298
227 272
228 258
228 259
228 275
228 283
228 284
228 291
228 293
228 300
228 236
228 246
228 255
229 241
229 242
229 247
229 257
229 268
229 271
229 279
229 282
229 296
229 299
229 295
229 237
229 249
229 238
229 277
229 290
229 270
229 252
229 287
229 239
229 261
229 292
229 262
229 254
229 278
230 269
230 281
230 294
230 251
230 233
230 244
230 231
230 266
230 232
230 248
230 280
230 288
231 269
231 281
231 294
231 233
231 244
231 251
231 266
231 232
231 248
231 280
231 288
232 266
232 269
232 281
232 294
232 233
232 244
232 251
232 248
232 280
232 288
233 269
233 281
233 294
233 251
233 244
233 266
233 248
233 280
233 288
234 283
234 300
234 246
234 259
234 258
234 284
234 291
234 293
234 255
234 236
234 275
235 264
235 265
235 274
235 285
235 286
235 243
235 250
235 253
235 260
236 258
236 259
236 283
236 284
236 291
236 293
236 300
236 246
236 255
236 275
237 241
237 242
237 247
237 256
237 257
237 268
237 271
237 282
237 295
237 296
237 299
237 249
237 238
237 277
237 290
237 252
237 287
237 261
237 262
237 254
237 278
238 241
238 242
238 247
238 249
238 257
238 268
238 271
238 279
238 295
238 296
238 299
238 277
238 290
238 270
238 252
238 239
238 261
238 292
238 262
238 254
238 278
239 241
239 242
239 247
239 249
239 252
239 256
239 257
239 268
239 271
239 277
239 282
239 287
239 290
239 295
239 296
239 299
239 261
239 262
239 254
239 278
240 263
240 289
240 297
240 245
240 267
240 273
240 298
241 247
241 256
241 257
241 271
241 279
241 282
241 296
241 299
241 242
241 268
241 295
241 249
241 277
241 290
241 270
241 252
241 287
241 261
241 292
241 262
241 254
241 278
242 247
242 256
242 257
242 271
242 279
242 282
242 296
242 299
242 268
242 295
242 249
242 277
242 290
242 270
242 252
242 287
242 261
242 292
242 262
242 254
242 278
243 276
243 274
243 286
243 264
243 285
243 250
243 253
244 269
244 281
244 294
244 251
244 266
244 248
244 280
244 288
245 263
245 289
245 297
245 267
245 273
245 298
245 272
246 300
246 283
246 259
246 258
246 284
246 291
246 293
246 255
246 275
247 256
247 257
247 279
247 282
247 296
247 299
247 268
247 249
247 290
247 270
247 252
247 287
247 261
247 292
247 262
247 278
248 266
248 269
248 281
248 294
248 251
248 280
248 288
249 257
249 268
249 271
249 279
249 295
249 296
249 299
249 277
249 290
249 270
249 252
249 287
249 261
249 292
249 262
249 254
249 278
250 264
250 265
250 274
250 276
250 285
250 286
250 253
250 260
251 269
251 281
251 294
251 266
251 280
251 288
252 256
252 257
252 268
252 270
252 271
252 277
252 279
252 282
252 290
252 295
252 296
252 299
252 287
252 261
252 292
252 262
252 254
252 278
253 264
253 265
253 274
253 276
253 285
253 286
253 260
254 256
254 257
254 261
254 262
254 268
254 270
254 277
254 279
254 282
254 287
254 290
254 292
254 299
255 259
255 283
255 284
255 291
255 293
255 300
255 275
256 296
256 299
256 257
256 279
256 277
256 270
256 261
256 292
256 262
256 278
257 282
257 296
257 299
257 271
257 279
257 268
257 295
257 277
257 290
257 270
257 287
257 261
257 292
257 262
257 278
258 259
258 283
258 300
258 284
258 291
258 293
259 283
259 300
259 284
259 291
259 293
259 275
260 264
260 265
260 274
260 276
260 285
260 286
261 268
261 270
261 271
261 277
261 279
261 282
261 287
261 290
261 295
261 296
261 299
261 292
261 262
261 278
262 268
262 270
262 271
262 277
262 279
262 282
262 287
262 290
262 292
262 295
262 296
262 299
262 278
263 289
263 297
263 267
263 273
263 298
263 272
264 265
264 274
264 276
264 286
264 285
265 276
265 274
265 286
265 285
266 269
266 281
266 294
266 280
266 288
267 289
267 297
267 273
267 298
268 271
268 279
268 296
268 299
268 295
268 277
268 290
268 270
268 287
268 292
268 278
269 281
269 294
269 280
269 288
270 271
270 277
270 282
270 290
270 295
270 296
270 299
270 287
270 278
271 282
271 299
271 279
271 295
271 290
271 287
271 292
272 273
272 289
272 297
272 298
273 289
273 297
273 298
274 276
274 286
274 285
275 283
275 284
275 291
275 300
276 286
276 285
277 279
277 282
277 295
277 299
277 290
277 287
277 292
278 279
278 282
278 287
278 290
278 292
278 296
278 299
279 282
279 296
279 299
279 295
279 290
279 287
280 281
280 294
281 294
281 288
282 296
282 299
282 295
282 290
282 287
282 292
283 300
283 284
283 291
283 293
284 300
284 291
284 293
285 286
287 290
287 295
287 296
287 299
287 292
288 294
289 297
289 298
290 295
290 296
290 299
290 292
291 300
291 293
292 295
292 296
292 299
293 300
295 299
296 299
297 298
