heur059_n_300_m_7867
1 234
1 44
1 174
1 118
1 57
1 31
1 51
1 97
1 130
1 125
1 6
1 262
1 281
1 180
1 235
1 189
1 41
2 159
2 300
2 53
2 181
2 197
2 82
2 212
2 217
2 220
2 104
2 117
2 179
2 214
2 184
2 138
2 149
2 204
2 148
2 76
2 52
2 208
2 33
2 171
2 19
2 142
2 141
2 240
3 256
3 128
3 133
3 134
3 10
3 266
3 12
3 269
3 147
3 20
3 21
3 277
3 283
3 156
3 287
3 32
3 292
3 295
3 168
3 172
3 176
3 54
3 61
3 63
3 194
3 198
3 71
3 200
3 73
3 206
3 210
3 213
3 93
3 227
3 230
3 233
3 106
3 107
3 109
3 111
3 242
3 115
3 249
3 123
3 257
4 279
4 26
4 290
4 291
4 215
4 236
4 170
4 280
4 49
4 177
4 299
4 169
4 187
4 247
4 119
4 39
4 271
5 131
5 267
5 272
5 160
5 288
5 37
5 165
5 167
5 55
5 191
5 195
5 196
5 72
5 74
5 85
5 112
5 254
5 94
6 97
6 130
6 234
6 174
6 51
6 125
6 31
6 281
6 180
6 235
6 189
6 41
7 13
7 17
7 22
7 286
7 162
7 294
7 298
7 48
7 192
7 202
7 114
7 139
7 79
7 14
7 268
7 182
7 201
7 124
7 27
7 218
7 151
7 250
7 30
7 9
7 90
7 229
7 289
7 110
7 173
7 255
7 284
7 91
7 225
7 102
7 62
7 188
7 246
7 122
7 297
7 183
7 69
7 23
7 103
7 60
7 8
7 96
8 9
8 139
8 268
8 13
8 14
8 17
8 151
8 23
8 27
8 284
8 30
8 286
8 289
8 162
8 294
8 297
8 298
8 173
8 175
8 48
8 182
8 183
8 188
8 60
8 62
8 192
8 69
8 201
8 202
8 79
8 218
8 90
8 91
8 225
8 229
8 102
8 122
8 103
8 110
8 114
8 244
8 246
8 250
8 124
8 255
8 96
9 139
9 13
9 14
9 17
9 22
9 27
9 286
9 30
9 294
9 298
9 48
9 182
9 192
9 201
9 202
9 79
9 114
9 124
9 90
9 229
9 289
9 110
9 244
9 255
9 91
9 225
9 102
9 62
9 246
9 122
9 297
9 183
9 69
9 23
9 175
9 103
9 60
9 96
10 266
10 12
10 21
10 156
10 287
10 168
10 61
10 63
10 93
10 99
10 176
10 194
10 198
10 227
10 242
10 233
10 133
10 115
10 109
10 106
10 295
10 213
10 80
10 230
10 292
10 107
10 249
10 283
10 200
10 34
10 20
10 224
10 269
10 172
10 32
10 277
10 54
10 134
10 206
10 210
10 257
11 263
11 15
11 153
11 285
11 157
11 43
11 46
11 50
11 77
11 207
11 78
11 86
11 92
11 95
11 232
11 108
11 116
11 120
11 101
11 186
11 258
11 136
11 273
11 24
11 278
11 178
11 81
11 226
11 259
11 45
11 36
11 276
11 59
11 18
11 265
11 58
11 166
11 84
11 205
11 260
11 150
11 25
11 231
11 248
11 42
11 65
11 190
11 219
11 228
11 238
11 222
11 161
11 164
11 163
11 275
11 98
11 83
11 140
11 241
11 296
11 105
11 129
11 35
11 145
11 56
11 185
11 144
11 75
11 87
11 38
11 100
11 89
11 239
12 147
12 21
12 287
12 168
12 63
12 209
12 93
12 111
12 99
12 176
12 194
12 227
12 73
12 242
12 109
12 128
12 106
12 80
12 230
12 292
12 107
12 249
12 283
12 123
12 34
12 20
12 224
12 172
12 71
12 32
12 54
12 134
12 206
12 257
13 48
13 17
13 294
13 114
13 298
13 192
13 22
13 202
13 286
13 79
13 14
13 268
13 182
13 201
13 124
13 27
13 218
13 151
13 250
13 90
13 229
13 289
13 110
13 244
13 173
13 255
13 91
13 225
13 102
13 62
13 188
13 246
13 122
13 297
13 183
13 69
13 23
13 175
13 103
13 60
14 139
14 17
14 22
14 286
14 162
14 294
14 298
14 48
14 202
14 114
14 268
14 182
14 201
14 124
14 27
14 218
14 151
14 250
14 30
14 289
14 244
14 173
14 255
14 284
14 225
14 102
14 188
14 246
14 122
14 183
14 69
14 23
14 175
14 103
14 96
15 263
15 153
15 285
15 157
15 43
15 50
15 64
15 207
15 78
15 86
15 92
15 95
15 108
15 116
15 120
15 121
15 251
15 252
15 101
15 186
15 258
15 136
15 273
15 24
15 278
15 178
15 193
15 81
15 226
15 259
15 45
15 36
15 276
15 18
15 265
15 58
15 84
15 205
15 150
15 25
15 274
15 248
15 42
15 65
15 219
15 228
15 238
15 222
15 161
15 164
15 163
15 275
15 98
15 83
15 140
15 241
15 296
15 105
15 129
15 35
15 253
15 145
15 56
15 144
15 75
15 87
15 38
15 68
15 155
15 100
15 89
15 239
15 113
16 135
16 138
16 149
16 28
16 159
16 33
16 300
16 179
16 52
16 53
16 184
16 197
16 204
16 76
16 208
16 82
16 212
16 214
16 217
16 221
16 117
16 127
16 171
16 19
16 141
16 240
17 48
17 294
17 114
17 298
17 192
17 202
17 286
17 162
17 139
17 79
17 268
17 182
17 201
17 124
17 218
17 151
17 250
17 30
17 244
17 173
17 255
17 284
17 225
17 102
17 188
17 246
17 122
17 183
17 69
17 175
17 103
17 96
18 24
18 36
18 43
18 45
18 46
18 50
18 59
18 64
18 77
18 78
18 81
18 86
18 92
18 95
18 101
18 108
18 120
18 121
18 136
18 153
18 157
18 178
18 186
18 193
18 207
18 226
18 232
18 251
18 252
18 258
18 259
18 263
18 273
18 276
18 278
18 285
18 265
18 58
18 166
18 84
18 205
18 260
18 150
18 25
18 274
18 231
18 248
18 42
18 65
18 190
18 219
18 228
18 238
18 222
18 164
18 163
18 275
18 98
18 83
18 140
18 241
18 296
18 105
18 129
18 35
18 253
18 145
18 185
18 144
18 75
18 87
18 38
18 155
18 100
18 89
18 239
18 113
19 132
19 261
19 135
19 138
19 270
19 146
19 148
19 149
19 152
19 28
19 159
19 33
19 171
19 300
19 179
19 52
19 53
19 181
19 184
19 67
19 197
19 199
19 204
19 76
19 208
19 82
19 212
19 214
19 217
19 220
19 221
19 104
19 117
19 127
19 142
19 141
19 240
20 256
20 128
20 133
20 147
20 21
20 283
20 287
20 34
20 168
20 61
20 63
20 194
20 200
20 73
20 80
20 209
20 93
20 99
20 227
20 249
20 233
20 106
20 107
20 109
20 123
20 224
20 71
20 32
20 54
20 134
20 206
20 257
21 266
21 287
21 63
21 209
21 147
21 93
21 61
21 168
21 156
21 99
21 176
21 194
21 198
21 227
21 73
21 242
21 233
21 133
21 115
21 109
21 128
21 106
21 295
21 213
21 80
21 230
21 292
21 107
21 249
21 283
21 123
21 34
21 224
21 269
21 172
21 71
21 32
21 277
21 54
21 134
21 210
21 257
22 294
22 298
22 48
22 192
22 114
22 202
22 286
22 162
22 139
22 79
22 268
22 182
22 201
22 124
22 27
22 218
22 151
22 250
22 30
22 90
22 289
22 110
22 244
22 173
22 255
22 284
22 91
22 225
22 102
22 62
22 188
22 246
22 122
22 297
22 183
22 69
22 23
22 175
22 103
22 60
22 96
23 139
23 268
23 151
23 284
23 30
23 162
23 173
23 48
23 182
23 188
23 192
23 69
23 218
23 102
23 114
23 244
23 246
23 124
23 255
23 175
23 96
24 258
24 136
24 273
24 153
24 285
24 43
24 46
24 50
24 186
24 64
24 77
24 86
24 92
24 101
24 232
24 120
24 278
24 259
24 276
24 59
24 265
24 58
24 166
24 84
24 260
24 150
24 25
24 231
24 248
24 65
24 190
24 219
24 228
24 238
24 222
24 161
24 164
24 163
24 98
24 83
24 140
24 241
24 296
24 105
24 129
24 145
24 56
24 185
24 144
24 87
24 38
24 100
24 239
25 258
25 259
25 263
25 136
25 265
25 260
25 273
25 276
25 278
25 153
25 150
25 157
25 285
25 36
25 166
25 43
25 46
25 45
25 50
25 178
25 186
25 59
25 58
25 64
25 193
25 77
25 81
25 84
25 86
25 92
25 95
25 226
25 101
25 232
25 108
25 116
25 120
25 121
25 231
25 248
25 65
25 190
25 219
25 228
25 238
25 222
25 161
25 164
25 163
25 275
25 98
25 83
25 140
25 241
25 296
25 105
25 129
25 35
25 145
25 56
25 185
25 144
25 75
25 87
25 38
25 68
25 155
25 100
25 89
25 239
25 113
26 279
26 290
26 291
26 215
26 236
26 170
26 280
26 49
26 177
26 169
26 187
26 247
26 39
26 271
27 139
27 268
27 286
27 162
27 294
27 298
27 48
27 182
27 192
27 202
27 79
27 114
27 124
27 218
27 151
27 250
27 30
27 244
27 173
27 255
27 284
27 91
27 102
27 188
27 246
27 122
27 183
27 69
27 175
27 96
28 261
28 135
28 138
28 270
28 146
28 148
28 149
28 152
28 159
28 33
28 300
28 179
28 52
28 53
28 181
28 184
28 67
28 197
28 199
28 204
28 76
28 208
28 82
28 212
28 214
28 217
28 220
28 221
28 104
28 117
28 171
28 142
28 141
28 240
29 216
29 40
29 211
29 282
29 203
29 66
29 143
29 47
29 293
29 237
29 70
29 137
30 139
30 268
30 151
30 286
30 162
30 294
30 298
30 48
30 182
30 192
30 201
30 202
30 79
30 218
30 114
30 250
30 124
30 90
30 229
30 289
30 110
30 244
30 173
30 255
30 91
30 225
30 102
30 62
30 188
30 246
30 122
30 297
30 183
30 69
30 175
30 103
30 60
31 44
31 174
31 118
31 234
31 51
31 97
31 130
31 125
31 262
31 281
31 180
31 235
31 189
31 41
32 256
32 128
32 133
32 266
32 269
32 147
32 283
32 156
32 287
32 34
32 292
32 295
32 168
32 172
32 176
32 61
32 63
32 198
32 71
32 200
32 73
32 80
32 209
32 213
32 93
32 224
32 99
32 227
32 230
32 233
32 106
32 107
32 109
32 111
32 242
32 115
32 123
32 54
32 134
32 206
32 210
32 257
33 132
33 261
33 135
33 138
33 270
33 146
33 148
33 149
33 152
33 159
33 300
33 179
33 52
33 53
33 181
33 184
33 67
33 197
33 199
33 204
33 76
33 208
33 82
33 212
33 214
33 88
33 217
33 220
33 221
33 104
33 117
33 127
33 142
33 141
34 256
34 128
34 133
34 266
34 147
34 283
34 156
34 287
34 292
34 295
34 168
34 176
34 61
34 63
34 194
34 198
34 200
34 73
34 209
34 213
34 93
34 227
34 249
34 230
34 233
34 106
34 107
34 109
34 111
34 242
34 115
34 123
34 224
34 269
34 172
34 71
34 277
34 54
34 134
34 206
34 210
34 257
35 259
35 260
35 129
35 263
35 136
35 265
35 140
35 273
35 276
35 278
35 153
35 150
35 157
35 285
35 161
35 163
35 164
35 166
35 296
35 45
35 46
35 50
35 186
35 59
35 58
35 190
35 64
35 193
35 65
35 77
35 207
35 81
35 83
35 84
35 86
35 219
35 92
35 248
35 98
35 228
35 101
35 231
35 232
35 275
35 105
35 238
35 241
35 116
35 120
35 145
35 56
35 185
35 75
35 87
35 38
35 68
35 239
36 43
36 45
36 46
36 64
36 77
36 86
36 92
36 101
36 120
36 136
36 153
36 186
36 232
36 258
36 259
36 278
36 285
36 276
36 59
36 265
36 58
36 166
36 84
36 260
36 150
36 248
36 65
36 190
36 219
36 228
36 238
36 222
36 161
36 164
36 163
36 275
36 98
36 83
36 140
36 241
36 296
36 105
36 129
36 145
36 56
36 185
36 144
36 75
36 87
36 38
36 100
36 239
37 160
37 167
37 264
37 272
37 112
37 85
37 191
37 158
37 267
37 55
37 243
37 288
37 154
37 74
37 195
37 72
37 196
37 131
37 254
37 94
38 42
38 43
38 45
38 46
38 50
38 56
38 58
38 59
38 64
38 65
38 75
38 77
38 78
38 81
38 83
38 84
38 87
38 92
38 95
38 98
38 101
38 105
38 108
38 116
38 120
38 121
38 129
38 136
38 140
38 144
38 145
38 150
38 153
38 157
38 161
38 163
38 166
38 178
38 185
38 186
38 190
38 205
38 207
38 222
38 226
38 228
38 231
38 232
38 241
38 248
38 251
38 252
38 253
38 258
38 259
38 260
38 263
38 265
38 273
38 274
38 275
38 278
38 285
38 296
38 68
38 155
38 100
38 89
38 239
38 113
39 279
39 290
39 291
39 299
39 169
39 49
39 177
39 187
40 216
40 223
40 211
40 282
40 203
40 66
40 143
40 47
40 293
40 237
40 70
40 137
41 130
41 262
41 281
41 234
41 235
41 174
41 51
41 180
41 189
41 125
42 258
42 259
42 260
42 136
42 265
42 276
42 278
42 153
42 150
42 285
42 166
42 43
42 46
42 59
42 58
42 64
42 77
42 84
42 86
42 92
42 248
42 101
42 232
42 231
42 120
42 65
42 190
42 219
42 228
42 238
42 222
42 161
42 164
42 275
42 98
42 140
42 241
42 105
42 129
42 56
42 75
42 87
42 155
42 100
42 239
43 263
43 50
43 64
43 77
43 207
43 86
43 232
43 121
43 252
43 251
43 285
43 46
43 157
43 78
43 116
43 120
43 153
43 95
43 101
43 186
43 136
43 273
43 178
43 193
43 81
43 226
43 259
43 45
43 276
43 59
43 265
43 58
43 166
43 84
43 205
43 260
43 150
43 274
43 231
43 248
43 65
43 190
43 219
43 228
43 238
43 222
43 161
43 164
43 163
43 275
43 98
43 83
43 140
43 296
43 105
43 129
43 145
43 56
43 185
43 144
43 75
43 87
43 68
43 155
43 89
43 239
43 113
44 174
44 118
44 234
44 57
44 51
44 97
44 130
44 125
44 262
44 281
44 180
44 235
44 189
45 258
45 259
45 263
45 136
45 273
45 278
45 153
45 157
45 285
45 46
45 50
45 186
45 64
45 77
45 78
45 207
45 81
45 86
45 92
45 95
45 226
45 232
45 108
45 120
45 121
45 252
45 276
45 59
45 265
45 58
45 166
45 260
45 150
45 274
45 231
45 248
45 65
45 190
45 219
45 228
45 238
45 222
45 161
45 164
45 163
45 275
45 98
45 83
45 140
45 241
45 296
45 105
45 129
45 253
45 145
45 56
45 185
45 144
45 75
45 87
45 155
45 100
45 89
45 239
45 113
46 263
46 50
46 64
46 207
46 86
46 92
46 232
46 121
46 251
46 252
46 157
46 78
46 108
46 116
46 120
46 153
46 95
46 101
46 186
46 258
46 136
46 273
46 278
46 178
46 193
46 81
46 226
46 259
46 276
46 265
46 58
46 84
46 205
46 150
46 274
46 248
46 65
46 219
46 228
46 238
46 222
46 161
46 164
46 275
46 98
46 83
46 140
46 241
46 296
46 105
46 129
46 253
46 145
46 56
46 185
46 144
46 75
46 87
46 68
46 155
46 100
46 89
46 239
46 113
47 66
47 211
47 216
47 282
47 126
47 223
47 245
47 293
47 237
47 70
47 137
48 294
48 114
48 298
48 192
48 202
48 286
48 162
48 139
48 79
48 268
48 182
48 201
48 124
48 218
48 151
48 250
48 229
48 289
48 110
48 244
48 173
48 255
48 284
48 91
48 225
48 102
48 62
48 188
48 246
48 122
48 297
48 183
48 69
48 175
48 103
48 60
48 96
49 280
49 290
49 291
49 170
49 215
49 236
49 177
49 299
49 169
49 187
49 247
49 271
50 207
50 263
50 121
50 64
50 77
50 232
50 86
50 285
50 92
50 108
50 120
50 153
50 101
50 186
50 258
50 136
50 273
50 278
50 178
50 193
50 81
50 226
50 259
50 276
50 59
50 265
50 166
50 84
50 260
50 150
50 231
50 248
50 190
50 219
50 228
50 238
50 222
50 161
50 164
50 163
50 98
50 83
50 140
50 241
50 296
50 105
50 129
50 253
50 145
50 56
50 185
50 144
50 75
50 87
50 68
50 155
50 100
50 89
50 239
51 234
51 174
51 118
51 57
51 97
51 130
51 125
51 262
51 281
51 180
51 235
51 189
52 132
52 261
52 135
52 138
52 270
52 146
52 148
52 149
52 152
52 159
52 300
52 179
52 53
52 181
52 184
52 197
52 199
52 204
52 76
52 82
52 212
52 214
52 88
52 217
52 220
52 221
52 104
52 117
52 127
52 208
52 171
52 142
52 141
52 240
53 220
53 197
53 88
53 82
53 117
53 300
53 146
53 217
53 212
53 181
53 270
53 159
53 152
53 179
53 199
53 214
53 184
53 261
53 138
53 149
53 204
53 148
53 221
53 208
53 171
53 142
53 141
53 240
54 256
54 128
54 133
54 266
54 269
54 147
54 277
54 283
54 156
54 287
54 292
54 295
54 168
54 172
54 176
54 63
54 194
54 198
54 71
54 200
54 73
54 80
54 209
54 213
54 93
54 224
54 99
54 227
54 230
54 233
54 106
54 107
54 109
54 111
54 242
54 115
54 249
54 123
54 134
54 206
54 210
54 257
55 264
55 267
55 272
55 160
55 165
55 167
55 191
55 112
55 243
55 288
55 154
55 74
55 195
55 72
55 196
55 131
55 254
55 94
56 58
56 59
56 64
56 65
56 77
56 78
56 81
56 83
56 84
56 86
56 92
56 95
56 98
56 101
56 105
56 108
56 116
56 120
56 121
56 129
56 136
56 140
56 145
56 150
56 153
56 157
56 163
56 164
56 166
56 178
56 186
56 190
56 193
56 205
56 207
56 219
56 222
56 226
56 228
56 231
56 232
56 238
56 241
56 248
56 251
56 252
56 253
56 258
56 259
56 260
56 263
56 265
56 273
56 274
56 275
56 276
56 278
56 285
56 296
56 185
56 144
56 75
56 87
56 68
56 155
56 100
56 89
56 239
56 113
57 234
57 174
57 130
57 281
57 180
57 235
57 189
58 258
58 259
58 263
58 136
58 265
58 273
58 276
58 278
58 153
58 157
58 285
58 178
58 186
58 59
58 64
58 193
58 77
58 78
58 207
58 81
58 86
58 92
58 95
58 226
58 101
58 232
58 108
58 251
58 116
58 120
58 121
58 252
58 166
58 84
58 205
58 260
58 150
58 274
58 231
58 248
58 65
58 190
58 219
58 228
58 238
58 222
58 161
58 164
58 163
58 275
58 98
58 83
58 140
58 241
58 296
58 105
58 129
58 253
58 145
58 185
58 144
58 75
58 87
58 68
58 155
58 89
58 239
58 113
59 64
59 78
59 81
59 86
59 92
59 95
59 101
59 108
59 116
59 120
59 121
59 136
59 153
59 157
59 178
59 186
59 193
59 207
59 226
59 232
59 251
59 252
59 258
59 259
59 263
59 273
59 276
59 278
59 265
59 84
59 205
59 150
59 274
59 248
59 65
59 219
59 228
59 238
59 222
59 161
59 164
59 275
59 98
59 83
59 140
59 241
59 296
59 105
59 129
59 253
59 145
59 185
59 144
59 75
59 87
59 68
59 155
59 100
59 89
59 239
59 113
60 139
60 268
60 151
60 284
60 286
60 162
60 294
60 173
60 175
60 182
60 183
60 188
60 192
60 69
60 201
60 202
60 218
60 102
60 122
60 103
60 114
60 244
60 246
60 250
60 124
60 255
60 96
61 256
61 266
61 147
61 287
61 63
61 209
61 93
61 111
61 168
61 156
61 99
61 176
61 194
61 198
61 227
61 73
61 242
61 233
61 133
61 115
61 109
61 128
61 106
61 295
61 213
61 80
61 230
61 292
61 107
61 249
61 283
61 200
61 123
61 224
61 269
61 172
61 71
61 277
61 134
61 206
61 210
61 257
62 139
62 268
62 151
62 284
62 286
62 162
62 294
62 173
62 192
62 202
62 218
62 91
62 102
62 114
62 244
62 250
62 124
62 255
62 188
62 246
62 183
62 69
62 175
62 96
63 256
63 209
63 287
63 266
63 111
63 147
63 93
63 168
63 156
63 99
63 176
63 194
63 198
63 227
63 73
63 242
63 233
63 133
63 115
63 109
63 128
63 106
63 295
63 213
63 80
63 230
63 292
63 107
63 249
63 283
63 200
63 123
63 224
63 269
63 172
63 71
63 277
63 134
63 206
63 210
63 257
64 263
64 207
64 77
64 232
64 86
64 285
64 92
64 157
64 78
64 108
64 116
64 120
64 153
64 95
64 101
64 186
64 258
64 136
64 273
64 278
64 178
64 193
64 81
64 226
64 259
64 276
64 265
64 166
64 84
64 205
64 260
64 150
64 231
64 248
64 65
64 190
64 219
64 228
64 238
64 222
64 161
64 164
64 163
64 275
64 98
64 83
64 140
64 241
64 296
64 105
64 129
64 145
64 185
64 144
64 75
64 87
64 100
64 89
64 239
65 258
65 259
65 260
65 263
65 136
65 265
65 273
65 276
65 274
65 278
65 153
65 150
65 157
65 285
65 166
65 178
65 186
65 193
65 77
65 78
65 207
65 81
65 205
65 84
65 86
65 92
65 95
65 248
65 226
65 101
65 232
65 231
65 108
65 251
65 116
65 120
65 121
65 252
65 190
65 219
65 228
65 238
65 222
65 161
65 164
65 163
65 275
65 98
65 83
65 140
65 241
65 296
65 105
65 129
65 253
65 145
65 185
65 144
65 75
65 87
65 68
65 155
65 100
65 89
65 239
65 113
66 203
66 216
66 282
66 126
66 223
66 245
66 70
67 146
67 300
67 181
67 197
67 82
67 212
67 117
67 159
67 179
67 214
67 184
67 261
67 138
67 149
67 204
67 148
67 76
67 208
67 171
67 142
67 141
67 240
68 75
68 77
68 83
68 84
68 86
68 87
68 92
68 98
68 101
68 105
68 108
68 120
68 129
68 136
68 140
68 144
68 145
68 150
68 161
68 163
68 164
68 166
68 185
68 186
68 190
68 222
68 228
68 231
68 232
68 238
68 241
68 248
68 258
68 260
68 265
68 273
68 275
68 276
68 278
68 285
68 296
68 100
68 239
69 139
69 268
69 151
69 284
69 286
69 162
69 294
69 297
69 298
69 173
69 182
69 183
69 188
69 192
69 201
69 202
69 79
69 218
69 90
69 91
69 225
69 229
69 102
69 122
69 110
69 114
69 244
69 246
69 250
69 124
69 255
69 175
69 103
69 96
70 293
70 203
70 237
70 143
70 211
70 245
70 216
70 282
70 126
70 223
70 137
71 133
71 266
71 269
71 283
71 156
71 287
71 292
71 295
71 168
71 172
71 176
71 194
71 198
71 200
71 80
71 209
71 213
71 93
71 224
71 99
71 227
71 230
71 233
71 106
71 107
71 109
71 242
71 115
71 249
71 277
71 134
71 206
71 210
71 257
72 264
72 267
72 272
72 154
72 158
72 160
72 288
72 165
72 167
72 191
72 195
72 74
72 85
72 112
72 243
72 196
72 131
72 254
72 94
73 266
73 156
73 287
73 168
73 176
73 194
73 198
73 209
73 93
73 99
73 227
73 111
73 242
73 233
73 133
73 115
73 109
73 106
73 295
73 213
73 80
73 230
73 292
73 107
73 249
73 283
73 200
73 123
73 224
73 269
73 172
73 277
73 134
73 206
73 210
73 257
74 264
74 267
74 272
74 154
74 158
74 288
74 165
74 167
74 191
74 85
74 112
74 243
74 195
74 196
74 131
74 254
74 94
75 77
75 81
75 83
75 84
75 86
75 92
75 95
75 98
75 101
75 105
75 108
75 116
75 120
75 121
75 129
75 136
75 140
75 144
75 145
75 150
75 153
75 157
75 161
75 163
75 164
75 166
75 178
75 185
75 186
75 190
75 205
75 219
75 222
75 228
75 231
75 232
75 238
75 241
75 248
75 251
75 252
75 253
75 258
75 259
75 260
75 263
75 265
75 273
75 274
75 275
75 276
75 278
75 285
75 296
75 87
75 155
75 100
75 89
75 239
75 113
76 261
76 135
76 138
76 270
76 146
76 149
76 148
76 152
76 159
76 179
76 181
76 184
76 197
76 199
76 204
76 82
76 212
76 214
76 88
76 217
76 220
76 221
76 104
76 117
76 127
76 208
76 171
76 142
76 141
76 240
77 263
77 207
77 121
77 252
77 232
77 86
77 251
77 92
77 157
77 78
77 108
77 116
77 153
77 95
77 101
77 186
77 258
77 136
77 273
77 278
77 178
77 193
77 81
77 226
77 259
77 276
77 265
77 84
77 205
77 150
77 274
77 248
77 219
77 228
77 238
77 222
77 161
77 164
77 275
77 98
77 83
77 140
77 241
77 296
77 105
77 129
77 253
77 145
77 185
77 144
77 87
77 155
77 100
77 89
77 239
77 113
78 285
78 86
78 92
78 232
78 120
78 153
78 101
78 186
78 258
78 136
78 273
78 278
78 259
78 276
78 265
78 166
78 84
78 150
78 231
78 248
78 190
78 228
78 238
78 222
78 161
78 164
78 163
78 275
78 98
78 140
78 241
78 296
78 105
78 129
78 145
78 185
78 144
78 87
78 100
78 239
79 139
79 286
79 162
79 294
79 298
79 192
79 202
79 114
79 268
79 182
79 201
79 124
79 218
79 151
79 250
79 229
79 289
79 110
79 244
79 173
79 255
79 284
79 91
79 102
79 188
79 246
79 122
79 183
79 175
79 103
79 96
80 256
80 128
80 133
80 266
80 147
80 156
80 287
80 295
80 168
80 176
80 194
80 198
80 209
80 213
80 93
80 227
80 233
80 106
80 109
80 111
80 242
80 115
80 230
80 292
80 107
80 249
80 283
80 200
80 123
80 269
80 172
80 277
80 134
80 206
80 210
80 257
81 258
81 136
81 273
81 278
81 153
81 285
81 186
81 86
81 92
81 101
81 232
81 108
81 120
81 276
81 265
81 166
81 84
81 260
81 150
81 231
81 248
81 190
81 219
81 228
81 238
81 222
81 161
81 164
81 163
81 98
81 83
81 140
81 241
81 296
81 105
81 129
81 145
81 185
81 144
81 87
81 100
81 239
82 132
82 197
82 88
82 220
82 104
82 117
82 300
82 146
82 217
82 212
82 181
82 270
82 152
82 179
82 199
82 127
82 214
82 184
82 261
82 138
82 149
82 204
82 171
82 142
82 240
83 258
83 259
83 260
83 263
83 136
83 265
83 273
83 276
83 274
83 278
83 153
83 157
83 285
83 161
83 164
83 186
83 190
83 193
83 207
83 205
83 84
83 86
83 219
83 92
83 222
83 95
83 248
83 226
83 98
83 228
83 101
83 231
83 275
83 108
83 238
83 116
83 120
83 121
83 252
83 140
83 241
83 105
83 129
83 87
83 155
83 100
83 89
83 239
84 258
84 259
84 263
84 136
84 265
84 273
84 276
84 278
84 153
84 157
84 285
84 166
84 178
84 186
84 193
84 207
84 86
84 92
84 95
84 226
84 101
84 232
84 108
84 251
84 116
84 120
84 121
84 252
84 205
84 260
84 150
84 274
84 231
84 248
84 190
84 219
84 228
84 238
84 222
84 161
84 164
84 163
84 275
84 98
84 140
84 241
84 296
84 105
84 129
84 253
84 145
84 185
84 144
84 87
84 155
84 100
84 89
84 239
84 113
85 160
85 167
85 191
85 112
85 272
85 264
85 165
85 267
85 243
85 288
85 195
85 196
85 131
85 254
85 94
86 263
86 207
86 232
86 121
86 252
86 251
86 285
86 92
86 157
86 108
86 116
86 120
86 153
86 95
86 101
86 186
86 258
86 136
86 273
86 278
86 178
86 226
86 259
86 265
86 166
86 205
86 260
86 150
86 231
86 248
86 190
86 228
86 222
86 161
86 164
86 163
86 275
86 98
86 140
86 241
86 296
86 105
86 129
86 253
86 145
86 185
86 144
86 87
86 155
86 100
86 89
86 239
86 113
87 92
87 95
87 98
87 101
87 105
87 108
87 116
87 120
87 121
87 129
87 136
87 140
87 144
87 145
87 150
87 153
87 157
87 161
87 163
87 164
87 166
87 178
87 185
87 186
87 190
87 193
87 205
87 207
87 219
87 222
87 226
87 228
87 231
87 232
87 238
87 241
87 248
87 251
87 252
87 253
87 258
87 259
87 260
87 263
87 265
87 273
87 274
87 275
87 276
87 278
87 285
87 296
87 155
87 100
87 89
87 239
87 113
88 135
88 197
88 300
88 212
88 159
88 179
88 214
88 184
88 138
88 149
88 148
88 171
88 142
88 141
88 240
89 92
89 98
89 100
89 101
89 105
89 120
89 129
89 136
89 140
89 150
89 153
89 155
89 161
89 164
89 166
89 185
89 186
89 190
89 193
89 219
89 222
89 228
89 231
89 238
89 241
89 248
89 258
89 260
89 265
89 275
89 276
89 278
89 285
89 239
90 139
90 151
90 162
90 294
90 182
90 218
90 114
90 250
90 124
90 244
90 173
90 255
90 284
90 102
90 188
90 246
90 175
90 96
91 139
91 268
91 151
91 284
91 286
91 289
91 162
91 298
91 173
91 182
91 192
91 201
91 202
91 218
91 114
91 244
91 250
91 124
91 255
91 225
91 102
91 188
91 246
91 122
91 183
91 175
91 103
91 96
92 263
92 285
92 207
92 232
92 121
92 251
92 252
92 157
92 108
92 116
92 120
92 153
92 95
92 101
92 186
92 136
92 273
92 178
92 193
92 226
92 259
92 276
92 265
92 166
92 205
92 260
92 150
92 274
92 231
92 248
92 190
92 219
92 228
92 238
92 161
92 164
92 163
92 275
92 98
92 140
92 296
92 105
92 129
92 253
92 145
92 185
92 144
92 155
92 113
93 256
93 266
93 147
93 287
93 209
93 111
93 168
93 156
93 99
93 194
93 198
93 227
93 242
93 233
93 133
93 109
93 128
93 106
93 295
93 292
93 107
93 249
93 283
93 200
93 123
93 224
93 269
93 172
93 277
93 134
93 206
93 210
93 257
94 131
94 267
94 272
94 154
94 158
94 160
94 288
94 165
94 167
94 191
94 195
94 196
94 112
94 243
94 254
95 153
95 285
95 232
95 120
95 101
95 186
95 258
95 136
95 273
95 278
95 193
95 276
95 265
95 166
95 260
95 150
95 231
95 248
95 190
95 219
95 228
95 238
95 222
95 161
95 164
95 163
95 98
95 140
95 241
95 296
95 105
95 129
95 145
95 185
95 144
95 100
95 239
96 139
96 268
96 151
96 286
96 289
96 294
96 297
96 298
96 173
96 175
96 182
96 183
96 188
96 192
96 201
96 202
96 218
96 225
96 229
96 102
96 122
96 103
96 110
96 114
96 244
96 246
96 250
96 124
96 255
97 234
97 174
97 130
97 262
97 281
97 180
97 235
97 189
98 258
98 259
98 260
98 263
98 136
98 265
98 273
98 276
98 274
98 278
98 153
98 150
98 157
98 285
98 161
98 163
98 164
98 166
98 178
98 186
98 190
98 193
98 207
98 205
98 219
98 222
98 248
98 226
98 228
98 101
98 231
98 232
98 275
98 108
98 238
98 116
98 120
98 121
98 251
98 252
98 140
98 241
98 296
98 129
98 253
98 145
98 185
98 144
98 155
98 100
98 239
98 113
99 256
99 147
99 156
99 287
99 168
99 209
99 111
99 176
99 194
99 198
99 227
99 242
99 233
99 133
99 115
99 109
99 128
99 106
99 295
99 213
99 230
99 292
99 107
99 249
99 283
99 200
99 123
99 224
99 172
99 277
99 134
99 206
99 210
99 257
100 101
100 105
100 116
100 120
100 121
100 129
100 136
100 140
100 144
100 150
100 153
100 155
100 157
100 161
100 163
100 164
100 166
100 178
100 185
100 186
100 193
100 205
100 207
100 219
100 222
100 226
100 228
100 231
100 232
100 238
100 248
100 251
100 252
100 253
100 258
100 259
100 260
100 263
100 265
100 273
100 274
100 275
100 276
100 278
100 285
100 296
100 239
100 113
101 263
101 153
101 285
101 157
101 207
101 232
101 108
101 116
101 120
101 121
101 251
101 252
101 186
101 258
101 136
101 273
101 278
101 178
101 193
101 226
101 259
101 276
101 265
101 166
101 205
101 260
101 150
101 274
101 231
101 248
101 190
101 219
101 228
101 238
101 222
101 161
101 164
101 163
101 275
101 140
101 241
101 296
101 105
101 129
101 253
101 145
101 185
101 144
101 155
101 239
101 113
102 139
102 268
102 151
102 284
102 286
102 289
102 162
102 294
102 298
102 173
102 182
102 192
102 201
102 202
102 218
102 225
102 229
102 110
102 114
102 244
102 250
102 124
102 255
102 188
102 246
102 122
102 297
102 183
102 103
103 139
103 268
103 151
103 284
103 286
103 289
103 162
103 294
103 298
103 173
103 175
103 182
103 183
103 188
103 202
103 218
103 122
103 114
103 244
103 246
103 250
103 124
103 255
104 135
104 220
104 132
104 197
104 117
104 300
104 146
104 212
104 159
104 152
104 179
104 127
104 184
104 138
104 149
104 204
104 148
104 221
104 208
104 171
104 142
104 141
104 240
105 258
105 259
105 260
105 263
105 136
105 265
105 140
105 273
105 276
105 274
105 278
105 153
105 150
105 157
105 285
105 161
105 163
105 164
105 166
105 296
105 178
105 186
105 190
105 193
105 207
105 205
105 219
105 222
105 248
105 226
105 228
105 231
105 232
105 275
105 108
105 238
105 241
105 116
105 120
105 121
105 251
105 252
105 129
105 253
105 145
105 185
105 144
105 155
105 239
105 113
106 256
106 128
106 133
106 147
106 156
106 287
106 168
106 176
106 194
106 198
106 209
106 233
106 109
106 242
106 115
106 295
106 230
106 292
106 249
106 283
106 123
106 224
106 172
106 277
106 134
106 206
106 210
106 257
107 256
107 128
107 133
107 147
107 156
107 287
107 295
107 168
107 176
107 194
107 198
107 209
107 227
107 230
107 233
107 109
107 242
107 115
107 249
107 283
107 123
107 224
107 172
107 134
107 206
107 210
107 257
108 263
108 285
108 157
108 207
108 232
108 116
108 120
108 153
108 186
108 136
108 273
108 278
108 193
108 259
108 276
108 265
108 166
108 260
108 150
108 231
108 248
108 190
108 219
108 228
108 238
108 161
108 164
108 163
108 275
108 140
108 241
108 296
108 129
108 145
108 185
108 239
109 256
109 133
109 147
109 156
109 287
109 168
109 176
109 194
109 209
109 227
109 233
109 242
109 115
109 128
109 295
109 230
109 292
109 249
109 283
109 123
109 224
109 172
109 277
109 134
109 206
109 210
109 257
110 139
110 151
110 182
110 114
110 124
110 244
110 173
110 255
110 284
110 246
110 183
110 175
111 287
111 209
111 168
111 194
111 242
111 233
111 133
111 128
111 295
111 249
111 123
111 224
111 172
111 206
111 210
111 257
112 160
112 191
112 167
112 272
112 165
112 158
112 267
112 243
112 195
112 196
112 131
112 254
113 120
113 129
113 136
113 140
113 144
113 145
113 150
113 153
113 161
113 164
113 185
113 190
113 219
113 222
113 228
113 232
113 238
113 239
113 241
113 248
113 258
113 259
113 265
113 276
113 278
113 285
113 296
114 294
114 298
114 192
114 202
114 286
114 162
114 139
114 268
114 182
114 201
114 124
114 218
114 151
114 250
114 229
114 289
114 244
114 173
114 255
114 284
114 225
114 188
114 246
114 122
114 297
114 183
114 175
115 256
115 133
115 147
115 287
115 168
115 194
115 227
115 242
115 128
115 249
115 283
115 123
115 224
115 134
115 206
115 210
115 257
116 263
116 285
116 232
116 120
116 153
116 186
116 258
116 136
116 278
116 193
116 226
116 276
116 265
116 166
116 260
116 150
116 231
116 248
116 190
116 219
116 228
116 238
116 222
116 161
116 164
116 163
116 275
116 140
116 241
116 296
116 129
116 145
116 144
116 155
116 239
117 132
117 135
117 197
117 300
117 146
117 212
117 181
117 270
117 159
117 152
117 179
117 199
117 127
117 149
117 204
117 148
117 208
117 171
117 142
117 141
117 240
118 174
118 234
118 130
118 125
118 281
118 180
118 235
118 189
119 280
119 290
119 291
119 170
119 177
119 187
119 215
119 247
119 236
120 263
120 157
120 207
120 232
120 121
120 251
120 252
120 153
120 186
120 258
120 136
120 273
120 278
120 178
120 193
120 226
120 259
120 276
120 265
120 205
120 260
120 150
120 274
120 248
120 219
120 228
120 238
120 222
120 161
120 164
120 163
120 275
120 140
120 241
120 296
120 129
120 253
120 145
120 185
120 144
120 155
120 239
121 232
121 285
121 153
121 258
121 136
121 278
121 259
121 276
121 265
121 166
121 260
121 150
121 231
121 248
121 190
121 228
121 238
121 222
121 161
121 164
121 140
121 241
121 296
121 129
121 185
121 144
121 239
122 139
122 268
122 151
122 284
122 294
122 182
122 188
122 201
122 218
122 229
122 244
122 246
122 124
122 255
122 297
122 183
122 175
123 128
123 133
123 266
123 147
123 283
123 156
123 292
123 295
123 168
123 176
123 194
123 198
123 200
123 209
123 213
123 227
123 249
123 230
123 233
123 242
123 224
123 269
123 172
123 277
123 134
123 206
123 210
123 257
124 139
124 268
124 286
124 162
124 294
124 298
124 182
124 192
124 202
124 218
124 151
124 250
124 229
124 289
124 244
124 173
124 255
124 284
124 225
124 188
124 246
124 183
124 175
125 130
125 234
125 174
125 262
125 281
125 180
125 235
125 189
126 216
126 211
126 282
126 203
126 143
126 245
126 293
126 237
126 137
127 132
127 135
127 270
127 152
127 159
127 300
127 179
127 181
127 197
127 199
127 212
127 217
127 220
127 214
127 184
127 261
127 138
127 149
127 204
127 148
127 221
127 208
127 171
127 142
127 141
127 240
128 256
128 133
128 266
128 156
128 287
128 168
128 176
128 194
128 198
128 209
128 227
128 233
128 242
128 295
128 213
128 230
128 292
128 249
128 283
128 200
128 224
128 269
128 172
128 277
128 134
128 206
128 210
128 257
129 258
129 259
129 260
129 263
129 136
129 265
129 140
129 273
129 276
129 274
129 278
129 153
129 150
129 157
129 285
129 161
129 163
129 164
129 166
129 296
129 178
129 186
129 190
129 193
129 207
129 205
129 219
129 222
129 248
129 226
129 228
129 231
129 232
129 275
129 238
129 241
129 251
129 252
129 253
129 145
129 185
129 144
129 155
129 239
130 234
130 174
130 262
130 281
130 180
130 235
130 189
131 264
131 272
131 154
131 158
131 160
131 288
131 165
131 191
131 195
131 196
131 243
131 254
132 220
132 197
132 300
132 146
132 217
132 212
132 181
132 270
132 159
132 152
132 179
132 199
132 214
132 184
132 261
132 138
132 149
132 204
132 148
132 221
132 208
132 171
132 141
132 240
133 256
133 147
133 156
133 287
133 168
133 176
133 194
133 209
133 227
133 233
133 242
133 295
133 213
133 230
133 292
133 249
133 283
133 224
133 172
133 277
133 134
133 206
133 210
133 257
134 256
134 266
134 269
134 147
134 277
134 283
134 156
134 287
134 292
134 295
134 168
134 172
134 176
134 194
134 198
134 200
134 209
134 213
134 224
134 227
134 230
134 233
134 242
134 249
134 206
134 210
134 257
135 197
135 300
135 146
135 181
135 270
135 179
135 199
135 184
135 138
135 149
135 204
135 148
135 221
135 171
135 141
135 240
136 258
136 263
136 153
136 157
136 285
136 186
136 207
136 232
136 252
136 273
136 278
136 193
136 226
136 259
136 276
136 265
136 166
136 205
136 260
136 150
136 274
136 231
136 248
136 190
136 219
136 228
136 238
136 222
136 161
136 164
136 163
136 275
136 140
136 241
136 296
136 253
136 145
136 185
136 144
136 155
136 239
137 203
137 237
137 143
137 211
137 245
137 216
137 282
137 223
138 261
138 270
138 146
138 152
138 159
138 300
138 179
138 181
138 197
138 199
138 212
138 214
138 220
138 149
138 204
138 148
138 208
138 171
138 142
138 141
138 240
139 286
139 294
139 298
139 192
139 202
139 182
139 201
139 151
139 229
139 289
139 244
139 255
139 284
139 225
139 246
139 297
139 175
140 258
140 259
140 260
140 263
140 265
140 273
140 274
140 278
140 150
140 157
140 285
140 161
140 163
140 164
140 166
140 178
140 186
140 190
140 207
140 205
140 222
140 248
140 226
140 228
140 231
140 232
140 275
140 238
140 251
140 252
140 241
140 296
140 253
140 145
140 185
140 144
140 155
140 239
141 261
141 270
141 142
141 146
141 148
141 149
141 152
141 171
141 300
141 179
141 181
141 184
141 197
141 199
141 204
141 208
141 212
141 214
141 217
141 220
141 221
141 240
142 261
142 270
142 146
142 148
142 149
142 152
142 159
142 171
142 300
142 181
142 184
142 197
142 199
142 204
142 212
142 214
142 217
142 220
142 221
142 240
143 203
143 211
143 223
143 245
143 293
143 237
144 153
144 157
144 161
144 164
144 166
144 186
144 190
144 193
144 205
144 207
144 219
144 222
144 226
144 228
144 238
144 241
144 251
144 252
144 253
144 258
144 259
144 260
144 263
144 265
144 273
144 274
144 275
144 276
144 278
144 285
144 155
144 239
145 153
145 157
145 161
145 164
145 186
145 190
145 193
145 205
145 207
145 219
145 222
145 226
145 228
145 238
145 241
145 248
145 251
145 252
145 253
145 258
145 259
145 263
145 265
145 273
145 275
145 276
145 278
145 285
145 155
145 239
146 300
146 197
146 217
146 212
146 181
146 159
146 152
146 179
146 214
146 184
146 149
146 204
146 148
146 208
146 171
146 240
147 266
147 287
147 209
147 168
147 156
147 176
147 194
147 198
147 227
147 242
147 233
147 295
147 213
147 230
147 292
147 249
147 283
147 224
147 269
147 172
147 277
147 206
147 210
147 257
148 261
148 270
148 149
148 152
148 300
148 179
148 181
148 184
148 197
148 199
148 204
148 212
148 214
148 220
148 171
148 240
149 261
149 270
149 152
149 159
149 300
149 179
149 181
149 184
149 199
149 212
149 214
149 217
149 220
149 204
149 221
149 208
149 171
149 240
150 258
150 259
150 263
150 265
150 260
150 273
150 276
150 278
150 153
150 157
150 285
150 178
150 186
150 193
150 207
150 205
150 226
150 251
150 274
150 231
150 248
150 190
150 219
150 228
150 238
150 222
150 161
150 164
150 275
150 241
150 253
150 155
150 239
151 286
151 162
151 294
151 298
151 182
151 192
151 201
151 202
151 218
151 250
151 229
151 244
151 188
151 246
151 297
151 183
151 175
152 159
152 300
152 181
152 197
152 212
152 217
152 220
152 179
152 199
152 214
152 184
152 208
152 171
152 240
153 263
153 285
153 207
153 232
153 251
153 252
153 186
153 258
153 273
153 278
153 178
153 226
153 259
153 265
153 166
153 205
153 260
153 274
153 231
153 248
153 190
153 238
153 222
153 161
153 163
153 275
153 241
153 296
153 185
153 155
153 239
154 267
154 272
154 160
154 167
154 195
154 196
154 254
155 161
155 163
155 164
155 166
155 178
155 185
155 186
155 190
155 193
155 207
155 219
155 222
155 228
155 231
155 232
155 238
155 241
155 248
155 252
155 253
155 258
155 259
155 260
155 263
155 265
155 273
155 276
155 278
155 285
155 296
155 239
156 256
156 287
156 168
156 209
156 194
156 198
156 227
156 233
156 292
156 249
156 283
156 200
156 224
156 172
156 206
156 210
156 257
157 285
157 232
157 258
157 273
157 278
157 193
157 276
157 265
157 166
157 260
157 231
157 248
157 190
157 219
157 228
157 238
157 222
157 161
157 164
157 241
157 296
157 239
158 160
158 165
158 167
158 191
158 267
158 243
158 288
158 195
159 270
159 300
159 181
159 197
159 212
159 217
159 220
159 179
159 199
159 214
159 184
159 261
159 204
159 171
159 240
160 167
160 272
160 165
160 267
160 243
160 288
160 195
160 196
160 254
161 258
161 259
161 260
161 263
161 265
161 273
161 276
161 274
161 278
161 285
161 166
161 178
161 186
161 190
161 193
161 207
161 205
161 219
161 222
161 248
161 226
161 228
161 231
161 238
161 251
161 252
161 164
161 163
161 275
161 241
161 296
161 253
161 185
161 239
162 286
162 294
162 298
162 192
162 202
162 182
162 201
162 244
162 225
162 246
162 175
163 258
163 259
163 263
163 265
163 273
163 276
163 274
163 278
163 164
163 186
163 190
163 193
163 207
163 219
163 222
163 248
163 226
163 228
163 238
163 251
163 252
163 275
163 241
163 239
164 258
164 259
164 260
164 263
164 265
164 273
164 274
164 278
164 285
164 166
164 178
164 186
164 190
164 207
164 205
164 222
164 248
164 226
164 228
164 231
164 232
164 238
164 251
164 252
164 275
164 241
164 296
164 253
164 185
164 239
165 264
165 272
165 167
165 191
165 267
165 288
165 195
165 196
165 254
166 258
166 259
166 263
166 265
166 273
166 276
166 278
166 178
166 186
166 193
166 207
166 226
166 251
166 252
166 274
166 219
166 228
166 238
166 222
166 275
166 241
166 253
166 239
167 191
167 272
167 264
167 243
167 288
167 195
167 196
167 254
168 256
168 266
168 287
168 209
168 176
168 198
168 227
168 242
168 233
168 295
168 213
168 230
168 292
168 249
168 283
168 200
168 224
168 269
168 172
168 206
168 210
168 257
169 280
169 290
169 291
169 170
169 177
169 215
169 236
169 187
169 247
170 279
170 290
170 291
170 236
170 280
170 177
170 299
170 187
170 247
171 261
171 270
171 300
171 181
171 184
171 197
171 199
171 204
171 208
171 212
171 214
171 217
171 220
171 221
172 283
172 287
172 292
172 295
172 176
172 194
172 209
172 224
172 233
172 242
172 249
172 206
172 210
172 257
173 289
173 294
173 298
173 182
173 192
173 201
173 202
173 244
173 255
173 225
173 246
173 175
174 234
174 262
174 281
174 180
174 235
174 189
175 268
175 284
175 286
175 289
175 294
175 298
175 182
175 183
175 188
175 201
175 202
175 218
175 225
175 229
175 246
175 250
175 255
176 256
176 287
176 194
176 227
176 242
176 233
176 249
176 283
176 224
176 206
176 257
177 279
177 280
177 290
177 291
177 215
177 236
177 299
177 187
177 247
177 271
178 258
178 263
178 273
178 278
178 285
178 186
178 232
178 276
178 265
178 260
178 231
178 248
178 190
178 219
178 228
178 238
178 222
178 275
178 241
178 296
178 185
178 239
179 270
179 300
179 181
179 197
179 212
179 217
179 220
179 199
179 214
179 184
179 261
179 204
179 221
179 208
180 281
180 234
180 235
180 189
181 300
181 197
181 212
181 217
181 220
181 199
181 214
181 184
181 261
181 204
181 221
181 208
181 240
182 268
182 286
182 294
182 192
182 202
182 201
182 218
182 250
182 229
182 289
182 244
182 255
182 284
182 225
182 188
182 246
182 297
182 183
183 284
183 289
183 294
183 297
183 298
183 192
183 201
183 202
183 225
183 229
183 244
183 246
183 255
184 270
184 300
184 197
184 199
184 212
184 214
184 220
184 261
184 204
184 240
185 186
185 190
185 193
185 205
185 219
185 222
185 226
185 228
185 238
185 241
185 248
185 251
185 252
185 253
185 258
185 260
185 263
185 265
185 273
185 274
185 275
185 276
185 278
185 285
185 239
186 263
186 285
186 207
186 232
186 258
186 273
186 278
186 193
186 226
186 259
186 276
186 265
186 205
186 260
186 231
186 248
186 190
186 219
186 228
186 238
186 222
186 275
186 241
186 296
186 239
187 279
187 280
187 290
187 291
187 299
187 215
187 236
187 247
187 271
188 286
188 294
188 298
188 192
188 201
188 202
188 225
188 244
188 297
189 262
189 281
189 234
189 235
190 258
190 259
190 263
190 265
190 273
190 276
190 274
190 278
190 193
190 207
190 248
190 226
190 251
190 252
190 219
190 228
190 238
190 222
190 275
190 241
190 296
190 253
190 239
191 272
191 267
191 243
191 288
191 195
191 196
191 254
192 294
192 298
192 268
192 218
192 250
192 289
192 255
192 284
192 225
192 246
193 232
193 251
193 258
193 263
193 273
193 278
193 285
193 226
193 259
193 265
193 260
193 231
193 248
193 238
193 222
193 275
193 241
193 296
193 239
194 256
194 266
194 287
194 209
194 198
194 227
194 242
194 233
194 295
194 213
194 230
194 283
194 224
194 269
194 206
194 210
194 257
195 264
195 267
195 272
195 243
195 196
195 254
196 264
196 267
196 288
196 243
197 220
197 300
197 217
197 212
197 270
197 199
197 214
197 261
197 204
197 221
197 208
197 240
198 287
198 242
198 295
198 249
198 283
198 224
198 206
198 257
199 300
199 212
199 220
199 214
199 204
199 221
199 208
199 240
200 287
200 295
200 227
200 249
200 233
200 242
200 224
200 206
200 210
200 257
201 268
201 286
201 294
201 298
201 202
201 218
201 250
201 244
201 255
201 284
201 246
202 294
202 298
202 286
202 268
202 218
202 250
202 229
202 244
202 255
202 284
202 246
203 211
203 216
203 223
203 245
203 293
203 237
204 261
204 300
204 212
204 214
204 217
204 220
204 221
204 208
204 240
205 258
205 259
205 265
205 276
205 278
205 285
205 232
205 260
205 248
205 219
205 228
205 238
205 222
205 241
205 296
205 239
206 256
206 266
206 269
206 277
206 283
206 287
206 295
206 209
206 213
206 224
206 227
206 230
206 233
206 242
206 249
206 210
206 257
207 232
207 285
207 258
207 278
207 226
207 259
207 265
207 260
207 248
207 219
207 228
207 238
207 222
207 275
207 241
207 296
207 239
208 261
208 270
208 300
208 212
208 214
208 240
209 266
209 227
209 242
209 233
209 295
209 292
209 249
209 283
209 224
209 269
209 277
209 257
210 256
210 283
210 287
210 292
210 224
210 227
210 230
210 242
210 249
210 257
211 216
211 223
211 282
211 245
211 293
211 237
212 300
212 217
212 220
212 270
212 214
212 261
212 221
212 240
213 256
213 287
213 227
213 292
213 249
213 283
213 224
213 257
214 270
214 300
214 217
214 261
214 221
214 240
215 290
215 291
215 236
215 279
215 299
216 282
216 245
216 293
216 237
217 300
217 270
217 261
217 240
218 286
218 294
218 298
218 244
218 225
218 297
219 258
219 259
219 263
219 265
219 273
219 278
219 285
219 248
219 226
219 231
219 232
219 252
219 238
219 222
219 275
219 241
219 296
219 253
219 239
220 300
220 270
220 240
221 300
221 240
222 258
222 259
222 260
222 263
222 265
222 273
222 276
222 274
222 278
222 285
222 248
222 226
222 228
222 231
222 232
222 238
222 251
222 252
222 275
222 296
222 253
222 239
223 282
223 293
223 237
224 256
224 266
224 283
224 287
224 292
224 295
224 227
224 230
224 233
224 242
224 249
224 269
224 277
224 257
225 268
225 284
225 294
225 244
225 250
225 246
226 258
226 263
226 273
226 278
226 285
226 232
226 276
226 265
226 260
226 231
226 248
226 228
226 238
226 275
226 241
226 296
226 239
227 256
227 266
227 287
227 242
227 233
227 295
227 230
227 292
227 249
227 283
227 269
227 277
227 257
228 258
228 259
228 260
228 263
228 265
228 273
228 276
228 274
228 278
228 285
228 248
228 231
228 232
228 251
228 252
228 238
228 275
228 241
228 296
228 253
228 239
229 268
229 244
229 255
229 284
230 256
230 287
230 233
230 242
230 249
230 283
230 257
231 232
231 252
231 258
231 259
231 263
231 265
231 273
231 274
231 276
231 278
231 248
231 238
231 275
231 241
231 253
231 239
232 263
232 252
232 251
232 285
232 258
232 273
232 278
232 259
232 276
232 265
232 260
232 274
232 248
232 238
232 275
232 241
232 239
233 256
233 287
233 242
233 295
233 292
233 249
233 283
233 257
234 281
234 235
235 281
236 290
236 291
236 279
236 280
236 299
236 247
236 271
237 282
238 258
238 259
238 260
238 263
238 265
238 273
238 276
238 274
238 278
238 285
238 248
238 251
238 252
238 275
238 241
238 296
238 253
238 239
239 241
239 248
239 251
239 252
239 253
239 258
239 259
239 260
239 263
239 265
239 273
239 274
239 275
239 276
239 278
239 285
239 296
240 261
240 270
240 300
241 258
241 259
241 260
241 263
241 265
241 273
241 276
241 274
241 278
241 285
241 248
241 275
241 251
241 252
241 296
241 253
242 256
242 287
242 295
242 292
242 249
242 283
242 257
243 267
243 272
243 254
244 268
244 286
244 289
244 294
244 298
244 250
244 255
244 284
244 246
244 297
245 282
245 293
246 268
246 284
246 286
246 294
246 298
246 250
246 255
246 297
247 279
247 280
247 290
247 291
247 299
247 271
248 258
248 259
248 260
248 263
248 265
248 273
248 276
248 278
248 274
248 251
248 252
248 275
248 296
248 253
249 256
249 266
249 287
249 292
249 295
249 283
249 269
249 257
250 286
250 294
250 298
250 255
250 284
251 285
251 258
251 278
251 276
251 265
251 260
251 296
252 285
252 258
252 278
252 259
252 276
252 265
252 260
252 296
253 259
253 260
253 265
253 276
253 278
253 285
253 296
254 264
254 267
254 288
255 268
255 286
255 289
255 294
255 298
255 297
256 295
256 292
256 283
256 277
257 266
257 269
257 277
257 283
257 287
257 292
257 295
258 263
258 285
258 273
258 259
258 276
258 265
258 260
258 274
258 275
258 296
259 263
259 273
259 278
259 285
259 276
259 265
259 260
259 274
259 296
260 263
260 265
260 273
260 276
260 278
260 274
260 275
261 300
262 281
263 285
263 273
263 278
263 276
263 265
263 275
263 296
264 272
264 267
265 273
265 276
265 278
265 285
265 274
265 275
265 296
266 287
266 283
267 288
268 294
269 283
269 287
270 300
271 280
271 290
271 291
272 288
273 285
273 278
273 276
273 275
273 296
274 278
274 285
274 296
275 276
275 278
275 285
275 296
276 278
276 285
276 296
277 283
277 287
277 295
278 285
278 296
279 290
279 291
279 280
280 290
280 291
280 299
282 293
283 287
283 295
284 286
284 289
284 294
284 298
285 296
286 294
286 298
287 295
287 292
289 294
290 291
290 299
291 299
292 295
294 298
294 297
