heur042_n_300_m_5764
1 6
1 140
1 142
1 15
1 272
1 19
1 22
1 281
1 283
1 155
1 28
1 156
1 290
1 35
1 36
1 164
1 294
1 167
1 39
1 170
1 64
1 69
1 70
1 198
1 200
1 77
1 205
1 79
1 83
1 86
1 219
1 94
1 222
1 224
1 96
1 103
1 108
1 109
1 247
1 266
1 74
1 184
1 27
1 113
2 144
2 147
2 277
2 152
2 159
2 289
2 299
2 47
2 177
2 50
2 178
2 182
2 185
2 60
2 72
2 78
2 82
2 217
2 91
2 236
2 250
2 259
2 243
2 23
2 65
2 261
2 20
2 143
2 90
2 240
2 197
2 126
2 52
2 201
2 55
2 97
2 54
2 120
2 10
2 191
2 150
2 275
2 286
2 270
2 73
3 163
3 282
3 183
3 254
3 8
3 268
3 98
3 192
3 285
3 173
3 154
3 157
3 162
3 267
3 195
3 16
3 166
3 253
3 116
3 169
3 179
3 258
3 12
3 51
3 41
3 190
3 56
3 196
3 68
3 7
3 84
3 105
3 233
3 172
3 287
3 135
3 189
3 298
3 121
3 128
3 296
3 42
3 203
3 234
3 256
3 295
3 32
3 249
3 211
3 145
3 148
3 138
3 230
3 127
3 292
3 101
3 161
3 118
3 133
3 95
3 239
3 115
3 300
3 194
3 104
3 53
3 221
3 132
3 257
3 62
3 241
3 107
3 220
4 9
4 14
4 18
4 21
4 24
4 37
4 38
4 44
4 49
4 57
4 58
4 61
4 63
4 66
4 67
4 71
4 75
4 76
4 80
4 81
4 85
4 88
4 89
4 92
4 110
4 111
4 112
4 117
4 119
4 124
4 125
4 129
4 130
4 134
4 139
4 141
4 146
4 151
4 153
4 158
4 160
4 168
4 171
4 180
4 181
4 187
4 199
4 204
4 207
4 208
4 210
4 214
4 216
4 223
4 225
4 226
4 227
4 228
4 229
4 231
4 235
4 237
4 238
4 242
4 244
4 246
4 251
4 255
4 263
4 264
4 265
4 273
4 274
4 276
4 279
4 284
4 291
4 297
4 245
4 252
4 136
4 280
4 33
4 293
4 13
4 100
4 186
4 99
4 26
4 262
4 232
4 102
4 11
4 25
4 114
4 271
4 5
4 288
4 188
4 34
4 202
4 131
5 9
5 11
5 13
5 14
5 21
5 26
5 33
5 37
5 38
5 40
5 43
5 58
5 63
5 66
5 67
5 71
5 75
5 76
5 80
5 81
5 85
5 88
5 92
5 99
5 102
5 111
5 114
5 117
5 119
5 124
5 125
5 129
5 130
5 146
5 153
5 158
5 160
5 168
5 171
5 180
5 181
5 186
5 199
5 207
5 208
5 210
5 216
5 223
5 225
5 227
5 228
5 229
5 231
5 235
5 237
5 242
5 246
5 252
5 262
5 263
5 265
5 271
5 274
5 280
5 284
5 297
5 288
5 34
6 17
6 281
6 36
6 294
6 170
6 46
6 59
6 64
6 193
6 69
6 200
6 86
6 215
6 219
6 94
6 224
6 103
6 108
6 77
6 109
6 30
6 272
6 19
6 22
6 247
6 164
6 283
6 205
6 155
6 87
6 290
6 96
6 79
6 142
6 35
6 28
6 156
6 167
6 15
6 48
6 122
6 140
6 174
6 93
6 176
6 266
6 137
6 31
6 74
6 218
6 184
6 27
6 113
6 209
6 248
6 213
7 8
7 12
7 16
7 41
7 51
7 56
7 68
7 98
7 116
7 154
7 157
7 162
7 163
7 165
7 166
7 169
7 173
7 179
7 183
7 190
7 192
7 195
7 196
7 253
7 254
7 258
7 260
7 267
7 268
7 278
7 282
7 285
7 84
7 105
7 175
7 233
7 172
7 287
7 135
7 189
7 298
7 121
7 128
7 296
7 42
7 203
7 234
7 256
7 295
7 32
7 249
7 211
7 145
7 148
7 138
7 230
7 127
7 292
7 101
7 161
7 118
7 133
7 212
7 95
7 239
7 115
7 300
7 194
7 104
7 53
7 221
7 132
7 257
7 149
7 62
7 241
7 206
7 107
7 220
8 163
8 183
8 254
8 282
8 260
8 268
8 98
8 285
8 173
8 154
8 157
8 162
8 267
8 195
8 16
8 166
8 253
8 116
8 169
8 179
8 165
8 278
8 258
8 12
8 51
8 41
8 190
8 56
8 196
8 68
8 84
8 105
8 175
8 233
8 172
8 287
8 135
8 189
8 298
8 121
8 128
8 296
8 42
8 203
8 234
8 256
8 295
8 32
8 249
8 211
8 145
8 148
8 138
8 230
8 127
8 292
8 101
8 161
8 118
8 133
8 212
8 95
8 239
8 115
8 300
8 194
8 104
8 53
8 221
8 132
8 257
8 149
8 62
8 241
8 206
8 107
8 220
9 14
9 21
9 37
9 44
9 49
9 57
9 58
9 61
9 76
9 80
9 88
9 112
9 125
9 134
9 151
9 168
9 181
9 187
9 199
9 204
9 208
9 223
9 227
9 228
9 229
9 235
9 237
9 238
9 244
9 265
9 276
9 279
9 291
9 297
9 207
9 110
9 85
9 141
9 231
9 92
9 160
9 263
9 255
9 81
9 67
9 242
9 158
9 18
9 210
9 124
9 111
9 71
9 130
9 251
9 171
9 214
9 274
9 226
9 66
9 40
9 264
9 38
9 43
9 216
9 284
9 139
9 24
9 89
9 180
9 119
9 273
9 75
9 225
9 245
9 252
9 136
9 280
9 33
9 293
9 100
9 186
9 99
9 26
9 262
9 232
9 102
9 11
9 25
9 114
9 271
9 288
9 188
9 202
9 131
10 261
10 269
10 143
10 144
10 147
10 23
10 152
10 29
10 159
10 289
10 299
10 45
10 47
10 177
10 178
10 52
10 182
10 54
10 185
10 65
10 72
10 217
10 90
10 91
10 97
10 106
10 236
10 243
10 250
10 191
10 270
10 123
10 73
11 13
11 14
11 18
11 21
11 24
11 26
11 33
11 37
11 38
11 40
11 43
11 44
11 49
11 57
11 58
11 61
11 63
11 66
11 67
11 71
11 75
11 76
11 80
11 81
11 85
11 88
11 89
11 92
11 99
11 100
11 102
11 110
11 111
11 112
11 117
11 119
11 124
11 125
11 129
11 130
11 134
11 136
11 139
11 141
11 146
11 151
11 153
11 158
11 160
11 168
11 171
11 180
11 181
11 186
11 187
11 199
11 204
11 207
11 208
11 210
11 214
11 216
11 223
11 225
11 226
11 227
11 228
11 229
11 231
11 232
11 235
11 237
11 238
11 242
11 244
11 245
11 246
11 251
11 252
11 255
11 262
11 263
11 264
11 265
11 273
11 274
11 276
11 279
11 280
11 284
11 291
11 293
11 297
11 25
11 114
11 271
11 288
11 188
11 34
11 202
11 131
12 16
12 98
12 116
12 154
12 157
12 162
12 163
12 165
12 166
12 169
12 173
12 179
12 183
12 192
12 195
12 253
12 254
12 258
12 260
12 267
12 268
12 278
12 282
12 285
12 51
12 41
12 190
12 56
12 196
12 68
12 84
12 105
12 175
12 233
12 287
12 135
12 189
12 298
12 121
12 128
12 296
12 42
12 203
12 234
12 256
12 295
12 32
12 249
12 211
12 145
12 148
12 138
12 230
12 127
12 292
12 101
12 161
12 118
12 133
12 212
12 95
12 239
12 115
12 300
12 194
12 104
12 53
12 221
12 132
12 257
12 149
12 62
12 241
12 206
12 107
12 220
13 14
13 18
13 21
13 24
13 33
13 37
13 38
13 40
13 43
13 44
13 49
13 57
13 58
13 61
13 66
13 67
13 71
13 75
13 76
13 80
13 81
13 85
13 88
13 89
13 92
13 110
13 111
13 112
13 119
13 124
13 125
13 130
13 134
13 136
13 139
13 141
13 146
13 151
13 158
13 160
13 168
13 171
13 180
13 181
13 187
13 199
13 204
13 207
13 208
13 210
13 214
13 216
13 223
13 225
13 226
13 227
13 228
13 229
13 231
13 235
13 237
13 238
13 242
13 244
13 245
13 251
13 252
13 255
13 263
13 264
13 265
13 273
13 274
13 276
13 279
13 280
13 284
13 291
13 293
13 297
13 100
13 186
13 99
13 26
13 262
13 232
13 102
13 25
13 114
13 271
13 288
13 188
13 34
13 202
13 131
14 21
14 61
14 112
14 244
14 235
14 187
14 88
14 265
14 134
14 238
14 125
14 199
14 223
14 228
14 146
14 229
14 168
14 76
14 227
14 208
14 58
14 297
14 80
14 279
14 204
14 151
14 44
14 153
14 276
14 49
14 57
14 291
14 237
14 181
14 37
14 207
14 110
14 85
14 141
14 231
14 92
14 160
14 263
14 255
14 81
14 67
14 129
14 242
14 158
14 18
14 210
14 124
14 111
14 71
14 130
14 251
14 246
14 63
14 171
14 214
14 274
14 226
14 66
14 40
14 264
14 38
14 43
14 216
14 284
14 139
14 117
14 24
14 89
14 180
14 119
14 273
14 75
14 225
14 245
14 252
14 136
14 280
14 33
14 293
14 100
14 186
14 99
14 26
14 262
14 232
14 102
14 25
14 114
14 271
14 288
14 188
14 34
14 202
14 131
15 142
15 272
15 17
15 19
15 22
15 281
15 283
15 155
15 30
15 28
15 156
15 290
15 35
15 36
15 164
15 294
15 167
15 170
15 46
15 59
15 64
15 193
15 69
15 70
15 198
15 200
15 77
15 205
15 79
15 83
15 86
15 215
15 87
15 219
15 222
15 224
15 96
15 103
15 108
15 109
15 247
15 48
15 39
15 122
15 140
15 174
15 93
15 176
15 266
15 137
15 31
15 74
15 218
15 184
15 27
15 113
15 209
15 248
15 213
16 98
16 154
16 157
16 162
16 163
16 173
16 183
16 192
16 195
16 254
16 260
16 267
16 268
16 282
16 285
16 166
16 253
16 116
16 169
16 179
16 165
16 278
16 258
16 51
16 41
16 190
16 56
16 196
16 68
16 84
16 105
16 175
16 233
16 172
16 287
16 135
16 189
16 298
16 121
16 128
16 296
16 42
16 203
16 234
16 256
16 295
16 32
16 249
16 211
16 145
16 148
16 138
16 230
16 127
16 292
16 101
16 161
16 118
16 133
16 212
16 95
16 239
16 115
16 300
16 194
16 104
16 53
16 221
16 132
16 257
16 149
16 62
16 241
16 206
16 107
16 220
17 294
17 170
17 64
17 69
17 70
17 200
17 86
17 94
17 224
17 108
17 281
17 83
17 103
17 219
17 36
17 77
17 109
17 272
17 19
17 22
17 198
17 247
17 164
17 283
17 205
17 155
17 290
17 222
17 96
17 79
17 142
17 35
17 28
17 156
17 167
17 39
17 140
17 266
17 74
17 184
17 27
17 113
18 21
18 37
18 58
18 67
18 76
18 80
18 81
18 85
18 88
18 92
18 125
18 129
18 146
18 153
18 158
18 160
18 168
18 181
18 199
18 207
18 208
18 223
18 227
18 228
18 229
18 231
18 235
18 237
18 242
18 263
18 265
18 297
18 210
18 124
18 111
18 71
18 130
18 246
18 63
18 171
18 274
18 66
18 40
18 38
18 43
18 216
18 284
18 117
18 180
18 119
18 75
18 225
18 252
18 280
18 33
18 100
18 186
18 99
18 26
18 262
18 102
18 114
18 271
18 288
18 34
19 272
19 281
19 30
19 294
19 170
19 46
19 59
19 64
19 193
19 69
19 70
19 77
19 83
19 86
19 215
19 219
19 94
19 224
19 103
19 108
19 109
19 198
19 247
19 164
19 283
19 205
19 155
19 87
19 290
19 222
19 96
19 79
19 142
19 35
19 28
19 156
19 48
19 39
19 122
19 174
19 93
19 176
19 266
19 137
19 31
19 74
19 218
19 184
19 27
19 113
19 209
19 248
19 213
20 261
20 269
20 144
20 147
20 23
20 152
20 29
20 159
20 289
20 299
20 47
20 177
20 178
20 182
20 185
20 65
20 217
20 91
20 106
20 236
20 243
20 250
20 143
20 90
20 45
20 52
20 97
20 54
20 191
20 270
20 123
20 73
21 112
21 244
21 61
21 235
21 187
21 88
21 265
21 134
21 238
21 125
21 199
21 223
21 228
21 146
21 229
21 168
21 76
21 227
21 208
21 58
21 297
21 80
21 279
21 204
21 151
21 44
21 153
21 276
21 49
21 57
21 291
21 237
21 181
21 37
21 207
21 110
21 85
21 141
21 231
21 92
21 160
21 263
21 255
21 81
21 67
21 129
21 242
21 158
21 210
21 124
21 111
21 71
21 130
21 251
21 246
21 63
21 171
21 214
21 274
21 226
21 66
21 40
21 264
21 38
21 43
21 216
21 284
21 139
21 117
21 24
21 89
21 180
21 119
21 273
21 75
21 245
21 252
21 136
21 280
21 33
21 293
21 100
21 186
21 99
21 262
21 232
21 102
21 25
21 114
21 271
21 288
21 188
21 34
21 202
21 131
22 272
22 281
22 30
22 294
22 170
22 46
22 59
22 64
22 193
22 69
22 70
22 77
22 83
22 86
22 215
22 219
22 94
22 224
22 103
22 108
22 109
22 198
22 247
22 164
22 283
22 205
22 155
22 87
22 290
22 222
22 96
22 79
22 142
22 35
22 28
22 156
22 167
22 48
22 39
22 122
22 174
22 93
22 176
22 266
22 137
22 31
22 74
22 218
22 184
22 27
22 113
22 209
22 248
22 213
23 259
23 269
23 144
23 147
23 277
23 152
23 29
23 159
23 289
23 299
23 47
23 177
23 50
23 178
23 182
23 185
23 60
23 72
23 78
23 82
23 217
23 91
23 106
23 236
23 243
23 250
23 65
23 261
23 143
23 90
23 240
23 197
23 45
23 126
23 52
23 201
23 55
23 97
23 54
23 120
23 191
23 150
23 275
23 286
23 270
23 123
23 73
24 37
24 38
24 40
24 43
24 58
24 63
24 66
24 67
24 71
24 76
24 80
24 81
24 85
24 88
24 92
24 111
24 117
24 124
24 125
24 129
24 130
24 146
24 153
24 158
24 160
24 168
24 171
24 181
24 199
24 207
24 208
24 210
24 216
24 223
24 227
24 228
24 229
24 231
24 235
24 237
24 242
24 263
24 265
24 274
24 284
24 297
24 180
24 119
24 75
24 225
24 252
24 280
24 33
24 100
24 186
24 99
24 26
24 262
24 102
24 114
24 271
24 288
24 34
25 26
25 33
25 37
25 38
25 40
25 43
25 58
25 63
25 66
25 67
25 71
25 75
25 76
25 80
25 81
25 85
25 88
25 92
25 99
25 102
25 111
25 117
25 119
25 124
25 125
25 129
25 130
25 146
25 153
25 158
25 160
25 168
25 171
25 180
25 181
25 186
25 199
25 207
25 208
25 210
25 216
25 223
25 225
25 227
25 228
25 229
25 231
25 235
25 237
25 242
25 246
25 252
25 262
25 263
25 265
25 274
25 280
25 284
25 297
25 114
25 271
25 288
25 34
26 33
26 37
26 38
26 40
26 43
26 44
26 49
26 57
26 58
26 61
26 63
26 66
26 67
26 71
26 75
26 76
26 80
26 81
26 85
26 88
26 89
26 92
26 99
26 100
26 110
26 111
26 112
26 117
26 119
26 124
26 125
26 129
26 130
26 134
26 136
26 139
26 141
26 146
26 151
26 153
26 158
26 160
26 168
26 171
26 180
26 181
26 186
26 187
26 199
26 204
26 207
26 208
26 210
26 214
26 216
26 223
26 226
26 227
26 228
26 229
26 231
26 235
26 237
26 238
26 242
26 244
26 245
26 246
26 251
26 252
26 255
26 263
26 264
26 265
26 273
26 274
26 276
26 279
26 280
26 284
26 291
26 293
26 297
26 262
26 232
26 102
26 114
26 271
26 288
26 188
26 34
26 202
26 131
27 137
27 266
27 140
27 31
27 142
27 272
27 281
27 283
27 156
27 28
27 30
27 290
27 35
27 36
27 294
27 167
27 39
27 170
27 46
27 174
27 48
27 176
27 184
27 59
27 64
27 193
27 69
27 70
27 198
27 200
27 74
27 77
27 205
27 79
27 83
27 86
27 215
27 87
27 218
27 219
27 93
27 94
27 222
27 224
27 96
27 108
27 109
27 247
27 122
27 113
27 209
27 248
27 213
28 142
28 272
28 281
28 283
28 155
28 30
28 290
28 35
28 36
28 164
28 294
28 170
28 46
28 59
28 64
28 193
28 69
28 70
28 198
28 200
28 77
28 205
28 79
28 83
28 86
28 215
28 87
28 219
28 94
28 222
28 224
28 96
28 103
28 108
28 109
28 247
28 156
28 167
28 48
28 39
28 122
28 140
28 174
28 93
28 176
28 266
28 137
28 31
28 74
28 218
28 184
28 113
28 209
28 248
28 213
29 147
29 152
29 177
29 50
29 178
29 182
29 185
29 72
29 82
29 250
29 60
29 277
29 236
29 78
29 289
29 144
29 47
29 299
29 159
29 217
29 91
29 259
29 243
29 65
29 261
29 143
29 90
29 240
29 197
29 45
29 126
29 52
29 201
29 55
29 97
29 54
29 120
29 191
29 150
29 275
29 286
29 270
29 73
30 281
30 36
30 294
30 170
30 64
30 69
30 70
30 200
30 77
30 83
30 86
30 219
30 94
30 224
30 103
30 108
30 109
30 272
30 198
30 247
30 164
30 283
30 205
30 155
30 290
30 222
30 96
30 79
30 142
30 35
30 156
30 167
30 39
30 140
30 266
30 74
30 184
30 113
31 266
31 140
31 142
31 272
31 281
31 155
31 283
31 156
31 290
31 35
31 36
31 164
31 294
31 167
31 39
31 170
31 46
31 64
31 193
31 69
31 70
31 198
31 200
31 77
31 205
31 79
31 83
31 86
31 219
31 94
31 222
31 224
31 96
31 103
31 108
31 109
31 247
31 74
31 184
31 113
32 41
32 42
32 51
32 56
32 68
32 84
32 98
32 105
32 116
32 128
32 135
32 154
32 157
32 162
32 163
32 165
32 166
32 169
32 172
32 173
32 175
32 183
32 189
32 190
32 192
32 195
32 196
32 203
32 233
32 234
32 253
32 256
32 258
32 260
32 267
32 268
32 278
32 282
32 285
32 287
32 295
32 296
32 298
32 249
32 145
32 148
32 138
32 230
32 127
32 292
32 101
32 161
32 118
32 133
32 212
32 95
32 239
32 115
32 300
32 194
32 104
32 53
32 221
32 132
32 257
32 149
32 62
32 241
32 206
32 107
32 220
33 37
33 38
33 40
33 43
33 44
33 49
33 57
33 61
33 63
33 66
33 67
33 71
33 75
33 76
33 80
33 81
33 85
33 88
33 89
33 92
33 110
33 111
33 112
33 117
33 119
33 124
33 125
33 129
33 130
33 134
33 136
33 139
33 141
33 146
33 151
33 153
33 158
33 160
33 168
33 171
33 180
33 181
33 187
33 199
33 204
33 207
33 208
33 210
33 214
33 216
33 223
33 225
33 226
33 227
33 228
33 229
33 231
33 235
33 237
33 238
33 242
33 244
33 245
33 246
33 251
33 252
33 255
33 263
33 264
33 265
33 273
33 274
33 276
33 279
33 280
33 284
33 291
33 297
33 293
33 100
33 186
33 99
33 262
33 232
33 102
33 114
33 271
33 288
33 188
33 34
33 202
33 131
34 37
34 40
34 43
34 44
34 49
34 57
34 58
34 61
34 63
34 66
34 67
34 71
34 75
34 76
34 80
34 81
34 85
34 88
34 89
34 92
34 99
34 100
34 102
34 110
34 111
34 112
34 114
34 117
34 124
34 125
34 129
34 130
34 134
34 136
34 139
34 141
34 151
34 158
34 160
34 168
34 171
34 180
34 181
34 186
34 187
34 188
34 199
34 204
34 207
34 208
34 210
34 214
34 216
34 223
34 225
34 226
34 227
34 228
34 229
34 231
34 232
34 235
34 237
34 238
34 242
34 244
34 245
34 251
34 252
34 255
34 262
34 263
34 264
34 265
34 271
34 273
34 274
34 276
34 279
34 280
34 284
34 288
34 291
34 293
34 297
34 202
34 131
35 142
35 281
35 283
35 155
35 290
35 36
35 164
35 294
35 170
35 46
35 59
35 64
35 193
35 69
35 70
35 198
35 200
35 77
35 205
35 79
35 83
35 86
35 215
35 87
35 94
35 222
35 224
35 96
35 103
35 108
35 109
35 247
35 156
35 167
35 48
35 39
35 122
35 140
35 174
35 93
35 176
35 266
35 137
35 74
35 218
35 184
35 113
35 209
35 248
35 213
36 281
36 294
36 170
36 46
36 59
36 64
36 193
36 69
36 70
36 83
36 86
36 215
36 219
36 94
36 224
36 103
36 108
36 77
36 109
36 272
36 198
36 247
36 164
36 283
36 205
36 155
36 87
36 290
36 222
36 96
36 79
36 142
36 156
36 167
36 48
36 39
36 122
36 174
36 93
36 176
36 266
36 137
36 74
36 218
36 184
36 113
36 209
36 248
36 213
37 44
37 49
37 57
37 58
37 61
37 76
37 80
37 88
37 112
37 125
37 134
37 146
37 151
37 153
37 168
37 181
37 187
37 199
37 204
37 208
37 223
37 227
37 228
37 229
37 235
37 237
37 238
37 244
37 265
37 276
37 279
37 291
37 297
37 207
37 110
37 85
37 141
37 231
37 92
37 160
37 263
37 255
37 81
37 67
37 129
37 242
37 158
37 210
37 124
37 111
37 71
37 130
37 251
37 246
37 63
37 171
37 214
37 274
37 226
37 66
37 40
37 264
37 38
37 43
37 216
37 284
37 139
37 117
37 89
37 119
37 273
37 75
37 225
37 245
37 252
37 136
37 280
37 293
37 100
37 186
37 99
37 262
37 232
37 102
37 114
37 271
37 288
37 188
37 202
37 131
38 40
38 44
38 49
38 57
38 58
38 61
38 63
38 66
38 67
38 71
38 76
38 80
38 81
38 85
38 88
38 92
38 110
38 111
38 112
38 124
38 125
38 129
38 130
38 134
38 141
38 151
38 160
38 168
38 171
38 181
38 187
38 199
38 204
38 207
38 208
38 210
38 214
38 223
38 226
38 227
38 228
38 229
38 231
38 235
38 237
38 238
38 242
38 244
38 251
38 255
38 263
38 264
38 265
38 274
38 276
38 279
38 291
38 297
38 43
38 216
38 284
38 139
38 117
38 89
38 180
38 273
38 75
38 225
38 245
38 252
38 136
38 280
38 293
38 100
38 186
38 99
38 262
38 232
38 102
38 114
38 271
38 288
38 188
38 202
38 131
39 142
39 272
39 281
39 283
39 155
39 156
39 290
39 164
39 294
39 167
39 170
39 46
39 48
39 59
39 64
39 193
39 69
39 198
39 200
39 77
39 205
39 79
39 86
39 215
39 87
39 219
39 94
39 224
39 96
39 103
39 108
39 109
39 247
39 122
39 140
39 174
39 93
39 176
39 266
39 137
39 74
39 218
39 184
39 113
39 209
39 248
39 213
40 44
40 49
40 57
40 58
40 61
40 63
40 66
40 67
40 71
40 76
40 80
40 81
40 85
40 88
40 92
40 110
40 111
40 112
40 124
40 125
40 129
40 130
40 134
40 141
40 146
40 151
40 153
40 158
40 160
40 168
40 171
40 181
40 187
40 199
40 204
40 207
40 208
40 210
40 214
40 223
40 226
40 227
40 228
40 229
40 231
40 235
40 237
40 238
40 242
40 244
40 246
40 251
40 255
40 263
40 265
40 274
40 276
40 279
40 291
40 297
40 264
40 216
40 284
40 139
40 117
40 89
40 180
40 119
40 273
40 75
40 225
40 245
40 252
40 136
40 280
40 293
40 100
40 99
40 262
40 232
40 102
40 114
40 271
40 288
40 188
40 202
40 131
41 51
41 98
41 116
41 154
41 157
41 162
41 163
41 165
41 166
41 169
41 173
41 179
41 183
41 192
41 195
41 253
41 254
41 258
41 260
41 267
41 268
41 278
41 282
41 285
41 190
41 56
41 196
41 68
41 84
41 105
41 175
41 233
41 172
41 287
41 135
41 189
41 298
41 121
41 128
41 296
41 203
41 234
41 256
41 295
41 211
41 145
41 148
41 138
41 230
41 127
41 292
41 101
41 161
41 133
41 212
41 95
41 239
41 115
41 300
41 194
41 104
41 53
41 221
41 132
41 257
41 149
41 62
41 241
41 206
41 107
41 220
42 51
42 56
42 68
42 84
42 98
42 105
42 116
42 121
42 128
42 135
42 154
42 157
42 162
42 163
42 165
42 166
42 169
42 172
42 173
42 175
42 179
42 183
42 189
42 190
42 192
42 195
42 196
42 233
42 253
42 254
42 258
42 260
42 267
42 268
42 278
42 285
42 287
42 296
42 298
42 234
42 256
42 295
42 211
42 145
42 138
42 230
42 127
42 292
42 101
42 161
42 133
42 212
42 95
42 239
42 115
42 300
42 194
42 104
42 53
42 221
42 132
42 257
42 149
42 62
42 241
42 206
42 107
42 220
43 44
43 49
43 57
43 58
43 61
43 63
43 66
43 67
43 71
43 76
43 80
43 81
43 85
43 88
43 92
43 110
43 111
43 112
43 124
43 125
43 129
43 130
43 134
43 141
43 146
43 151
43 153
43 158
43 160
43 168
43 171
43 181
43 187
43 199
43 204
43 207
43 208
43 210
43 214
43 223
43 226
43 227
43 228
43 229
43 231
43 235
43 237
43 238
43 242
43 244
43 246
43 251
43 255
43 263
43 264
43 265
43 274
43 276
43 279
43 291
43 297
43 216
43 284
43 139
43 117
43 89
43 180
43 119
43 273
43 75
43 225
43 245
43 252
43 136
43 280
43 293
43 100
43 99
43 262
43 232
43 102
43 114
43 271
43 288
43 188
43 202
43 131
44 58
44 76
44 80
44 88
44 125
44 146
44 168
44 199
44 208
44 223
44 227
44 228
44 229
44 235
44 265
44 297
44 153
44 237
44 181
44 207
44 85
44 231
44 92
44 160
44 263
44 81
44 67
44 129
44 242
44 210
44 124
44 111
44 71
44 130
44 246
44 63
44 171
44 274
44 66
44 216
44 284
44 117
44 180
44 119
44 75
44 225
44 252
44 280
44 186
44 99
44 262
44 102
44 271
44 288
45 259
45 261
45 269
45 143
45 144
45 147
45 277
45 152
45 159
45 289
45 299
45 47
45 177
45 50
45 178
45 182
45 185
45 60
45 65
45 197
45 72
45 78
45 82
45 217
45 90
45 91
45 236
45 240
45 243
45 250
45 126
45 52
45 201
45 55
45 97
45 54
45 120
45 191
45 150
45 275
45 286
45 270
45 123
45 73
46 281
46 294
46 170
46 64
46 69
46 70
46 200
46 83
46 86
46 94
46 224
46 108
46 103
46 219
46 77
46 109
46 272
46 198
46 247
46 164
46 283
46 205
46 155
46 290
46 222
46 96
46 79
46 142
46 156
46 167
46 140
46 176
46 266
46 74
46 184
46 113
47 269
47 144
47 147
47 277
47 152
47 289
47 177
47 50
47 178
47 182
47 185
47 60
47 72
47 78
47 82
47 236
47 250
47 299
47 217
47 91
47 259
47 106
47 65
47 261
47 143
47 90
47 240
47 197
47 126
47 52
47 201
47 55
47 97
47 54
47 120
47 191
47 150
47 275
47 286
47 270
47 123
47 73
48 142
48 272
48 281
48 283
48 155
48 156
48 290
48 164
48 294
48 167
48 170
48 64
48 69
48 70
48 198
48 200
48 77
48 205
48 79
48 83
48 86
48 219
48 94
48 222
48 224
48 96
48 103
48 108
48 109
48 247
48 140
48 266
48 74
48 184
48 113
49 58
49 76
49 80
49 88
49 125
49 146
49 153
49 168
49 199
49 208
49 223
49 227
49 228
49 229
49 235
49 265
49 297
49 237
49 181
49 207
49 85
49 231
49 92
49 160
49 263
49 81
49 67
49 129
49 242
49 158
49 210
49 124
49 111
49 71
49 130
49 246
49 63
49 171
49 274
49 66
49 216
49 284
49 117
49 180
49 119
49 75
49 225
49 252
49 280
49 100
49 186
49 99
49 262
49 102
49 114
49 271
49 288
50 250
50 182
50 269
50 72
50 185
50 147
50 177
50 178
50 152
50 236
50 289
50 144
50 299
50 159
50 217
50 91
50 106
50 243
50 65
50 261
50 143
50 90
50 52
50 97
50 54
50 191
50 270
50 123
50 73
51 98
51 116
51 154
51 157
51 162
51 165
51 166
51 169
51 173
51 179
51 183
51 192
51 195
51 253
51 254
51 258
51 260
51 267
51 268
51 278
51 282
51 285
51 190
51 56
51 196
51 68
51 84
51 105
51 175
51 233
51 172
51 287
51 135
51 189
51 298
51 121
51 128
51 296
51 203
51 234
51 256
51 295
51 249
51 211
51 145
51 148
51 138
51 230
51 127
51 292
51 101
51 161
51 118
51 133
51 212
51 95
51 239
51 115
51 300
51 194
51 104
51 53
51 221
51 132
51 257
51 149
51 62
51 241
51 206
51 107
51 220
52 259
52 261
52 269
52 143
52 144
52 147
52 277
52 152
52 159
52 289
52 299
52 177
52 178
52 182
52 185
52 60
52 65
52 197
52 72
52 78
52 82
52 217
52 90
52 91
52 106
52 236
52 240
52 243
52 250
52 126
52 201
52 55
52 97
52 54
52 120
52 191
52 150
52 275
52 286
52 270
52 123
52 73
53 56
53 95
53 101
53 104
53 105
53 115
53 116
53 118
53 121
53 127
53 128
53 133
53 135
53 138
53 145
53 154
53 161
53 162
53 163
53 165
53 166
53 169
53 172
53 173
53 175
53 179
53 183
53 189
53 190
53 192
53 194
53 195
53 196
53 211
53 212
53 230
53 233
53 234
53 239
53 249
53 253
53 254
53 256
53 258
53 260
53 267
53 268
53 278
53 285
53 287
53 292
53 295
53 296
53 298
53 300
53 221
53 132
53 257
53 149
53 62
53 241
53 206
53 107
53 220
54 259
54 269
54 143
54 144
54 277
54 152
54 159
54 289
54 299
54 177
54 178
54 182
54 55
54 185
54 60
54 65
54 197
54 72
54 201
54 78
54 82
54 217
54 90
54 97
54 106
54 236
54 240
54 243
54 250
54 126
54 120
54 191
54 150
54 275
54 286
54 270
54 123
54 73
55 261
55 269
55 143
55 144
55 147
55 152
55 159
55 289
55 299
55 177
55 178
55 182
55 185
55 65
55 217
55 90
55 91
55 106
55 236
55 243
55 250
55 97
55 191
55 270
55 123
55 73
56 98
56 116
56 154
56 157
56 162
56 163
56 165
56 166
56 169
56 173
56 179
56 183
56 190
56 192
56 195
56 253
56 254
56 258
56 260
56 267
56 268
56 278
56 282
56 196
56 68
56 84
56 105
56 175
56 233
56 172
56 287
56 135
56 189
56 298
56 121
56 128
56 296
56 203
56 234
56 256
56 295
56 249
56 211
56 145
56 148
56 138
56 230
56 127
56 292
56 101
56 161
56 118
56 133
56 212
56 95
56 239
56 115
56 300
56 194
56 104
56 221
56 132
56 257
56 149
56 62
56 241
56 206
56 107
56 220
57 58
57 76
57 80
57 88
57 125
57 146
57 153
57 168
57 199
57 208
57 223
57 227
57 228
57 229
57 235
57 265
57 297
57 237
57 181
57 207
57 85
57 231
57 92
57 160
57 263
57 81
57 67
57 129
57 242
57 158
57 210
57 124
57 111
57 71
57 130
57 246
57 63
57 171
57 274
57 66
57 216
57 284
57 117
57 180
57 119
57 75
57 225
57 252
57 280
57 186
57 99
57 262
57 102
57 114
57 271
57 288
58 61
58 76
58 88
58 112
58 125
58 134
58 146
58 168
58 187
58 199
58 208
58 223
58 227
58 228
58 229
58 235
58 238
58 244
58 265
58 297
58 80
58 279
58 204
58 151
58 153
58 276
58 291
58 237
58 181
58 207
58 110
58 85
58 141
58 160
58 263
58 255
58 81
58 129
58 210
58 124
58 111
58 71
58 130
58 251
58 246
58 63
58 171
58 214
58 274
58 226
58 66
58 264
58 216
58 284
58 139
58 117
58 89
58 119
58 273
58 75
58 225
58 245
58 252
58 136
58 280
58 293
58 100
58 186
58 262
58 232
58 102
58 114
58 271
58 288
58 188
58 202
58 131
59 94
59 86
59 294
59 108
59 64
59 224
59 69
59 200
59 170
59 70
59 281
59 83
59 103
59 219
59 77
59 109
59 272
59 198
59 247
59 164
59 283
59 205
59 155
59 290
59 222
59 96
59 79
59 142
59 156
59 167
59 140
59 266
59 74
59 184
59 113
60 269
60 147
60 152
60 177
60 178
60 182
60 185
60 72
60 250
60 236
60 289
60 144
60 299
60 159
60 217
60 91
60 106
60 243
60 65
60 261
60 143
60 90
60 97
60 191
60 270
60 123
60 73
61 235
61 88
61 265
61 125
61 199
61 223
61 228
61 146
61 229
61 168
61 76
61 227
61 208
61 297
61 80
61 153
61 237
61 181
61 207
61 85
61 231
61 92
61 160
61 263
61 81
61 67
61 129
61 242
61 158
61 210
61 124
61 111
61 71
61 130
61 246
61 63
61 171
61 274
61 66
61 216
61 284
61 117
61 180
61 119
61 75
61 225
61 252
61 280
61 186
61 99
61 262
61 102
61 114
61 271
61 288
62 68
62 84
62 95
62 98
62 101
62 104
62 105
62 115
62 116
62 118
62 121
62 127
62 128
62 132
62 133
62 135
62 138
62 145
62 148
62 149
62 154
62 157
62 161
62 162
62 163
62 166
62 169
62 172
62 175
62 179
62 183
62 189
62 190
62 192
62 194
62 195
62 203
62 211
62 212
62 221
62 230
62 233
62 234
62 239
62 249
62 253
62 254
62 256
62 257
62 258
62 267
62 268
62 278
62 282
62 285
62 287
62 292
62 295
62 296
62 298
62 300
62 241
62 206
62 107
62 220
63 67
63 71
63 76
63 80
63 81
63 85
63 88
63 92
63 110
63 111
63 112
63 124
63 125
63 130
63 134
63 141
63 146
63 151
63 153
63 158
63 160
63 168
63 181
63 187
63 199
63 204
63 207
63 208
63 210
63 223
63 227
63 228
63 229
63 231
63 235
63 237
63 238
63 242
63 244
63 246
63 251
63 255
63 263
63 265
63 276
63 279
63 291
63 297
63 171
63 214
63 274
63 226
63 66
63 264
63 216
63 284
63 139
63 89
63 180
63 119
63 273
63 75
63 225
63 245
63 252
63 136
63 280
63 293
63 100
63 186
63 99
63 262
63 232
63 102
63 114
63 271
63 288
63 188
63 202
63 131
64 294
64 86
64 94
64 108
64 224
64 69
64 200
64 170
64 70
64 193
64 215
64 281
64 83
64 103
64 219
64 77
64 109
64 272
64 198
64 247
64 164
64 283
64 205
64 155
64 87
64 290
64 222
64 96
64 79
64 142
64 156
64 167
64 122
64 140
64 174
64 93
64 176
64 266
64 137
64 74
64 218
64 184
64 113
64 209
64 248
64 213
65 259
65 269
65 144
65 147
65 277
65 152
65 159
65 299
65 177
65 178
65 182
65 185
65 72
65 78
65 82
65 217
65 91
65 106
65 236
65 243
65 250
65 261
65 143
65 240
65 197
65 126
65 201
65 97
65 120
65 191
65 150
65 275
65 286
65 270
65 123
65 73
66 67
66 71
66 76
66 80
66 81
66 88
66 92
66 110
66 111
66 112
66 125
66 129
66 130
66 134
66 141
66 146
66 151
66 153
66 158
66 171
66 181
66 187
66 199
66 204
66 207
66 210
66 214
66 223
66 226
66 227
66 228
66 235
66 238
66 242
66 244
66 246
66 251
66 255
66 263
66 265
66 276
66 279
66 291
66 297
66 264
66 216
66 284
66 139
66 117
66 89
66 180
66 119
66 273
66 75
66 225
66 245
66 252
66 136
66 280
66 293
66 100
66 186
66 99
66 262
66 232
66 102
66 114
66 271
66 288
66 188
66 202
66 131
67 76
67 80
67 81
67 85
67 88
67 110
67 112
67 125
67 134
67 141
67 146
67 151
67 153
67 160
67 168
67 181
67 187
67 199
67 204
67 207
67 208
67 223
67 227
67 228
67 229
67 235
67 237
67 238
67 244
67 255
67 263
67 265
67 276
67 279
67 291
67 297
67 129
67 158
67 210
67 124
67 111
67 71
67 130
67 251
67 246
67 171
67 214
67 274
67 226
67 264
67 216
67 284
67 139
67 117
67 89
67 180
67 119
67 273
67 75
67 225
67 245
67 252
67 136
67 280
67 293
67 100
67 186
67 262
67 232
67 102
67 114
67 271
67 288
67 188
67 202
67 131
68 116
68 154
68 162
68 163
68 165
68 166
68 169
68 173
68 179
68 183
68 190
68 192
68 195
68 196
68 253
68 254
68 258
68 260
68 267
68 268
68 278
68 285
68 105
68 175
68 233
68 172
68 287
68 135
68 189
68 298
68 121
68 128
68 296
68 203
68 234
68 256
68 295
68 249
68 211
68 145
68 148
68 138
68 230
68 127
68 292
68 101
68 161
68 118
68 133
68 212
68 95
68 239
68 115
68 300
68 194
68 104
68 221
68 132
68 257
68 149
68 241
68 206
68 107
68 220
69 294
69 86
69 94
69 224
69 108
69 200
69 170
69 70
69 193
69 215
69 281
69 83
69 103
69 219
69 77
69 109
69 272
69 198
69 247
69 164
69 283
69 155
69 87
69 290
69 222
69 96
69 79
69 142
69 156
69 167
69 122
69 140
69 174
69 93
69 176
69 266
69 137
69 74
69 218
69 184
69 113
69 209
69 248
69 213
70 294
70 170
70 200
70 86
70 94
70 224
70 108
70 193
70 215
70 281
70 103
70 219
70 77
70 109
70 272
70 247
70 164
70 283
70 205
70 155
70 87
70 290
70 96
70 79
70 142
70 156
70 167
70 122
70 140
70 174
70 93
70 176
70 266
70 137
70 74
70 218
70 184
70 113
70 209
70 248
70 213
71 76
71 80
71 81
71 85
71 88
71 92
71 110
71 111
71 112
71 124
71 125
71 129
71 134
71 141
71 146
71 151
71 153
71 158
71 160
71 168
71 181
71 187
71 199
71 204
71 207
71 208
71 210
71 223
71 227
71 228
71 229
71 231
71 235
71 237
71 238
71 242
71 244
71 255
71 263
71 265
71 276
71 279
71 291
71 297
71 130
71 251
71 246
71 171
71 214
71 274
71 226
71 264
71 216
71 284
71 139
71 117
71 89
71 180
71 119
71 273
71 75
71 225
71 245
71 252
71 136
71 280
71 293
71 100
71 186
71 99
71 262
71 232
71 102
71 114
71 271
71 288
71 188
71 202
71 131
72 269
72 182
72 250
72 82
72 185
72 147
72 177
72 178
72 152
72 236
72 78
72 289
72 144
72 299
72 159
72 217
72 91
72 259
72 106
72 243
72 261
72 143
72 90
72 201
72 97
72 191
72 275
72 270
72 123
72 73
73 259
73 261
73 269
73 270
73 143
73 144
73 147
73 277
73 150
73 275
73 286
73 159
73 289
73 299
73 177
73 178
73 182
73 185
73 191
73 197
73 201
73 78
73 82
73 217
73 90
73 91
73 106
73 236
73 240
73 243
73 120
73 123
73 126
74 137
74 266
74 140
74 142
74 272
74 281
74 155
74 283
74 290
74 164
74 294
74 167
74 170
74 174
74 176
74 193
74 198
74 200
74 77
74 205
74 79
74 83
74 86
74 215
74 87
74 219
74 93
74 94
74 222
74 224
74 96
74 103
74 108
74 109
74 247
74 122
74 218
74 184
74 113
74 209
74 248
74 213
75 76
75 81
75 85
75 88
75 89
75 92
75 110
75 111
75 112
75 117
75 119
75 124
75 125
75 129
75 134
75 139
75 141
75 146
75 151
75 153
75 158
75 160
75 168
75 171
75 180
75 181
75 187
75 199
75 204
75 207
75 208
75 210
75 214
75 223
75 226
75 227
75 228
75 229
75 231
75 237
75 238
75 242
75 244
75 246
75 251
75 255
75 263
75 264
75 265
75 273
75 274
75 276
75 279
75 284
75 291
75 297
75 225
75 245
75 252
75 136
75 280
75 293
75 100
75 186
75 99
75 262
75 232
75 102
75 114
75 271
75 288
75 188
75 202
75 131
76 88
76 112
76 125
76 134
76 146
76 168
76 187
76 199
76 223
76 228
76 229
76 235
76 238
76 244
76 265
76 227
76 208
76 297
76 80
76 279
76 204
76 151
76 153
76 276
76 291
76 237
76 181
76 207
76 110
76 85
76 141
76 231
76 92
76 160
76 263
76 255
76 81
76 129
76 242
76 158
76 210
76 124
76 111
76 130
76 251
76 246
76 171
76 214
76 274
76 226
76 264
76 216
76 284
76 139
76 117
76 89
76 180
76 119
76 273
76 225
76 245
76 252
76 136
76 280
76 293
76 100
76 186
76 99
76 262
76 232
76 102
76 114
76 271
76 288
76 188
76 202
76 131
77 281
77 294
77 170
77 193
77 200
77 83
77 86
77 215
77 219
77 94
77 224
77 103
77 109
77 272
77 198
77 247
77 164
77 283
77 205
77 155
77 87
77 222
77 96
77 79
77 142
77 156
77 167
77 122
77 140
77 174
77 93
77 176
77 266
77 137
77 218
77 184
77 113
77 209
77 248
77 213
78 269
78 147
78 152
78 177
78 178
78 182
78 185
78 236
78 250
78 289
78 144
78 299
78 159
78 217
78 91
78 106
78 243
78 261
78 143
78 90
78 97
78 191
78 270
78 123
79 272
79 281
79 283
79 155
79 290
79 164
79 294
79 170
79 193
79 198
79 200
79 205
79 83
79 86
79 215
79 87
79 219
79 94
79 222
79 224
79 96
79 103
79 108
79 109
79 247
79 142
79 156
79 167
79 122
79 140
79 174
79 93
79 176
79 266
79 137
79 218
79 184
79 113
79 209
79 248
79 213
80 88
80 112
80 125
80 134
80 146
80 168
80 187
80 199
80 208
80 223
80 227
80 228
80 229
80 238
80 244
80 265
80 297
80 279
80 204
80 151
80 153
80 276
80 291
80 237
80 181
80 207
80 110
80 85
80 141
80 231
80 92
80 160
80 263
80 255
80 81
80 129
80 242
80 158
80 210
80 124
80 111
80 130
80 251
80 246
80 171
80 214
80 274
80 226
80 264
80 284
80 139
80 117
80 89
80 180
80 119
80 273
80 225
80 245
80 252
80 136
80 280
80 293
80 100
80 186
80 99
80 262
80 232
80 102
80 114
80 271
80 288
80 188
80 202
80 131
81 85
81 88
81 92
81 110
81 112
81 125
81 134
81 141
81 146
81 151
81 153
81 160
81 168
81 181
81 187
81 199
81 204
81 207
81 208
81 227
81 228
81 229
81 231
81 235
81 237
81 238
81 244
81 255
81 263
81 265
81 276
81 279
81 291
81 297
81 129
81 242
81 158
81 210
81 124
81 111
81 130
81 251
81 246
81 171
81 214
81 274
81 226
81 264
81 216
81 284
81 139
81 117
81 89
81 180
81 119
81 273
81 225
81 245
81 252
81 136
81 280
81 293
81 100
81 186
81 99
81 262
81 232
81 102
81 114
81 271
81 188
81 202
81 131
82 269
82 182
82 250
82 185
82 147
82 177
82 178
82 152
82 236
82 289
82 144
82 299
82 159
82 217
82 91
82 106
82 243
82 261
82 143
82 90
82 97
82 191
82 270
82 123
83 281
83 294
83 170
83 193
83 200
83 86
83 215
83 94
83 224
83 108
83 103
83 219
83 109
83 272
83 198
83 247
83 164
83 283
83 205
83 155
83 87
83 290
83 96
83 142
83 156
83 167
83 122
83 140
83 174
83 93
83 176
83 266
83 137
83 218
83 184
83 113
83 209
83 248
83 213
84 116
84 154
84 162
84 163
84 165
84 166
84 169
84 173
84 179
84 183
84 190
84 192
84 195
84 196
84 253
84 254
84 258
84 260
84 267
84 268
84 278
84 285
84 105
84 175
84 233
84 172
84 287
84 135
84 189
84 298
84 121
84 128
84 296
84 234
84 256
84 295
84 249
84 211
84 145
84 138
84 230
84 127
84 292
84 101
84 161
84 118
84 133
84 212
84 95
84 239
84 115
84 300
84 194
84 104
84 221
84 132
84 257
84 149
84 241
84 206
84 107
84 220
85 88
85 110
85 112
85 125
85 134
85 146
85 151
85 153
85 181
85 187
85 199
85 204
85 207
85 223
85 227
85 228
85 235
85 238
85 244
85 265
85 276
85 279
85 291
85 297
85 141
85 231
85 92
85 263
85 255
85 129
85 242
85 158
85 210
85 111
85 130
85 251
85 246
85 171
85 214
85 226
85 264
85 216
85 284
85 139
85 117
85 89
85 180
85 119
85 273
85 225
85 245
85 252
85 136
85 280
85 293
85 100
85 186
85 99
85 262
85 232
85 102
85 114
85 271
85 288
85 188
85 202
85 131
86 94
86 294
86 108
86 224
86 200
86 170
86 193
86 215
86 281
86 103
86 219
86 109
86 272
86 198
86 247
86 164
86 283
86 205
86 155
86 87
86 290
86 222
86 96
86 142
86 156
86 167
86 122
86 140
86 174
86 93
86 176
86 266
86 137
86 218
86 184
86 113
86 209
86 248
86 213
87 272
87 281
87 283
87 155
87 164
87 294
87 170
87 198
87 200
87 205
87 219
87 94
87 224
87 103
87 108
87 109
87 247
87 290
87 222
87 96
87 142
87 156
87 167
87 140
87 266
87 184
87 113
88 112
88 187
88 235
88 244
88 265
88 134
88 238
88 125
88 199
88 223
88 228
88 146
88 229
88 168
88 227
88 208
88 297
88 279
88 204
88 151
88 153
88 276
88 291
88 237
88 181
88 207
88 110
88 141
88 231
88 92
88 160
88 263
88 255
88 129
88 242
88 158
88 210
88 124
88 111
88 130
88 251
88 246
88 171
88 214
88 274
88 226
88 264
88 216
88 284
88 139
88 117
88 89
88 180
88 119
88 273
88 225
88 245
88 252
88 136
88 280
88 293
88 100
88 186
88 99
88 262
88 232
88 102
88 114
88 271
88 288
88 188
88 202
88 131
89 92
89 111
89 117
89 124
89 125
89 129
89 130
89 146
89 153
89 158
89 160
89 168
89 171
89 181
89 199
89 207
89 208
89 210
89 216
89 223
89 227
89 228
89 229
89 231
89 235
89 237
89 242
89 246
89 263
89 265
89 274
89 284
89 297
89 180
89 119
89 225
89 252
89 280
89 186
89 99
89 262
89 102
89 114
89 271
89 288
90 259
90 261
90 269
90 144
90 143
90 147
90 277
90 152
90 159
90 299
90 177
90 178
90 182
90 185
90 217
90 91
90 106
90 236
90 243
90 250
90 240
90 197
90 126
90 201
90 97
90 120
90 191
90 150
90 275
90 286
90 270
90 123
91 269
91 144
91 277
91 152
91 159
91 289
91 299
91 177
91 178
91 182
91 185
91 217
91 236
91 250
91 259
91 106
91 243
91 143
91 240
91 197
91 126
91 201
91 97
91 120
91 191
91 150
91 275
91 286
91 270
91 123
92 110
92 112
92 125
92 134
92 141
92 146
92 151
92 153
92 181
92 187
92 199
92 204
92 207
92 208
92 223
92 227
92 228
92 229
92 235
92 238
92 244
92 276
92 279
92 291
92 297
92 263
92 255
92 129
92 210
92 124
92 111
92 130
92 251
92 246
92 171
92 214
92 226
92 264
92 216
92 284
92 139
92 117
92 119
92 273
92 225
92 245
92 252
92 136
92 280
92 293
92 100
92 186
92 262
92 232
92 102
92 114
92 271
92 288
92 188
92 202
92 131
93 140
93 142
93 272
93 281
93 283
93 155
93 156
93 290
93 164
93 294
93 167
93 170
93 198
93 200
93 205
93 219
93 94
93 222
93 224
93 96
93 103
93 108
93 109
93 247
93 266
93 184
93 113
94 294
94 108
94 224
94 200
94 170
94 193
94 215
94 281
94 103
94 219
94 109
94 272
94 198
94 247
94 164
94 283
94 205
94 155
94 290
94 222
94 96
94 142
94 156
94 167
94 122
94 140
94 174
94 176
94 266
94 137
94 218
94 184
94 113
94 209
94 248
94 213
95 98
95 101
95 105
95 116
95 118
95 121
95 127
95 128
95 133
95 135
95 138
95 145
95 148
95 154
95 157
95 161
95 163
95 165
95 166
95 169
95 172
95 173
95 175
95 183
95 189
95 190
95 192
95 195
95 196
95 203
95 212
95 230
95 233
95 234
95 249
95 253
95 256
95 258
95 260
95 267
95 268
95 278
95 282
95 285
95 287
95 292
95 295
95 296
95 298
95 239
95 115
95 300
95 194
95 104
95 221
95 132
95 257
95 149
95 241
95 206
95 107
95 220
96 272
96 281
96 283
96 155
96 290
96 164
96 294
96 170
96 193
96 198
96 200
96 205
96 215
96 219
96 222
96 224
96 103
96 108
96 109
96 247
96 142
96 156
96 167
96 122
96 140
96 174
96 176
96 266
96 137
96 218
96 184
96 113
96 209
96 248
96 213
97 259
97 261
97 269
97 143
97 144
97 147
97 277
97 159
97 289
97 299
97 177
97 178
97 182
97 185
97 197
97 201
97 217
97 106
97 236
97 240
97 243
97 250
97 126
97 120
97 191
97 150
97 275
97 286
97 270
97 123
98 163
98 183
98 254
98 260
98 268
98 192
98 285
98 173
98 154
98 162
98 267
98 195
98 166
98 253
98 116
98 169
98 179
98 165
98 278
98 258
98 190
98 196
98 105
98 175
98 233
98 172
98 287
98 135
98 189
98 298
98 121
98 128
98 296
98 234
98 256
98 295
98 249
98 211
98 145
98 138
98 230
98 127
98 292
98 101
98 161
98 118
98 133
98 212
98 239
98 115
98 300
98 194
98 104
98 221
98 132
98 257
98 149
98 241
98 206
98 107
98 220
99 100
99 110
99 111
99 112
99 117
99 119
99 124
99 125
99 129
99 130
99 134
99 136
99 139
99 141
99 146
99 151
99 153
99 158
99 160
99 168
99 171
99 180
99 181
99 186
99 187
99 199
99 204
99 207
99 208
99 210
99 214
99 216
99 223
99 225
99 226
99 227
99 228
99 229
99 235
99 237
99 238
99 244
99 245
99 246
99 251
99 252
99 255
99 263
99 264
99 265
99 273
99 274
99 276
99 279
99 280
99 284
99 291
99 293
99 297
99 262
99 232
99 102
99 114
99 271
99 288
99 188
99 202
99 131
100 110
100 111
100 117
100 119
100 124
100 125
100 129
100 130
100 146
100 153
100 158
100 160
100 168
100 171
100 180
100 181
100 187
100 199
100 207
100 208
100 210
100 216
100 223
100 225
100 227
100 228
100 229
100 231
100 235
100 237
100 242
100 246
100 251
100 252
100 255
100 263
100 265
100 274
100 276
100 280
100 284
100 297
100 186
100 262
100 232
100 102
100 114
100 271
100 288
101 105
101 116
101 121
101 127
101 135
101 148
101 154
101 157
101 162
101 163
101 165
101 166
101 172
101 173
101 175
101 179
101 192
101 195
101 196
101 203
101 211
101 230
101 233
101 249
101 254
101 258
101 260
101 268
101 278
101 282
101 285
101 118
101 133
101 212
101 239
101 115
101 300
101 104
101 132
101 257
101 149
101 206
101 107
102 110
102 111
102 112
102 117
102 119
102 124
102 125
102 129
102 130
102 134
102 136
102 139
102 141
102 146
102 151
102 153
102 158
102 160
102 168
102 171
102 180
102 181
102 186
102 187
102 199
102 204
102 207
102 208
102 210
102 214
102 216
102 223
102 225
102 226
102 227
102 228
102 229
102 231
102 232
102 235
102 237
102 238
102 242
102 244
102 245
102 246
102 251
102 252
102 255
102 262
102 263
102 264
102 265
102 273
102 274
102 276
102 279
102 280
102 284
102 291
102 293
102 297
102 114
102 271
102 288
102 188
102 202
102 131
103 281
103 294
103 170
103 193
103 200
103 215
103 224
103 108
103 219
103 109
103 272
103 198
103 247
103 283
103 205
103 290
103 222
103 142
103 156
103 167
103 122
103 140
103 174
103 176
103 266
103 137
103 218
103 184
103 113
103 209
103 248
103 213
104 105
104 115
104 116
104 118
104 121
104 127
104 128
104 133
104 135
104 138
104 145
104 148
104 154
104 157
104 161
104 162
104 163
104 165
104 166
104 169
104 172
104 173
104 175
104 179
104 183
104 189
104 190
104 192
104 194
104 195
104 196
104 203
104 211
104 212
104 230
104 233
104 234
104 239
104 249
104 253
104 254
104 256
104 258
104 260
104 267
104 268
104 278
104 282
104 285
104 287
104 292
104 295
104 296
104 298
104 300
104 221
104 132
104 257
104 149
104 241
104 206
104 107
104 220
105 116
105 154
105 157
105 162
105 163
105 165
105 166
105 169
105 173
105 179
105 183
105 190
105 192
105 195
105 196
105 253
105 254
105 258
105 260
105 267
105 268
105 278
105 282
105 285
105 175
105 233
105 172
105 287
105 135
105 189
105 298
105 121
105 128
105 296
105 203
105 234
105 256
105 295
105 249
105 211
105 145
105 148
105 138
105 230
105 127
105 292
105 161
105 118
105 133
105 212
105 239
105 115
105 300
105 194
105 221
105 132
105 257
105 149
105 241
105 206
105 107
105 220
106 259
106 144
106 147
106 277
106 152
106 159
106 289
106 299
106 177
106 178
106 185
106 217
106 236
106 250
106 243
106 261
106 143
106 240
106 197
106 126
106 201
106 120
106 191
106 150
106 275
106 286
106 270
107 115
107 118
107 121
107 127
107 128
107 132
107 133
107 135
107 138
107 145
107 148
107 149
107 154
107 157
107 161
107 162
107 163
107 165
107 166
107 169
107 172
107 173
107 175
107 179
107 183
107 189
107 190
107 192
107 194
107 195
107 196
107 203
107 206
107 211
107 212
107 221
107 230
107 233
107 234
107 239
107 241
107 249
107 253
107 254
107 256
107 257
107 258
107 260
107 267
107 268
107 278
107 282
107 285
107 287
107 292
107 295
107 296
107 298
107 300
107 220
108 294
108 224
108 200
108 170
108 193
108 215
108 281
108 219
108 109
108 272
108 198
108 247
108 164
108 283
108 205
108 155
108 222
108 142
108 156
108 167
108 122
108 140
108 174
108 176
108 266
108 137
108 218
108 184
108 113
108 209
108 248
108 213
109 281
109 170
109 193
109 200
109 215
109 219
109 224
109 272
109 198
109 247
109 164
109 283
109 155
109 290
109 222
109 142
109 156
109 122
109 140
109 174
109 176
109 266
109 137
109 218
109 113
109 209
109 248
109 213
110 125
110 146
110 153
110 168
110 181
110 199
110 207
110 208
110 223
110 227
110 228
110 229
110 235
110 237
110 265
110 291
110 297
110 231
110 160
110 263
110 129
110 242
110 158
110 210
110 124
110 111
110 130
110 246
110 171
110 214
110 274
110 216
110 284
110 117
110 180
110 119
110 225
110 252
110 280
110 186
110 262
110 114
110 271
110 288
111 112
111 124
111 125
111 129
111 134
111 141
111 146
111 151
111 153
111 158
111 160
111 168
111 181
111 187
111 199
111 204
111 207
111 208
111 210
111 223
111 227
111 228
111 229
111 231
111 235
111 237
111 238
111 242
111 244
111 255
111 263
111 265
111 276
111 279
111 291
111 297
111 130
111 251
111 246
111 171
111 214
111 274
111 226
111 264
111 216
111 284
111 139
111 117
111 180
111 119
111 273
111 225
111 245
111 252
111 136
111 280
111 293
111 186
111 262
111 232
111 114
111 271
111 288
111 188
111 202
111 131
112 235
112 265
112 125
112 199
112 223
112 228
112 146
112 229
112 168
112 227
112 208
112 297
112 153
112 237
112 181
112 207
112 231
112 160
112 263
112 129
112 242
112 158
112 210
112 124
112 130
112 246
112 171
112 274
112 216
112 284
112 117
112 180
112 119
112 225
112 252
112 280
112 186
112 262
112 114
112 271
112 288
113 137
113 266
113 140
113 142
113 272
113 281
113 155
113 156
113 283
113 290
113 164
113 294
113 167
113 170
113 174
113 176
113 184
113 193
113 198
113 200
113 205
113 215
113 218
113 219
113 222
113 224
113 247
113 122
113 209
113 248
113 213
114 117
114 119
114 124
114 125
114 129
114 130
114 134
114 136
114 139
114 141
114 146
114 151
114 153
114 158
114 160
114 168
114 171
114 180
114 181
114 186
114 187
114 199
114 204
114 207
114 208
114 210
114 214
114 216
114 223
114 225
114 226
114 227
114 228
114 229
114 231
114 232
114 235
114 237
114 238
114 242
114 245
114 246
114 251
114 252
114 262
114 263
114 264
114 265
114 274
114 276
114 279
114 280
114 284
114 291
114 293
114 297
114 271
114 288
114 202
114 131
115 116
115 118
115 121
115 127
115 128
115 135
115 138
115 145
115 148
115 154
115 157
115 161
115 162
115 163
115 165
115 166
115 169
115 172
115 173
115 175
115 179
115 183
115 189
115 190
115 192
115 195
115 196
115 203
115 211
115 212
115 230
115 233
115 234
115 239
115 249
115 253
115 254
115 256
115 258
115 260
115 267
115 268
115 278
115 282
115 285
115 287
115 292
115 295
115 296
115 298
115 300
115 194
115 221
115 132
115 257
115 149
115 241
115 206
115 220
116 154
116 157
116 162
116 163
116 166
116 173
116 183
116 192
116 195
116 253
116 254
116 260
116 267
116 268
116 282
116 285
116 169
116 179
116 165
116 278
116 258
116 190
116 196
116 175
116 233
116 172
116 287
116 135
116 189
116 298
116 121
116 128
116 296
116 203
116 234
116 256
116 295
116 249
116 211
116 145
116 148
116 138
116 230
116 127
116 292
116 161
116 118
116 133
116 212
116 239
116 300
116 194
116 221
116 132
116 257
116 149
116 241
116 206
116 220
117 124
117 125
117 130
117 134
117 139
117 141
117 146
117 151
117 153
117 158
117 160
117 168
117 171
117 181
117 187
117 199
117 204
117 207
117 208
117 210
117 214
117 216
117 223
117 226
117 227
117 228
117 229
117 231
117 235
117 237
117 238
117 242
117 244
117 246
117 251
117 255
117 263
117 264
117 265
117 274
117 276
117 279
117 284
117 291
117 297
117 180
117 119
117 273
117 225
117 245
117 252
117 136
117 280
117 293
117 186
117 262
117 232
117 271
117 288
117 188
117 202
117 131
118 121
118 127
118 128
118 135
118 138
118 145
118 148
118 154
118 157
118 161
118 162
118 163
118 165
118 166
118 169
118 172
118 173
118 175
118 179
118 183
118 189
118 190
118 192
118 195
118 196
118 203
118 211
118 230
118 233
118 234
118 253
118 254
118 256
118 258
118 260
118 267
118 268
118 278
118 282
118 285
118 287
118 292
118 295
118 296
118 298
118 133
118 212
118 239
118 300
118 194
118 221
118 132
118 257
118 149
118 241
118 206
118 220
119 124
119 125
119 129
119 130
119 134
119 139
119 141
119 151
119 160
119 168
119 171
119 180
119 181
119 187
119 199
119 204
119 207
119 208
119 210
119 214
119 216
119 223
119 226
119 227
119 228
119 229
119 231
119 235
119 237
119 238
119 242
119 244
119 251
119 255
119 263
119 264
119 265
119 274
119 276
119 279
119 284
119 291
119 297
119 273
119 225
119 245
119 252
119 136
119 280
119 293
119 186
119 262
119 232
119 271
119 288
119 188
119 202
119 131
120 261
120 269
120 143
120 144
120 147
120 152
120 159
120 289
120 299
120 177
120 178
120 182
120 185
120 217
120 236
120 243
120 250
120 191
120 270
120 123
121 135
121 154
121 157
121 162
121 163
121 165
121 166
121 169
121 172
121 173
121 175
121 183
121 189
121 190
121 192
121 195
121 196
121 233
121 253
121 258
121 260
121 267
121 268
121 278
121 282
121 285
121 287
121 298
121 128
121 296
121 203
121 234
121 256
121 295
121 249
121 145
121 148
121 138
121 230
121 127
121 292
121 161
121 133
121 212
121 239
121 300
121 194
121 221
121 132
121 257
121 149
121 241
121 206
121 220
122 142
122 272
122 281
122 283
122 155
122 156
122 290
122 164
122 294
122 167
122 170
122 198
122 200
122 205
122 219
122 222
122 224
122 247
122 140
122 266
122 184
123 259
123 261
123 270
123 143
123 144
123 147
123 277
123 150
123 152
123 275
123 286
123 159
123 289
123 299
123 177
123 178
123 182
123 185
123 191
123 197
123 201
123 217
123 236
123 240
123 243
123 250
123 126
124 125
124 129
124 134
124 141
124 146
124 151
124 153
124 158
124 181
124 187
124 199
124 204
124 207
124 210
124 223
124 227
124 228
124 231
124 235
124 238
124 242
124 244
124 255
124 263
124 265
124 276
124 279
124 291
124 297
124 130
124 251
124 246
124 171
124 214
124 226
124 264
124 216
124 284
124 139
124 180
124 273
124 225
124 245
124 252
124 136
124 280
124 293
124 186
124 262
124 232
124 271
124 288
124 188
124 202
124 131
125 134
125 187
125 235
125 238
125 244
125 265
125 199
125 223
125 228
125 146
125 229
125 168
125 227
125 208
125 297
125 279
125 204
125 151
125 153
125 276
125 291
125 237
125 181
125 141
125 231
125 160
125 263
125 255
125 129
125 242
125 158
125 210
125 130
125 251
125 246
125 171
125 214
125 274
125 226
125 264
125 216
125 284
125 139
125 180
125 273
125 225
125 245
125 252
125 136
125 293
125 186
125 262
125 232
125 271
125 288
125 188
125 202
125 131
126 261
126 269
126 143
126 144
126 147
126 152
126 159
126 289
126 299
126 177
126 178
126 182
126 185
126 217
126 236
126 243
126 250
126 191
126 270
127 128
127 135
127 138
127 145
127 148
127 154
127 157
127 162
127 163
127 165
127 166
127 169
127 172
127 173
127 175
127 179
127 183
127 189
127 190
127 192
127 195
127 196
127 203
127 211
127 230
127 233
127 234
127 249
127 253
127 254
127 256
127 258
127 260
127 267
127 278
127 282
127 285
127 287
127 295
127 296
127 298
127 292
127 161
127 133
127 212
127 239
127 300
127 194
127 221
127 132
127 257
127 149
127 241
127 206
127 220
128 135
128 154
128 157
128 162
128 163
128 165
128 166
128 172
128 173
128 175
128 179
128 192
128 195
128 196
128 233
128 254
128 258
128 260
128 268
128 278
128 282
128 285
128 203
128 249
128 211
128 148
128 230
128 133
128 212
128 132
128 257
128 149
128 206
129 134
129 141
129 151
129 160
129 168
129 181
129 187
129 199
129 204
129 207
129 208
129 223
129 227
129 228
129 229
129 231
129 235
129 237
129 238
129 244
129 255
129 263
129 265
129 276
129 279
129 291
129 297
129 242
129 158
129 210
129 130
129 251
129 246
129 171
129 214
129 274
129 226
129 264
129 216
129 284
129 139
129 180
129 273
129 225
129 245
129 252
129 136
129 280
129 293
129 186
129 262
129 232
129 271
129 288
129 188
129 202
129 131
130 134
130 141
130 146
130 151
130 153
130 158
130 160
130 168
130 181
130 187
130 199
130 204
130 207
130 208
130 210
130 223
130 227
130 228
130 229
130 231
130 237
130 238
130 242
130 244
130 255
130 263
130 265
130 276
130 279
130 291
130 297
130 251
130 246
130 171
130 214
130 274
130 226
130 264
130 216
130 284
130 139
130 180
130 273
130 225
130 245
130 252
130 136
130 280
130 293
130 186
130 262
130 232
130 271
130 288
130 188
130 202
130 131
131 146
131 153
131 158
131 160
131 168
131 171
131 180
131 181
131 186
131 199
131 207
131 208
131 210
131 216
131 223
131 225
131 227
131 228
131 229
131 231
131 235
131 237
131 242
131 246
131 252
131 262
131 263
131 265
131 271
131 274
131 280
131 284
131 288
131 297
132 133
132 135
132 138
132 145
132 148
132 154
132 157
132 161
132 162
132 163
132 165
132 166
132 169
132 172
132 173
132 175
132 179
132 183
132 189
132 190
132 192
132 194
132 195
132 196
132 203
132 211
132 212
132 221
132 230
132 233
132 234
132 239
132 249
132 253
132 254
132 256
132 258
132 260
132 267
132 268
132 278
132 282
132 285
132 287
132 292
132 295
132 296
132 298
132 300
132 257
132 149
132 241
132 206
132 220
133 135
133 138
133 145
133 148
133 154
133 157
133 161
133 162
133 163
133 165
133 166
133 169
133 172
133 173
133 175
133 179
133 183
133 189
133 190
133 192
133 195
133 196
133 203
133 211
133 230
133 233
133 234
133 249
133 253
133 254
133 256
133 258
133 260
133 267
133 268
133 278
133 282
133 285
133 287
133 292
133 295
133 296
133 298
133 212
133 239
133 300
133 194
133 221
133 257
133 149
133 241
133 206
133 220
134 235
134 265
134 199
134 223
134 228
134 146
134 229
134 168
134 227
134 208
134 297
134 153
134 237
134 181
134 207
134 231
134 160
134 263
134 242
134 158
134 210
134 246
134 171
134 274
134 216
134 284
134 180
134 225
134 252
134 280
134 186
134 262
134 271
134 288
135 154
135 157
135 162
135 163
135 165
135 166
135 169
135 172
135 173
135 175
135 179
135 183
135 190
135 192
135 195
135 196
135 233
135 253
135 254
135 258
135 260
135 267
135 268
135 278
135 282
135 285
135 287
135 189
135 298
135 296
135 203
135 234
135 256
135 295
135 249
135 211
135 145
135 148
135 138
135 230
135 292
135 161
135 212
135 239
135 300
135 194
135 221
135 257
135 149
135 241
135 206
135 220
136 146
136 153
136 158
136 160
136 168
136 171
136 180
136 181
136 199
136 207
136 208
136 210
136 216
136 223
136 225
136 227
136 228
136 229
136 231
136 235
136 237
136 242
136 246
136 252
136 263
136 265
136 274
136 284
136 297
136 280
136 186
136 262
136 271
136 288
137 266
137 140
137 142
137 272
137 281
137 155
137 283
137 156
137 290
137 164
137 294
137 167
137 170
137 198
137 200
137 205
137 219
137 222
137 224
137 247
137 184
138 148
138 154
138 157
138 162
138 163
138 165
138 166
138 172
138 173
138 175
138 179
138 192
138 195
138 196
138 203
138 211
138 233
138 249
138 254
138 258
138 260
138 268
138 278
138 282
138 285
138 230
138 212
138 257
138 149
138 206
139 146
139 153
139 158
139 160
139 168
139 171
139 181
139 199
139 207
139 208
139 210
139 216
139 223
139 227
139 228
139 229
139 231
139 235
139 237
139 242
139 246
139 263
139 265
139 274
139 284
139 297
139 180
139 225
139 252
139 280
139 186
139 262
139 271
139 288
140 142
140 272
140 281
140 283
140 155
140 156
140 290
140 164
140 294
140 167
140 170
140 193
140 198
140 205
140 215
140 219
140 222
140 224
140 247
140 174
140 176
140 266
140 218
140 184
140 209
140 248
140 213
141 146
141 153
141 168
141 181
141 199
141 207
141 208
141 223
141 227
141 228
141 229
141 235
141 237
141 265
141 297
141 231
141 160
141 263
141 242
141 158
141 210
141 246
141 171
141 274
141 216
141 284
141 180
141 225
141 252
141 280
141 186
141 262
141 271
141 288
142 272
142 281
142 283
142 155
142 290
142 164
142 294
142 170
142 193
142 198
142 200
142 205
142 215
142 219
142 222
142 224
142 247
142 156
142 167
142 176
142 266
142 218
142 184
142 209
142 248
142 213
143 259
143 261
143 269
143 144
143 147
143 277
143 152
143 159
143 289
143 299
143 177
143 178
143 182
143 185
143 217
143 236
143 243
143 250
143 240
143 197
143 201
143 191
143 150
143 275
143 286
144 269
144 147
144 277
144 152
144 289
144 177
144 178
144 182
144 185
144 236
144 250
144 299
144 159
144 259
144 243
144 261
144 240
144 197
144 201
144 191
144 150
144 275
144 286
144 270
145 154
145 157
145 162
145 163
145 165
145 166
145 172
145 173
145 175
145 179
145 192
145 195
145 196
145 203
145 211
145 233
145 249
145 254
145 258
145 260
145 268
145 278
145 282
145 285
145 148
145 230
145 212
145 257
145 149
145 206
146 187
146 199
146 223
146 228
146 235
146 238
146 244
146 265
146 229
146 168
146 227
146 208
146 297
146 279
146 204
146 151
146 276
146 291
146 237
146 181
146 207
146 231
146 160
146 263
146 255
146 242
146 210
146 251
146 171
146 214
146 274
146 226
146 264
146 216
146 284
146 180
146 273
146 225
146 245
146 252
146 280
146 293
146 186
146 262
146 232
146 271
146 288
146 188
146 202
147 269
147 182
147 185
147 250
147 177
147 178
147 152
147 277
147 236
147 289
147 299
147 159
147 217
147 259
147 243
147 240
147 197
147 201
147 191
147 150
147 275
147 286
147 270
148 154
148 162
148 163
148 165
148 166
148 169
148 172
148 173
148 175
148 179
148 183
148 189
148 190
148 192
148 195
148 196
148 211
148 233
148 234
148 249
148 253
148 254
148 256
148 258
148 260
148 267
148 268
148 278
148 285
148 287
148 295
148 296
148 298
148 230
148 292
148 161
148 212
148 239
148 300
148 194
148 221
148 257
148 149
148 241
148 206
148 220
149 154
149 157
149 161
149 162
149 163
149 165
149 166
149 169
149 172
149 173
149 179
149 183
149 189
149 190
149 192
149 194
149 195
149 196
149 203
149 211
149 221
149 230
149 233
149 234
149 239
149 249
149 253
149 254
149 256
149 257
149 258
149 260
149 267
149 268
149 282
149 285
149 287
149 292
149 295
149 296
149 298
149 300
149 241
149 220
150 261
150 269
150 152
150 159
150 289
150 299
150 177
150 178
150 182
150 185
150 191
150 217
150 236
150 243
150 250
150 270
151 168
151 187
151 199
151 208
151 223
151 227
151 228
151 229
151 235
151 265
151 297
151 153
151 237
151 181
151 207
151 231
151 160
151 263
151 242
151 158
151 210
151 246
151 171
151 274
151 216
151 284
151 180
151 225
151 252
151 280
151 186
151 262
151 271
151 288
152 269
152 177
152 178
152 182
152 185
152 277
152 236
152 289
152 299
152 159
152 217
152 259
152 243
152 261
152 240
152 197
152 201
152 191
152 275
152 286
152 270
153 168
153 187
153 199
153 204
153 208
153 223
153 227
153 228
153 229
153 235
153 238
153 244
153 279
153 297
153 276
153 291
153 237
153 181
153 207
153 231
153 160
153 263
153 255
153 242
153 210
153 251
153 171
153 214
153 274
153 226
153 264
153 216
153 284
153 180
153 273
153 225
153 245
153 252
153 280
153 293
153 186
153 262
153 232
153 271
153 288
153 188
153 202
154 163
154 173
154 183
154 192
154 254
154 260
154 268
154 282
154 285
154 157
154 162
154 267
154 195
154 166
154 253
154 169
154 179
154 165
154 278
154 258
154 190
154 196
154 175
154 233
154 172
154 287
154 189
154 298
154 296
154 203
154 234
154 256
154 295
154 249
154 211
154 230
154 292
154 161
154 212
154 239
154 300
154 194
154 221
154 257
154 241
154 206
154 220
155 272
155 281
155 283
155 294
155 170
155 193
155 198
155 200
155 205
155 215
155 219
155 224
155 247
155 290
155 222
155 156
155 167
155 174
155 176
155 266
155 218
155 184
155 209
155 248
155 213
156 272
156 281
156 283
156 290
156 164
156 294
156 170
156 193
156 198
156 200
156 205
156 215
156 219
156 222
156 224
156 247
156 167
156 174
156 176
156 266
156 218
156 184
156 209
156 248
156 213
157 163
157 173
157 183
157 192
157 254
157 260
157 268
157 285
157 162
157 267
157 195
157 166
157 253
157 169
157 179
157 165
157 278
157 258
157 190
157 196
157 175
157 233
157 172
157 287
157 189
157 298
157 296
157 234
157 256
157 295
157 249
157 211
157 230
157 292
157 161
157 212
157 239
157 300
157 194
157 221
157 257
157 241
157 206
157 220
158 160
158 168
158 181
158 187
158 199
158 204
158 207
158 208
158 223
158 227
158 228
158 229
158 235
158 237
158 255
158 263
158 276
158 279
158 291
158 297
158 210
158 251
158 171
158 214
158 274
158 264
158 216
158 284
158 180
158 273
158 225
158 245
158 252
158 280
158 293
158 186
158 262
158 232
158 271
158 288
158 188
158 202
159 269
159 277
159 289
159 299
159 177
159 178
159 182
159 185
159 236
159 250
159 217
159 259
159 261
159 240
159 197
159 201
159 191
159 275
159 286
159 270
160 181
160 187
160 199
160 204
160 207
160 223
160 227
160 228
160 231
160 235
160 238
160 244
160 265
160 276
160 279
160 291
160 297
160 263
160 255
160 242
160 210
160 251
160 246
160 171
160 214
160 226
160 264
160 216
160 284
160 180
160 273
160 225
160 245
160 252
160 280
160 293
160 186
160 262
160 232
160 271
160 288
160 188
160 202
161 162
161 163
161 165
161 166
161 172
161 173
161 175
161 179
161 192
161 195
161 196
161 203
161 211
161 230
161 233
161 249
161 254
161 258
161 260
161 268
161 278
161 282
161 285
161 296
161 212
161 257
161 206
162 163
162 173
162 183
162 192
162 260
162 268
162 282
162 285
162 267
162 195
162 166
162 253
162 169
162 165
162 278
162 258
162 190
162 196
162 175
162 233
162 172
162 287
162 189
162 298
162 296
162 203
162 234
162 256
162 295
162 249
162 230
162 292
162 212
162 239
162 300
162 194
162 221
162 257
162 241
162 206
162 220
163 282
163 183
163 254
163 260
163 268
163 192
163 285
163 173
163 267
163 195
163 166
163 253
163 169
163 179
163 165
163 278
163 258
163 190
163 196
163 175
163 172
163 287
163 189
163 298
163 296
163 203
163 234
163 256
163 295
163 249
163 211
163 230
163 292
163 212
163 239
163 300
163 194
163 221
163 257
163 241
163 206
163 220
164 272
164 281
164 294
164 170
164 193
164 198
164 200
164 215
164 219
164 224
164 247
164 283
164 205
164 290
164 222
164 167
164 174
164 176
164 266
164 218
164 184
164 209
164 248
164 213
165 166
165 169
165 179
165 183
165 192
165 195
165 253
165 254
165 267
165 268
165 282
165 285
165 278
165 258
165 190
165 175
165 233
165 172
165 287
165 189
165 298
165 296
165 203
165 234
165 256
165 295
165 249
165 211
165 230
165 292
165 212
165 239
165 300
165 194
165 221
165 257
165 241
165 206
165 220
166 173
166 183
166 192
166 195
166 254
166 260
166 267
166 268
166 282
166 285
166 253
166 169
166 179
166 278
166 258
166 190
166 196
166 175
166 233
166 172
166 287
166 189
166 298
166 296
166 203
166 234
166 256
166 295
166 249
166 211
166 230
166 292
166 212
166 239
166 300
166 194
166 221
166 257
166 241
166 206
166 220
167 272
167 281
167 283
167 290
167 170
167 193
167 198
167 200
167 215
167 219
167 222
167 224
167 247
167 174
167 176
167 266
167 218
167 209
167 248
167 213
168 187
168 199
168 223
168 228
168 235
168 238
168 244
168 227
168 297
168 279
168 204
168 276
168 291
168 181
168 207
168 231
168 263
168 255
168 242
168 210
168 251
168 246
168 171
168 214
168 226
168 264
168 216
168 284
168 180
168 273
168 225
168 245
168 252
168 280
168 293
168 186
168 262
168 232
168 271
168 288
168 188
168 202
169 173
169 192
169 195
169 254
169 260
169 268
169 282
169 285
169 179
169 278
169 258
169 196
169 175
169 233
169 172
169 203
169 249
169 211
169 230
169 212
169 257
169 206
170 294
170 200
170 224
170 193
170 215
170 281
170 219
170 272
170 198
170 247
170 283
170 205
170 290
170 222
170 174
170 176
170 266
170 218
170 184
170 209
170 248
170 213
171 181
171 187
171 199
171 204
171 207
171 208
171 210
171 223
171 227
171 228
171 229
171 231
171 235
171 237
171 238
171 242
171 244
171 246
171 251
171 255
171 263
171 265
171 276
171 279
171 291
171 297
171 214
171 274
171 226
171 264
171 216
171 284
171 180
171 273
171 225
171 245
171 252
171 280
171 293
171 186
171 262
171 232
171 271
171 288
171 188
171 202
172 173
172 175
172 179
172 183
172 190
172 192
172 195
172 196
172 233
172 253
172 254
172 258
172 260
172 267
172 268
172 278
172 282
172 285
172 287
172 189
172 298
172 296
172 203
172 234
172 256
172 295
172 249
172 211
172 230
172 292
172 212
172 239
172 300
172 194
172 221
172 257
172 241
172 206
172 220
173 183
173 192
173 254
173 268
173 282
173 285
173 267
173 195
173 253
173 179
173 278
173 258
173 190
173 233
173 287
173 189
173 298
173 296
173 203
173 234
173 256
173 295
173 249
173 211
173 230
173 292
173 212
173 239
173 300
173 194
173 221
173 257
173 241
173 206
173 220
174 272
174 281
174 283
174 290
174 294
174 198
174 200
174 205
174 219
174 222
174 224
174 247
174 266
174 184
175 179
175 183
175 190
175 192
175 195
175 196
175 253
175 254
175 258
175 260
175 267
175 268
175 282
175 285
175 233
175 287
175 189
175 298
175 296
175 203
175 234
175 256
175 295
175 249
175 211
175 230
175 292
175 239
175 300
175 194
175 221
175 257
175 241
175 220
176 272
176 281
176 283
176 290
176 294
176 193
176 198
176 200
176 205
176 219
176 222
176 224
176 247
176 266
176 184
177 269
177 182
177 185
177 250
177 178
177 277
177 236
177 289
177 299
177 217
177 259
177 243
177 261
177 240
177 197
177 201
177 191
177 275
177 286
177 270
178 269
178 185
178 250
178 277
178 236
178 289
178 299
178 217
178 259
178 243
178 261
178 240
178 197
178 201
178 191
178 275
178 286
178 270
179 183
179 192
179 195
179 253
179 260
179 267
179 268
179 282
179 285
179 278
179 258
179 190
179 196
179 233
179 287
179 189
179 298
179 296
179 203
179 234
179 256
179 295
179 249
179 230
179 292
179 212
179 239
179 300
179 194
179 221
179 257
179 241
179 206
179 220
180 181
180 187
180 199
180 204
180 207
180 208
180 210
180 214
180 216
180 223
180 226
180 227
180 228
180 229
180 231
180 235
180 237
180 238
180 242
180 244
180 246
180 251
180 255
180 263
180 264
180 265
180 274
180 276
180 279
180 284
180 291
180 297
180 273
180 225
180 245
180 252
180 280
180 293
180 186
180 262
180 232
180 271
180 288
180 188
180 202
181 187
181 199
181 204
181 208
181 223
181 227
181 228
181 229
181 235
181 237
181 238
181 244
181 265
181 276
181 279
181 291
181 297
181 207
181 231
181 255
181 242
181 210
181 251
181 246
181 214
181 274
181 226
181 264
181 216
181 284
181 273
181 225
181 245
181 252
181 280
181 293
181 186
181 262
181 232
181 271
181 288
181 188
181 202
182 250
182 269
182 185
182 277
182 236
182 289
182 299
182 217
182 259
182 243
182 261
182 240
182 197
182 201
182 191
182 275
182 286
182 270
183 282
183 254
183 260
183 268
183 192
183 285
183 195
183 278
183 258
183 196
183 233
183 203
183 249
183 211
183 230
183 212
183 257
183 206
184 266
184 272
184 281
184 283
184 290
184 193
184 198
184 200
184 215
184 218
184 219
184 222
184 224
184 247
184 209
184 248
184 213
185 269
185 250
185 277
185 236
185 289
185 299
185 217
185 259
185 243
185 261
185 240
185 197
185 201
185 191
185 275
185 286
185 270
186 187
186 199
186 204
186 207
186 208
186 210
186 214
186 216
186 223
186 225
186 226
186 227
186 228
186 229
186 231
186 235
186 237
186 238
186 242
186 244
186 245
186 246
186 251
186 252
186 255
186 263
186 264
186 265
186 273
186 274
186 276
186 279
186 280
186 284
186 291
186 293
186 297
186 262
186 232
186 271
186 288
186 188
186 202
187 235
187 265
187 199
187 223
187 228
187 229
187 227
187 208
187 297
187 291
187 237
187 207
187 231
187 263
187 242
187 210
187 246
187 214
187 274
187 216
187 284
187 225
187 252
187 280
187 262
187 271
187 288
188 199
188 207
188 208
188 210
188 216
188 223
188 225
188 227
188 228
188 229
188 231
188 235
188 237
188 242
188 246
188 252
188 262
188 263
188 265
188 271
188 274
188 280
188 284
188 288
188 297
189 192
189 195
189 196
189 233
189 254
189 258
189 260
189 268
189 278
189 282
189 285
189 296
189 203
189 249
189 211
189 230
189 212
189 257
189 206
190 192
190 195
190 254
190 258
190 260
190 268
190 278
190 282
190 285
190 196
190 233
190 203
190 249
190 211
190 230
190 212
190 257
190 206
191 259
191 261
191 269
191 277
191 289
191 299
191 197
191 201
191 217
191 236
191 240
191 243
191 250
191 275
191 286
191 270
192 254
192 260
192 268
192 282
192 285
192 267
192 195
192 253
192 278
192 258
192 196
192 233
192 287
192 298
192 296
192 203
192 234
192 256
192 295
192 249
192 211
192 230
192 292
192 212
192 239
192 300
192 194
192 221
192 257
192 241
192 206
192 220
193 294
193 200
193 224
193 281
193 219
193 272
193 198
193 247
193 283
193 205
193 290
193 222
193 266
194 195
194 196
194 203
194 211
194 212
194 230
194 233
194 249
194 254
194 258
194 260
194 268
194 278
194 282
194 285
194 257
194 206
195 254
195 260
195 267
195 268
195 282
195 285
195 253
195 278
195 258
195 196
195 233
195 287
195 298
195 296
195 203
195 234
195 256
195 295
195 249
195 211
195 230
195 292
195 212
195 239
195 300
195 221
195 257
195 241
195 206
195 220
196 253
196 254
196 258
196 267
196 268
196 278
196 282
196 285
196 233
196 287
196 298
196 296
196 203
196 234
196 256
196 295
196 249
196 211
196 230
196 292
196 212
196 239
196 300
196 221
196 257
196 241
196 206
196 220
197 261
197 269
197 289
197 299
197 217
197 236
197 243
197 250
197 270
198 272
198 281
198 294
198 200
198 215
198 219
198 224
198 247
198 283
198 205
198 290
198 266
198 218
198 209
198 248
198 213
199 235
199 238
199 244
199 265
199 223
199 228
199 229
199 227
199 208
199 297
199 279
199 204
199 276
199 291
199 237
199 207
199 231
199 263
199 255
199 242
199 210
199 251
199 246
199 214
199 274
199 226
199 264
199 216
199 284
199 273
199 225
199 245
199 252
199 280
199 293
199 262
199 232
199 271
199 288
199 202
200 294
200 224
200 215
200 281
200 219
200 272
200 247
200 283
200 205
200 290
200 222
200 266
200 218
200 209
200 248
200 213
201 261
201 269
201 289
201 299
201 217
201 236
201 243
201 250
201 270
202 207
202 208
202 210
202 216
202 223
202 225
202 227
202 228
202 229
202 231
202 235
202 237
202 242
202 246
202 252
202 262
202 263
202 265
202 271
202 274
202 280
202 284
202 288
202 297
203 233
203 253
203 254
203 258
203 260
203 267
203 268
203 278
203 285
203 287
203 296
203 298
203 234
203 256
203 295
203 249
203 211
203 230
203 292
203 212
203 239
203 300
203 221
203 257
203 241
203 206
203 220
204 208
204 223
204 227
204 228
204 229
204 235
204 265
204 297
204 237
204 207
204 231
204 263
204 242
204 210
204 246
204 274
204 216
204 284
204 225
204 252
204 280
204 262
204 271
204 288
205 272
205 281
205 283
205 215
205 219
205 224
205 247
205 290
205 222
205 266
205 218
205 209
205 248
205 213
206 211
206 221
206 230
206 233
206 234
206 239
206 241
206 249
206 253
206 254
206 256
206 257
206 258
206 260
206 267
206 268
206 282
206 285
206 287
206 292
206 295
206 296
206 298
206 300
206 220
207 208
207 223
207 227
207 228
207 229
207 235
207 237
207 238
207 244
207 265
207 276
207 279
207 291
207 297
207 231
207 263
207 255
207 242
207 210
207 251
207 246
207 214
207 274
207 226
207 264
207 216
207 284
207 273
207 225
207 245
207 252
207 293
207 262
207 232
207 271
207 288
208 223
208 227
208 228
208 235
208 238
208 244
208 265
208 297
208 279
208 276
208 291
208 231
208 263
208 255
208 242
208 210
208 251
208 246
208 214
208 226
208 264
208 216
208 284
208 273
208 225
208 245
208 252
208 280
208 293
208 262
208 232
208 271
208 288
209 266
209 272
209 281
209 283
209 290
209 294
209 219
209 222
209 224
209 247
210 223
210 227
210 228
210 229
210 231
210 235
210 237
210 238
210 242
210 244
210 255
210 263
210 265
210 276
210 279
210 291
210 297
210 251
210 246
210 214
210 274
210 226
210 264
210 216
210 284
210 273
210 225
210 245
210 252
210 280
210 293
210 262
210 232
210 271
210 288
211 233
211 234
211 249
211 253
211 256
211 258
211 260
211 267
211 268
211 278
211 282
211 285
211 287
211 295
211 296
211 298
211 230
211 292
211 212
211 239
211 300
211 221
211 257
211 241
211 220
212 230
212 233
212 234
212 249
212 253
212 254
212 256
212 258
212 260
212 267
212 268
212 282
212 285
212 287
212 292
212 295
212 296
212 298
212 239
212 300
212 221
212 257
212 241
212 220
213 266
213 272
213 281
213 283
213 290
213 294
213 219
213 222
213 224
213 247
214 223
214 227
214 228
214 229
214 231
214 235
214 237
214 242
214 246
214 263
214 265
214 297
214 274
214 216
214 284
214 225
214 252
214 280
214 262
214 271
214 288
215 294
215 224
215 281
215 219
215 272
215 247
215 283
215 290
215 222
215 266
216 223
216 226
216 227
216 228
216 229
216 231
216 237
216 238
216 242
216 244
216 246
216 251
216 255
216 263
216 264
216 265
216 274
216 276
216 279
216 291
216 297
216 284
216 273
216 225
216 245
216 252
216 280
216 293
216 262
216 232
216 271
216 288
217 269
217 277
217 289
217 299
217 236
217 250
217 259
217 243
217 261
217 240
217 275
217 286
217 270
218 266
218 272
218 281
218 283
218 290
218 294
218 219
218 222
218 224
218 247
219 281
219 294
219 224
219 247
219 283
219 290
219 222
219 266
219 248
220 230
220 233
220 249
220 254
220 257
220 258
220 260
220 268
220 278
220 282
220 285
221 230
221 233
221 249
221 254
221 258
221 260
221 268
221 278
221 282
221 285
221 296
221 257
221 241
222 272
222 281
222 283
222 290
222 294
222 224
222 247
222 266
222 248
223 235
223 238
223 244
223 265
223 228
223 229
223 227
223 297
223 279
223 276
223 291
223 237
223 231
223 263
223 255
223 242
223 251
223 246
223 274
223 226
223 264
223 284
223 273
223 225
223 245
223 252
223 280
223 293
223 262
223 232
223 271
224 294
224 281
224 272
224 283
224 290
224 266
224 248
225 226
225 227
225 228
225 229
225 231
225 235
225 237
225 238
225 242
225 244
225 246
225 251
225 255
225 263
225 264
225 265
225 273
225 274
225 276
225 279
225 284
225 291
225 297
225 245
225 252
225 280
225 293
225 262
225 232
225 271
225 288
226 227
226 228
226 229
226 231
226 235
226 237
226 242
226 246
226 263
226 265
226 274
226 297
226 284
226 252
226 280
226 262
226 271
226 288
227 228
227 229
227 235
227 238
227 244
227 265
227 297
227 279
227 276
227 291
227 237
227 231
227 263
227 255
227 242
227 251
227 246
227 274
227 264
227 284
227 273
227 245
227 252
227 280
227 293
227 262
227 232
227 271
227 288
228 235
228 238
228 244
228 265
228 229
228 297
228 279
228 276
228 291
228 237
228 231
228 263
228 255
228 242
228 251
228 246
228 274
228 264
228 284
228 273
228 245
228 252
228 280
228 293
228 262
228 232
228 271
228 288
229 235
229 238
229 244
229 265
229 297
229 279
229 276
229 291
229 231
229 263
229 255
229 242
229 251
229 246
229 264
229 284
229 273
229 245
229 252
229 280
229 293
229 262
229 232
229 271
229 288
230 233
230 234
230 249
230 253
230 254
230 256
230 258
230 260
230 267
230 268
230 278
230 282
230 285
230 287
230 295
230 296
230 298
230 292
230 239
230 300
230 257
230 241
231 235
231 238
231 244
231 265
231 276
231 279
231 291
231 297
231 263
231 255
231 251
231 246
231 274
231 264
231 284
231 273
231 245
231 252
231 280
231 293
231 262
231 232
231 271
231 288
232 235
232 237
232 242
232 246
232 252
232 262
232 263
232 265
232 274
232 280
232 284
232 297
232 271
232 288
233 253
233 254
233 258
233 260
233 267
233 268
233 278
233 282
233 285
233 287
233 298
233 296
233 234
233 256
233 295
233 249
233 292
233 239
233 300
233 257
233 241
234 254
234 258
234 260
234 268
234 278
234 282
234 285
234 249
234 257
235 244
235 265
235 238
235 297
235 279
235 276
235 291
235 237
235 263
235 255
235 242
235 251
235 246
235 274
235 264
235 284
235 273
235 245
235 252
235 280
235 293
235 262
235 271
235 288
236 269
236 277
236 250
236 289
236 299
236 259
236 243
236 261
236 240
236 275
236 286
236 270
237 238
237 244
237 276
237 279
237 291
237 297
237 263
237 255
237 242
237 251
237 246
237 264
237 284
237 273
237 245
237 252
237 280
237 293
237 262
237 271
237 288
238 265
238 297
238 263
238 242
238 246
238 274
238 284
238 252
238 280
238 262
238 271
238 288
239 249
239 254
239 258
239 260
239 268
239 278
239 282
239 285
239 296
239 257
239 241
240 261
240 269
240 289
240 299
240 243
240 250
240 270
241 249
241 253
241 254
241 257
241 258
241 260
241 268
241 278
241 282
241 285
242 244
242 255
242 263
242 265
242 276
242 279
242 291
242 297
242 251
242 246
242 274
242 264
242 284
242 273
242 245
242 252
242 280
242 293
242 262
242 271
242 288
243 259
243 269
243 277
243 289
243 299
243 250
243 261
243 275
243 286
243 270
244 265
244 297
244 263
244 246
244 274
244 284
244 252
244 280
244 262
244 271
244 288
245 246
245 263
245 265
245 274
245 279
245 284
245 297
245 252
245 280
245 262
245 271
245 288
246 251
246 255
246 263
246 276
246 279
246 291
246 297
246 274
246 264
246 284
246 273
246 252
246 280
246 293
246 262
246 271
246 288
247 272
247 281
247 294
247 283
247 290
247 266
247 248
248 266
248 272
248 281
248 283
248 290
248 294
249 253
249 254
249 256
249 258
249 260
249 267
249 268
249 278
249 282
249 285
249 287
249 295
249 296
249 298
249 292
249 300
249 257
250 269
250 277
250 289
250 299
250 259
250 261
250 275
250 286
250 270
251 263
251 265
251 297
251 274
251 284
251 252
251 280
251 262
251 271
251 288
252 255
252 263
252 264
252 265
252 273
252 274
252 276
252 279
252 284
252 291
252 297
252 280
252 293
252 262
252 271
252 288
253 254
253 260
253 268
253 282
253 285
253 278
253 258
253 257
254 282
254 260
254 268
254 285
254 267
254 278
254 258
254 287
254 298
254 296
254 256
254 295
254 292
254 300
254 257
255 263
255 265
255 297
255 274
255 284
255 280
255 262
255 271
255 288
256 258
256 260
256 268
256 278
256 282
256 285
256 257
257 258
257 260
257 267
257 268
257 278
257 282
257 285
257 287
257 292
257 295
257 296
257 298
257 300
258 260
258 267
258 268
258 278
258 282
258 285
258 287
258 298
258 296
258 295
258 292
258 300
259 269
259 289
259 299
259 261
259 270
260 282
260 268
260 285
260 267
260 287
260 298
260 296
260 295
260 292
260 300
261 269
261 277
261 289
261 299
261 275
261 286
261 270
262 263
262 264
262 265
262 273
262 274
262 276
262 279
262 280
262 284
262 291
262 293
262 297
262 271
262 288
263 265
263 276
263 279
263 291
263 297
263 274
263 264
263 284
263 273
263 280
263 293
263 271
263 288
264 265
264 274
264 297
264 284
264 280
264 271
264 288
265 297
265 279
265 276
265 291
265 274
265 284
265 273
265 280
265 293
265 271
265 288
266 272
266 281
266 283
266 290
266 294
267 268
267 282
267 285
267 278
268 282
268 285
268 278
268 287
268 298
268 296
268 295
268 292
268 300
269 277
269 289
269 299
269 275
269 286
269 270
270 277
270 275
270 286
270 289
270 299
271 273
271 274
271 276
271 279
271 280
271 284
271 291
271 293
271 297
271 288
272 281
272 294
272 283
272 290
273 274
273 284
273 297
273 280
273 288
274 276
274 279
274 291
274 297
274 284
274 280
274 293
274 288
275 289
275 299
276 297
276 284
276 280
276 288
277 289
277 299
278 282
278 285
278 287
278 298
278 296
278 295
278 292
278 300
279 297
279 284
279 280
279 288
280 284
280 291
280 297
280 293
280 288
281 294
281 283
281 290
282 285
282 287
282 298
282 296
282 295
282 292
282 300
283 294
283 290
284 291
284 297
284 293
284 288
285 287
285 298
285 296
285 295
285 292
285 300
286 289
286 299
288 291
288 293
288 297
289 299
290 294
291 297
293 297
296 298
296 300
