heur050_n_300_m_19207
1 158
2 158
4 121
4 276
4 94
8 158
9 292
9 218
10 291
12 82
14 247
15 107
15 131
17 101
17 295
19 47
21 103
22 292
23 290
23 141
24 187
24 200
25 45
26 198
27 92
28 270
28 280
31 45
35 291
36 175
37 156
37 150
38 177
42 296
42 297
42 119
43 101
43 295
44 258
44 263
44 299
44 191
45 277
45 221
48 98
48 164
52 265
52 239
53 296
53 297
54 63
54 60
55 188
55 286
56 97
56 236
56 225
59 161
59 258
59 299
59 263
59 191
61 214
61 120
62 185
67 169
67 261
67 149
67 93
68 228
71 139
71 108
72 255
73 100
74 139
74 108
75 179
75 230
78 211
78 238
79 169
79 261
79 149
79 93
83 203
85 180
85 130
86 268
87 255
89 152
90 137
91 193
92 154
92 170
93 261
93 169
95 294
95 243
96 281
97 236
98 164
99 293
99 197
101 295
102 174
102 151
102 216
103 183
105 151
105 216
107 262
108 139
109 199
110 293
111 152
111 259
112 154
112 170
113 229
113 285
114 274
115 168
115 287
116 226
116 217
117 196
117 132
117 246
118 165
118 176
119 296
119 297
122 190
122 163
124 295
126 133
129 295
130 180
131 262
132 246
134 245
139 273
142 270
142 280
143 270
143 280
145 257
146 298
146 267
149 261
152 259
156 206
156 223
161 263
161 258
161 299
166 222
166 244
166 219
168 275
169 261
172 256
175 254
177 207
183 232
191 258
191 263
196 246
197 293
209 300
215 256
218 292
221 277
229 285
233 278
234 257
235 251
239 265
240 288
242 278
243 294
263 299
267 298
275 287
