heur034_n_345_m_6830
1 81
2 168
2 159
3 229
3 108
4 101
5 321
7 118
8 322
8 207
8 169
9 226
9 283
10 135
10 67
12 33
12 293
12 112
14 21
15 142
15 105
15 329
16 224
17 238
18 331
18 76
19 128
19 291
19 70
20 299
20 85
22 297
22 52
22 91
23 239
24 302
25 147
25 171
26 316
26 123
27 295
27 294
28 144
29 153
30 160
30 97
30 86
31 74
31 335
33 293
35 77
35 119
37 172
38 60
38 151
39 69
40 213
41 272
41 323
41 227
42 130
42 198
43 90
43 280
44 334
45 221
46 216
46 325
47 285
47 122
48 78
49 321
52 297
54 194
54 244
54 167
55 75
55 278
56 318
57 166
58 200
58 186
59 263
59 114
60 151
61 152
62 220
63 125
64 290
67 135
70 210
70 128
70 291
71 180
71 218
71 203
72 288
72 275
75 278
76 331
77 119
79 233
79 343
80 89
80 230
80 165
81 140
81 256
84 96
84 260
86 160
87 337
87 241
87 237
89 165
90 280
91 297
92 317
93 113
94 202
94 124
96 260
97 160
98 117
98 232
98 228
99 296
100 320
100 276
103 201
104 309
105 142
105 329
106 313
106 141
106 217
107 245
108 229
109 258
110 145
111 161
112 293
114 263
115 298
117 232
117 228
120 248
120 236
122 285
124 202
125 193
126 303
128 210
128 291
129 174
129 181
129 342
129 282
129 188
129 254
130 198
131 333
133 332
134 199
136 224
138 190
138 345
138 284
141 313
141 217
142 329
143 176
143 155
147 171
148 277
149 262
155 176
158 250
158 163
159 168
162 223
163 250
165 230
167 194
167 244
169 322
169 207
173 266
173 195
173 242
173 267
174 181
174 282
174 342
174 254
174 188
175 292
177 249
177 287
178 257
179 277
181 282
181 342
181 254
181 188
182 341
182 222
182 279
183 206
184 338
186 200
187 308
188 282
189 197
189 235
189 289
190 284
191 304
194 244
195 266
195 242
195 267
196 208
197 235
197 289
203 218
204 330
205 286
207 322
210 291
211 234
212 231
214 318
215 344
216 325
217 313
219 310
222 341
222 279
222 301
225 305
226 336
226 283
227 272
227 323
233 343
235 289
236 248
237 337
237 241
240 328
240 300
242 266
242 267
243 264
249 287
252 281
252 340
254 282
265 311
266 267
268 277
271 326
272 323
275 288
276 320
279 341
279 301
281 340
282 342
283 336
284 345
294 295
300 328
301 341
307 324
315 319
