heur006_n_180_m_6067
1 50
1 115
1 118
1 122
2 118
2 122
2 50
3 125
4 96
4 132
4 102
4 93
4 95
4 108
4 159
5 60
5 142
5 55
5 24
5 155
5 46
6 118
6 122
6 50
7 68
8 162
8 69
8 81
8 23
8 111
9 134
9 110
9 146
9 176
9 43
9 173
9 97
11 25
11 26
11 141
11 78
12 105
12 51
12 52
12 94
12 80
12 101
12 136
12 47
13 105
13 51
13 52
13 94
13 80
13 101
13 136
13 47
14 66
14 177
14 114
14 85
14 89
14 30
15 31
15 74
15 178
15 32
15 150
15 38
15 137
15 56
15 75
16 69
16 81
16 162
16 111
17 69
17 81
17 162
17 111
18 28
18 55
18 60
18 29
18 155
18 142
18 24
18 46
19 138
19 58
19 73
19 70
19 149
20 31
20 74
20 178
20 32
20 150
20 38
20 137
20 56
20 75
20 22
21 69
21 81
21 162
21 23
21 111
22 137
22 150
23 162
23 81
24 60
24 142
24 180
24 55
24 155
24 63
25 141
25 124
26 141
27 128
27 135
27 49
27 59
27 157
28 55
28 60
28 63
28 180
28 155
28 142
28 46
29 180
29 155
29 142
30 66
30 177
30 85
30 89
31 150
31 137
31 75
32 178
32 150
32 137
32 75
33 163
33 179
33 57
33 92
33 113
34 96
34 158
34 95
34 102
34 93
34 132
34 108
34 159
35 104
35 153
35 154
35 147
35 120
36 77
36 144
36 171
37 165
37 48
37 123
37 61
37 64
38 178
38 150
38 56
38 75
39 67
39 144
39 99
39 88
40 144
40 88
41 144
41 88
41 171
41 79
42 133
42 166
42 107
42 127
42 100
42 160
43 130
43 134
43 176
44 144
44 88
44 171
44 79
45 168
45 169
45 87
45 131
46 142
46 155
47 136
47 80
48 165
48 123
49 106
50 122
51 105
51 117
51 101
51 136
52 80
52 136
53 144
53 171
54 112
54 103
54 145
54 151
54 86
54 161
55 155
55 142
56 137
56 150
56 75
57 98
57 163
57 82
57 92
58 91
58 138
58 149
59 157
59 106
59 135
60 180
60 155
60 142
61 165
61 123
62 163
62 82
62 148
63 155
63 142
64 123
65 134
65 146
65 176
65 97
66 114
66 89
67 144
67 88
67 171
67 79
69 81
69 162
69 111
70 138
70 91
70 149
71 166
71 107
71 174
71 127
71 100
71 160
72 143
72 164
73 138
73 149
74 150
75 137
75 178
76 126
76 90
77 116
77 144
77 99
77 171
78 141
78 124
79 116
80 94
80 101
81 162
81 111
82 98
82 163
82 92
83 121
84 90
85 177
86 103
86 109
86 112
86 145
86 129
86 161
88 99
88 144
88 116
88 171
89 177
91 149
92 163
92 179
93 102
93 132
93 108
94 105
94 117
94 101
94 136
95 102
95 132
95 108
96 158
96 102
96 108
97 130
97 134
97 146
98 163
98 179
98 148
99 144
100 133
100 166
100 174
100 175
100 127
100 160
101 136
102 158
102 132
102 159
103 151
103 129
103 161
104 172
104 154
104 147
105 136
106 128
106 157
106 135
107 133
107 166
107 174
107 175
107 160
108 132
108 158
108 159
109 145
109 151
109 161
110 130
110 134
110 146
110 176
111 162
112 145
112 151
112 161
113 163
113 148
116 144
117 136
119 133
119 166
119 160
120 147
121 167
123 165
124 141
127 166
127 174
127 175
127 160
129 151
129 161
130 176
130 173
133 166
133 174
133 175
133 160
135 157
137 178
137 150
142 180
144 171
145 151
150 178
155 180
160 174
160 175
163 179
166 174
166 175
