heur014_n_300_m_14191
3 178
4 18
5 125
5 269
6 147
6 100
6 238
6 15
7 254
7 184
8 255
9 194
10 152
10 276
11 135
11 145
11 37
11 212
12 280
12 83
12 246
12 79
13 197
14 277
15 100
15 147
15 238
15 290
15 209
15 39
16 173
16 190
16 296
16 159
19 228
19 109
20 35
20 196
20 178
20 240
22 253
22 127
22 85
22 144
22 110
23 76
23 263
23 132
24 196
24 240
25 154
25 155
26 66
26 243
26 149
27 180
27 88
27 54
28 293
28 162
29 72
29 131
29 101
29 99
29 224
29 217
30 84
30 231
30 284
30 267
31 248
31 195
32 169
32 165
33 155
34 69
35 196
35 178
36 203
36 239
37 135
38 271
39 290
39 100
39 238
39 147
40 57
40 199
41 234
42 133
42 153
42 216
43 167
43 241
43 107
44 111
44 140
48 114
48 259
48 260
49 114
49 259
49 260
50 168
51 248
51 195
54 180
55 103
56 254
56 184
57 142
57 199
57 161
58 125
59 166
59 219
59 295
62 125
62 269
63 210
63 274
63 104
66 237
66 243
67 116
67 103
68 221
68 98
68 91
68 102
72 99
72 224
72 217
73 247
76 263
76 261
76 182
78 204
78 92
79 280
81 130
81 233
81 171
81 93
81 262
83 280
84 226
84 231
84 267
85 253
85 144
85 110
86 219
87 190
87 296
87 159
88 180
89 93
89 233
89 262
91 128
91 98
91 270
91 221
91 102
92 204
93 130
93 171
94 235
94 175
97 169
98 221
98 270
99 131
99 224
99 217
100 147
100 290
100 209
101 224
101 217
102 128
102 270
102 221
103 116
104 210
104 274
105 213
106 214
106 215
107 241
107 220
108 136
108 121
108 172
108 164
110 144
110 253
110 127
111 140
112 288
112 193
113 176
114 259
114 260
115 202
117 133
117 216
119 266
119 202
120 244
120 282
124 265
125 269
126 153
126 216
127 253
128 221
130 171
130 233
130 262
131 224
131 217
133 216
135 145
135 212
136 172
138 188
138 189
139 174
139 297
139 249
142 199
142 161
143 174
143 297
143 249
144 253
145 212
147 238
147 209
149 237
149 243
151 211
151 222
153 216
159 296
159 173
159 190
164 172
166 219
166 252
166 295
167 241
170 287
170 186
171 233
173 190
173 296
174 297
178 196
178 240
181 218
181 277
182 261
182 263
183 300
184 254
187 248
188 189
189 236
191 251
192 255
193 288
194 286
195 248
196 240
198 256
202 266
205 242
205 268
206 278
206 274
208 230
209 290
209 238
210 278
211 222
213 291
217 224
218 277
219 295
225 256
226 284
226 267
227 242
227 268
229 256
231 284
231 267
232 294
233 262
237 243
238 290
244 282
246 280
247 271
249 297
252 295
264 281
274 278
288 298
