heur012_n_250_m_20035
3 167
3 47
3 115
4 118
4 159
4 122
6 39
6 41
6 42
6 106
6 71
6 160
7 66
9 69
10 170
11 154
11 30
12 166
12 123
14 166
14 34
14 123
15 115
16 66
16 156
18 166
18 34
18 112
18 123
19 66
20 166
20 34
20 112
20 91
20 123
21 162
21 107
22 67
22 37
22 38
22 169
22 51
22 119
22 56
22 155
23 166
23 34
23 112
23 123
24 170
25 170
26 72
26 137
26 116
26 64
26 192
26 127
26 149
26 248
27 209
27 212
27 183
28 162
28 107
28 179
28 185
29 207
29 60
29 59
30 195
30 198
30 65
30 154
30 224
31 230
31 235
31 61
31 152
31 94
31 101
32 100
32 83
32 62
32 74
33 161
34 197
34 166
34 250
34 112
34 239
35 70
35 170
35 233
36 104
36 105
36 202
36 108
36 109
36 111
36 113
36 54
36 237
36 225
36 171
37 67
37 227
37 169
37 51
37 119
37 155
37 56
38 128
38 129
38 67
38 227
38 169
38 51
38 119
38 155
38 56
39 106
39 71
39 160
39 134
40 103
40 110
40 151
40 158
40 242
40 204
40 236
41 181
41 106
41 71
41 160
41 134
42 106
42 71
42 160
42 134
43 96
43 173
43 175
43 176
43 177
43 114
43 75
44 209
44 212
45 162
45 107
45 179
45 178
46 207
46 59
46 188
46 60
47 199
47 136
47 167
47 130
47 187
47 115
48 230
48 235
48 152
48 61
48 94
48 101
49 104
49 105
49 109
49 111
49 113
49 108
49 54
49 202
49 237
49 171
50 234
53 93
54 202
54 225
55 90
55 85
57 90
57 85
58 90
58 85
59 98
59 99
59 207
60 98
60 99
60 207
61 82
61 94
62 100
62 79
62 83
62 89
62 80
63 184
63 219
65 205
65 224
66 156
67 128
67 129
68 93
69 200
69 206
69 223
70 211
73 196
73 93
74 100
74 79
74 80
74 83
74 89
75 96
75 175
75 88
77 161
78 161
82 152
85 228
85 174
85 124
86 157
86 121
87 167
87 115
88 173
88 114
88 189
90 228
90 174
90 124
92 229
93 196
93 240
93 244
93 247
93 193
94 152
94 101
95 130
95 115
96 114
96 189
97 121
101 230
101 235
102 143
103 204
104 202
104 225
105 202
105 225
107 201
107 179
107 178
108 202
108 225
109 202
109 225
110 204
111 202
111 225
113 202
113 225
114 176
114 177
115 130
115 199
115 136
115 187
116 192
116 127
116 149
117 133
118 194
118 203
118 216
118 217
118 218
118 220
118 221
118 222
118 190
120 133
121 143
122 203
122 216
122 217
122 218
122 220
122 221
122 222
123 197
124 228
125 184
125 219
128 169
129 169
129 155
130 167
134 160
136 167
139 156
150 163
151 204
153 244
153 238
153 232
153 240
153 193
153 213
154 195
154 224
155 227
158 204
158 236
159 203
159 216
159 217
159 218
159 220
159 221
159 222
162 201
163 241
163 210
163 208
166 197
167 199
167 187
169 227
170 233
170 211
171 202
172 244
172 247
172 238
172 232
172 240
172 196
172 193
174 228
185 201
190 218
190 222
200 206
200 223
