heur032_n_330_m_9770
1 94
3 252
3 53
4 133
4 292
7 89
8 244
10 288
10 109
11 234
12 329
14 173
15 130
15 294
15 206
16 297
16 186
17 95
18 312
18 176
20 164
21 283
25 198
25 207
26 301
26 308
27 276
28 132
30 177
30 305
33 218
33 238
33 223
35 307
38 133
38 292
39 213
39 158
40 288
41 247
41 326
41 324
42 184
42 300
43 232
43 197
44 317
45 303
46 287
47 187
48 145
48 161
48 243
49 69
49 115
49 94
50 222
52 281
52 61
53 252
54 242
54 157
55 154
55 100
55 246
56 253
56 167
56 91
57 211
58 278
58 280
61 281
62 239
63 225
63 200
65 249
67 90
68 260
68 87
69 94
71 320
73 326
73 247
73 324
74 198
74 207
75 289
77 214
78 264
80 144
80 224
80 262
81 105
81 227
81 220
81 270
82 296
82 328
85 251
85 148
86 295
87 260
91 253
91 167
93 192
94 115
96 146
97 201
97 304
98 257
99 228
99 229
100 154
100 246
101 258
101 299
102 155
102 236
103 165
104 138
104 205
105 270
105 220
109 288
111 276
112 129
112 323
113 168
113 309
114 255
118 147
119 254
119 319
119 233
119 190
120 264
121 303
122 289
123 131
123 188
123 269
124 221
128 216
128 284
128 277
128 314
129 323
130 139
130 294
130 206
131 188
131 269
133 292
134 237
135 242
135 157
137 228
137 229
138 205
139 294
139 206
140 315
140 330
140 174
141 302
144 262
145 161
145 243
147 156
148 162
148 251
149 217
150 265
151 159
152 310
153 313
154 246
158 213
160 214
162 251
166 307
167 253
168 309
169 318
169 263
169 267
169 261
170 291
170 215
171 180
171 183
174 330
174 315
176 312
177 305
178 192
180 183
181 282
182 203
184 300
186 297
189 219
190 319
190 254
191 199
193 327
194 256
197 232
198 207
200 225
201 304
206 294
210 293
215 291
216 284
216 277
216 314
217 235
218 238
220 270
220 227
223 238
224 262
226 306
231 325
233 254
247 326
247 324
250 316
254 319
261 267
261 318
263 318
266 325
267 318
274 286
277 284
284 314
