heur017_n_300_m_15641
1 252
1 80
2 161
2 156
2 167
2 260
2 266
2 94
2 214
2 240
2 200
3 102
4 131
4 134
4 201
4 233
4 61
5 120
6 176
6 171
6 180
7 81
9 292
9 293
9 168
9 300
9 63
9 248
10 128
11 97
11 178
12 223
12 198
13 112
13 113
13 111
13 298
15 100
15 103
15 127
15 143
16 152
17 265
17 267
17 75
18 66
19 67
19 157
20 280
20 207
20 208
21 207
21 208
21 280
22 129
22 70
23 187
23 230
24 164
24 228
24 124
25 258
25 145
25 149
26 129
26 147
27 292
27 293
27 300
27 63
28 129
28 147
28 70
29 197
29 211
29 119
29 216
29 121
29 173
31 151
32 130
32 220
32 115
34 209
34 212
35 89
35 90
36 58
36 84
36 182
37 151
37 291
38 88
38 105
38 106
39 204
39 196
39 174
40 192
40 236
40 144
40 270
40 87
41 263
41 172
41 150
41 95
41 104
42 120
43 209
43 212
44 102
45 225
45 241
45 181
45 184
45 190
47 68
47 136
47 140
48 177
48 178
48 237
48 97
48 175
49 102
50 260
50 266
50 240
50 156
50 94
50 200
51 130
51 273
51 115
51 246
51 218
51 220
52 145
52 149
52 258
53 102
55 159
55 85
56 159
56 85
57 80
57 252
58 84
58 221
58 182
60 123
61 135
61 201
61 233
62 136
62 140
63 300
64 269
64 277
64 239
65 169
67 157
68 136
68 140
69 210
70 147
72 86
72 284
72 125
73 213
74 213
75 267
75 265
76 253
78 187
78 230
79 213
80 252
81 264
82 226
82 227
83 297
83 238
84 221
84 182
86 290
86 284
86 139
87 192
87 236
87 270
87 144
91 169
93 257
93 251
93 142
93 235
93 255
94 260
94 167
94 266
94 214
95 263
95 172
95 150
95 170
96 289
96 286
97 237
97 250
98 289
98 286
99 153
100 143
101 215
104 263
104 170
104 172
104 150
107 243
107 261
107 262
108 152
109 191
112 298
114 231
114 205
115 273
115 246
115 218
115 220
116 261
116 262
116 243
118 219
119 211
119 173
120 278
121 197
121 211
121 216
121 173
122 153
124 164
124 228
124 148
125 290
125 284
126 137
126 199
126 194
126 288
127 143
129 147
130 220
130 246
130 218
130 273
131 201
131 233
132 179
132 155
132 296
133 153
134 233
135 201
138 232
139 290
139 284
141 277
141 269
142 256
142 257
142 251
142 235
142 255
144 192
144 236
144 270
145 258
146 281
146 279
148 228
149 258
150 263
150 172
150 170
151 203
151 291
154 276
155 179
156 266
156 214
156 240
158 232
158 222
161 260
161 214
161 240
162 189
162 206
163 234
163 193
164 228
165 177
165 178
165 175
166 183
167 260
167 266
168 292
168 293
168 300
170 263
172 263
174 196
175 250
177 250
178 250
179 296
186 275
186 268
194 288
199 288
200 260
200 266
202 299
202 294
202 295
203 291
207 280
208 280
214 260
214 266
217 259
218 273
220 273
229 291
235 256
235 257
235 251
235 255
236 270
237 250
238 297
238 283
239 277
239 269
240 260
240 266
243 261
243 262
245 259
247 279
247 285
248 292
248 293
248 300
