heur028_n_330_m_3253
1 261
1 45
1 184
2 160
2 193
2 221
2 317
2 191
3 184
3 261
4 134
4 296
4 330
4 306
4 311
5 166
5 234
5 152
5 93
5 63
6 319
6 157
6 196
7 158
8 323
8 324
8 325
8 327
8 179
8 52
8 211
9 96
9 259
9 141
9 94
9 214
9 200
9 229
10 145
10 289
10 260
10 164
11 73
11 155
11 113
11 77
12 165
12 315
13 165
13 315
14 72
14 74
14 139
15 40
15 177
15 142
16 297
16 30
17 99
17 180
17 181
17 174
18 158
19 168
19 206
19 80
19 209
19 208
19 84
20 322
20 51
20 53
20 91
20 92
21 99
21 174
21 180
21 181
22 195
22 47
22 118
22 128
23 99
23 174
23 180
23 181
24 96
24 259
24 141
24 94
24 214
24 200
24 229
25 292
25 236
25 95
25 132
25 54
26 226
26 265
26 299
26 172
26 268
26 282
26 186
26 135
26 235
27 330
27 306
27 311
27 134
27 296
28 292
28 95
28 236
28 132
28 54
29 292
29 95
29 236
29 132
29 54
30 297
31 161
31 295
31 169
31 140
31 241
32 224
32 44
32 272
32 147
32 183
32 185
33 109
33 285
34 210
34 127
34 197
34 216
34 314
35 130
35 170
35 100
36 322
36 51
36 53
36 91
36 92
36 68
37 322
37 51
37 53
37 91
37 92
37 68
38 300
39 192
39 124
39 171
40 177
40 142
41 198
41 231
41 106
41 237
41 189
41 111
42 326
42 115
42 187
42 262
43 109
43 285
44 224
44 183
44 185
44 272
44 147
45 184
45 261
46 158
47 195
47 118
47 128
48 78
48 58
49 64
49 175
49 144
49 60
49 249
49 328
50 320
50 238
50 240
50 278
50 279
50 188
50 228
50 212
50 125
50 280
51 322
51 68
52 323
52 324
52 325
52 327
52 179
52 211
53 322
53 68
54 292
54 132
54 236
55 225
55 227
55 136
55 117
56 225
56 227
56 136
56 117
57 225
57 227
57 136
57 117
58 131
58 78
58 87
58 88
59 82
59 126
59 190
60 175
60 249
60 328
61 81
61 239
62 201
63 166
63 93
63 152
63 234
64 175
64 249
64 328
65 81
65 239
66 81
66 239
67 129
67 251
67 318
67 156
68 322
68 91
68 92
69 114
70 256
70 258
70 199
70 173
70 253
70 266
71 245
71 223
72 139
74 139
75 85
75 153
75 154
75 159
75 176
76 198
76 231
76 106
76 237
76 189
76 111
77 113
77 155
78 131
78 87
78 88
80 168
80 206
80 208
80 209
80 84
81 110
81 239
82 190
83 148
84 168
84 206
84 209
84 208
85 153
85 154
85 159
85 176
86 288
86 290
86 219
86 286
86 287
86 167
89 269
89 271
89 146
89 246
89 116
89 151
90 233
90 182
90 312
91 322
92 322
93 166
93 152
93 234
94 141
94 259
94 214
94 200
94 229
95 292
95 236
95 132
96 259
96 141
96 214
96 200
96 229
97 232
97 243
97 207
97 321
97 250
98 103
98 302
99 174
100 170
100 130
101 149
101 220
101 119
101 248
101 255
102 274
102 267
102 230
102 305
103 302
104 276
104 294
104 275
105 276
105 294
105 275
106 198
106 231
106 237
106 111
107 257
107 263
107 264
107 222
107 303
107 217
107 213
108 114
109 285
110 239
111 198
111 231
111 237
111 189
112 202
112 203
112 204
112 205
112 247
112 301
112 281
115 326
115 187
115 262
116 269
116 271
116 146
116 246
116 151
117 225
117 227
117 136
118 195
118 128
119 149
119 220
119 248
119 255
120 218
121 218
122 291
122 273
122 308
122 309
122 310
122 316
123 218
124 192
124 171
125 320
125 228
125 238
125 240
125 212
125 278
125 279
125 188
125 280
126 190
127 197
127 216
127 314
128 195
129 251
129 318
129 156
132 292
132 236
133 252
133 304
134 330
134 306
134 311
134 296
135 226
135 186
135 265
135 299
135 172
135 268
135 282
135 235
136 225
136 227
137 244
138 150
140 161
140 241
140 295
140 169
141 259
141 214
141 200
141 229
142 177
143 276
143 294
143 275
144 175
144 249
144 328
145 289
145 260
145 164
146 269
146 271
146 246
146 151
147 224
147 272
147 183
147 185
149 220
149 248
149 255
151 269
151 271
151 246
152 166
153 159
153 176
154 159
154 176
156 251
156 318
157 319
157 196
159 176
160 193
160 221
160 317
160 191
161 295
161 169
162 242
162 284
162 283
163 329
163 215
164 260
164 289
165 315
166 234
167 288
167 290
167 219
167 286
167 287
169 295
169 241
171 192
172 226
172 186
172 265
172 299
172 268
172 282
172 235
173 256
173 258
173 199
173 253
173 266
174 180
174 181
175 249
175 328
178 244
179 323
179 324
179 325
179 327
179 211
182 233
182 312
183 272
184 261
185 272
186 282
186 299
186 235
187 326
187 262
188 320
188 238
188 240
188 278
188 279
188 212
188 280
189 198
189 237
191 221
191 317
193 221
193 317
194 270
194 307
194 298
196 319
197 210
197 216
197 314
198 231
199 256
199 258
199 253
199 266
200 259
200 214
200 229
202 247
202 301
202 281
203 247
203 301
203 281
204 301
204 281
205 301
205 281
207 232
207 243
207 321
207 250
210 216
210 314
211 323
211 324
211 325
211 327
212 320
212 228
212 238
212 240
212 278
212 279
212 280
213 257
213 263
213 264
213 303
213 222
214 259
214 229
215 329
216 314
217 263
217 264
217 303
217 222
219 288
219 290
219 286
219 287
220 248
220 255
221 317
222 303
223 245
224 272
226 282
226 299
226 235
228 320
228 238
228 240
228 278
228 279
228 280
229 259
230 274
230 305
232 243
232 321
232 250
233 312
235 265
235 299
235 268
235 282
236 292
241 295
243 321
243 250
246 269
246 271
247 301
247 281
248 255
249 328
250 321
251 318
252 304
253 266
256 266
258 266
260 289
262 326
263 303
264 303
265 282
265 299
267 274
267 305
268 282
268 299
270 298
273 308
273 309
273 291
274 305
275 294
276 294
277 313
281 301
282 299
291 308
291 309
291 310
291 316
296 330
296 306
296 311
298 307
