heur031_n_330_m_7270
1 194
1 245
2 96
2 307
2 252
2 253
3 304
3 306
3 217
3 92
3 328
4 178
4 242
4 215
5 276
5 106
5 170
5 329
6 291
6 167
6 155
6 165
6 305
7 255
8 323
8 15
8 136
9 162
9 172
9 175
9 116
9 277
9 318
10 258
10 176
10 244
11 214
11 86
11 287
11 256
11 313
12 224
12 213
12 216
13 156
14 290
14 327
14 298
14 273
14 160
14 144
14 93
14 166
14 309
15 323
15 136
16 33
16 124
16 47
17 224
17 213
17 216
18 258
18 176
18 244
19 232
19 312
19 168
20 53
21 124
21 49
21 47
22 124
22 49
22 47
23 124
23 49
23 47
24 243
24 259
25 238
25 150
26 124
26 49
26 47
27 238
27 150
28 322
28 169
28 300
28 269
28 270
28 282
28 274
29 195
29 239
30 209
30 293
30 180
30 183
31 192
31 103
31 320
32 57
32 140
33 124
33 49
33 47
34 198
35 209
35 293
35 180
35 183
36 198
37 177
37 181
37 58
38 235
38 135
38 281
39 98
39 200
39 203
39 109
39 207
40 308
40 164
40 257
41 164
41 308
41 257
42 253
42 252
42 96
42 307
43 308
43 164
43 257
44 271
44 112
44 151
44 152
44 188
44 225
44 283
45 111
46 263
51 211
52 279
52 223
54 221
55 221
56 128
56 226
56 163
56 72
58 65
58 177
59 123
59 249
60 321
60 196
61 321
61 196
62 321
62 196
63 239
63 195
63 76
64 236
64 204
64 127
65 181
65 177
66 268
66 231
67 294
68 178
68 242
68 215
69 137
69 179
69 139
70 255
71 172
71 175
71 318
71 162
71 277
72 128
72 163
72 94
72 226
73 218
74 268
74 231
75 132
75 134
75 247
76 239
76 195
77 154
77 205
78 111
79 97
79 324
79 295
80 324
80 295
80 97
81 218
82 109
82 207
82 200
82 203
82 98
83 170
83 106
83 276
83 329
84 137
84 179
84 139
86 214
86 287
86 256
86 313
87 90
87 288
87 110
88 222
89 153
89 317
89 246
90 288
90 110
91 325
91 326
92 304
92 217
92 306
92 328
93 160
93 290
93 327
93 298
93 144
93 273
93 166
93 309
94 128
94 163
94 226
95 240
95 250
95 285
96 117
96 252
96 253
96 307
97 324
97 119
97 295
98 200
98 203
98 109
98 207
99 157
100 299
101 299
102 262
103 192
103 320
104 266
105 267
106 276
106 170
106 329
108 303
108 280
109 207
109 200
109 203
110 288
112 271
112 188
112 225
112 283
113 303
113 280
115 238
115 150
116 172
116 175
116 318
116 277
117 252
117 253
117 307
118 255
119 324
119 295
120 251
121 234
121 191
122 241
122 278
123 141
123 249
125 251
126 272
127 236
128 226
129 148
129 201
129 254
129 261
130 187
130 260
130 264
131 316
131 185
132 247
133 147
133 143
134 247
135 235
135 281
136 323
138 157
138 182
141 249
142 210
142 212
142 229
144 160
144 290
144 327
144 298
144 273
144 166
144 309
146 208
148 254
148 201
148 261
149 248
149 319
150 238
151 225
151 283
152 271
152 225
152 283
153 246
153 317
154 205
155 291
155 167
155 165
155 305
157 182
158 315
158 284
159 184
159 186
159 286
159 265
160 290
160 327
160 298
160 273
160 166
160 309
161 206
162 175
162 172
162 318
162 277
163 226
164 308
164 257
165 291
165 305
166 290
166 327
166 309
167 291
167 305
168 232
168 312
169 300
169 269
169 270
169 322
169 282
169 274
170 276
170 329
171 316
171 185
172 318
172 277
173 190
173 292
173 193
174 297
174 301
174 220
174 189
174 228
175 318
175 277
176 258
176 244
178 242
180 209
180 293
180 183
183 293
183 209
184 202
184 286
185 316
186 202
186 286
187 260
187 264
188 283
189 297
189 220
189 301
190 292
192 320
193 292
194 245
196 321
200 207
201 254
201 261
202 265
203 207
204 236
209 293
210 229
212 229
213 224
214 287
214 313
215 242
216 224
217 304
217 306
217 328
219 237
220 297
220 301
220 228
223 279
225 271
225 283
227 314
227 302
228 297
228 301
235 281
240 250
243 259
244 258
246 317
248 319
250 285
252 307
253 307
256 287
256 313
257 308
265 286
269 322
269 282
270 322
270 282
271 283
273 290
273 298
273 327
274 322
274 300
274 282
276 329
280 303
282 300
284 315
287 313
290 298
290 309
291 305
295 324
298 327
300 322
304 328
306 328
309 327
