heur049_n_300_m_17695
1 258
1 73
1 266
1 153
1 260
2 280
2 218
2 82
3 38
3 167
3 231
3 78
4 168
4 174
4 118
4 120
4 219
4 216
5 210
5 287
6 122
6 123
6 132
6 127
6 138
7 193
7 139
7 259
8 218
9 160
9 135
9 75
10 147
11 34
11 69
11 234
11 45
11 145
11 179
11 85
11 88
11 89
11 90
12 77
14 296
14 235
14 243
14 246
14 28
15 147
16 98
16 39
16 146
16 150
16 37
16 29
17 188
18 109
18 113
18 114
18 100
18 41
18 40
18 241
19 74
19 188
20 100
20 299
20 109
20 113
20 114
20 241
21 162
21 53
22 300
22 187
22 178
23 34
23 69
23 45
23 179
23 85
23 278
23 88
23 89
23 90
23 62
23 145
24 128
24 30
25 224
25 226
25 112
26 289
26 252
26 152
26 42
27 184
27 228
28 235
28 243
28 246
28 296
29 98
29 181
30 128
30 121
31 163
31 107
31 87
34 234
34 179
34 85
34 278
34 88
34 89
34 90
35 83
35 208
36 194
36 200
36 110
36 189
36 190
36 169
36 166
37 98
37 181
38 167
38 231
38 78
39 98
39 146
39 150
39 181
40 100
40 293
40 299
40 109
40 113
40 241
41 100
41 293
41 299
41 109
41 113
41 114
41 241
42 289
42 102
42 252
44 236
44 186
44 273
45 234
45 85
45 278
45 88
45 89
45 90
45 179
46 281
46 185
46 172
46 214
46 282
47 281
47 185
47 172
47 282
48 163
48 87
49 281
49 185
49 172
49 214
49 282
50 161
50 232
50 154
50 80
50 268
50 198
51 281
51 172
51 214
51 185
51 282
52 245
52 249
52 250
52 93
52 137
53 162
54 76
54 79
54 279
54 105
55 131
55 297
55 171
55 175
55 92
55 94
56 297
56 171
56 143
56 92
56 140
56 175
57 194
57 200
57 110
57 189
57 190
57 169
57 166
58 125
58 126
58 158
59 215
61 100
61 299
61 109
61 113
61 114
61 293
61 241
62 234
62 85
62 278
62 88
62 90
62 89
62 179
62 145
63 290
63 165
63 253
63 254
63 255
63 242
64 251
67 163
67 107
67 87
68 293
68 299
68 241
69 234
69 85
69 278
69 88
69 90
69 89
69 179
70 131
70 297
70 171
70 175
70 92
70 94
71 131
71 297
71 171
71 92
71 94
71 175
72 194
72 200
72 110
72 189
72 190
72 169
72 166
73 258
73 261
73 266
73 269
73 153
73 276
73 260
74 188
75 160
75 135
75 215
76 105
77 283
78 231
78 167
80 161
80 232
80 154
80 268
80 198
81 257
82 218
83 136
83 208
83 155
84 193
84 203
84 207
84 191
84 139
84 259
85 234
85 179
86 106
87 163
88 278
88 179
88 145
89 234
90 234
90 278
90 145
91 264
91 298
92 131
92 171
92 297
92 143
92 140
92 175
93 245
93 249
93 250
93 137
94 131
94 171
94 297
94 143
94 140
94 175
95 213
96 213
96 256
97 213
97 256
98 146
98 150
98 181
99 256
100 299
100 293
100 241
101 262
101 263
101 264
101 265
101 267
101 183
102 289
102 252
102 152
104 213
104 256
105 279
107 163
108 292
109 299
109 293
109 241
110 194
110 190
110 169
110 166
111 240
111 233
111 124
111 142
111 220
112 224
112 226
113 293
113 241
114 293
114 241
115 236
115 273
116 236
116 186
116 273
117 233
117 195
117 220
118 168
118 219
120 168
120 219
124 240
124 233
124 195
124 220
131 171
131 175
133 180
134 239
135 215
136 208
137 245
137 249
137 250
139 203
139 207
139 191
139 259
140 297
140 171
140 175
141 291
141 230
142 195
142 233
142 220
143 171
143 175
144 291
144 230
145 234
145 179
145 278
146 181
148 192
148 270
149 170
149 247
149 205
150 181
151 291
151 230
152 289
152 252
153 258
153 261
153 266
153 276
154 232
154 217
154 268
154 198
155 208
156 170
156 247
156 205
157 274
157 275
157 285
157 173
157 201
157 225
159 251
159 229
159 286
161 217
161 268
161 198
171 297
175 297
178 300
179 278
183 298
187 300
198 217
211 292
230 291
234 278
235 296
241 293
241 299
243 296
246 296
251 286
258 260
262 298
263 298
265 298
267 298
