heur005_n_160_m_4015
1 95
1 76
1 69
2 33
2 90
2 152
2 129
2 42
3 139
3 38
3 6
4 138
4 150
4 51
6 38
6 139
7 88
7 111
8 39
9 136
9 78
9 19
9 102
9 37
10 108
10 128
10 66
12 27
12 41
12 43
12 121
12 48
13 109
14 88
14 80
14 124
14 111
15 41
15 43
15 48
15 121
15 27
17 159
18 103
18 140
18 94
18 62
19 133
19 136
19 78
19 158
19 102
19 59
19 37
20 57
20 138
20 150
20 74
21 86
22 155
22 43
22 121
23 95
23 156
23 69
24 109
24 151
25 76
25 95
26 29
27 155
27 43
27 121
28 69
28 76
28 95
30 117
31 81
31 160
31 60
32 117
33 90
33 152
33 129
33 42
33 68
34 134
35 117
36 160
36 60
37 133
37 102
37 136
37 59
37 158
38 139
38 55
39 61
40 131
40 56
41 155
42 129
42 90
42 68
43 155
43 121
44 58
44 146
45 67
45 143
46 67
46 143
47 114
47 113
48 155
48 121
49 114
49 113
50 63
50 75
50 110
51 138
51 74
51 150
51 57
52 119
52 64
53 104
53 116
53 132
53 126
54 77
55 139
57 138
57 150
58 100
58 146
58 91
59 133
59 102
59 136
59 78
62 140
63 110
64 119
65 77
66 128
66 105
66 137
66 108
66 120
67 143
68 129
68 152
68 90
69 95
72 93
73 127
74 138
74 150
75 110
76 156
76 95
78 136
78 158
78 133
78 102
82 148
83 144
84 118
88 124
90 152
90 129
91 100
91 146
94 103
96 99
96 142
97 116
99 142
100 146
101 153
101 123
102 136
103 140
104 116
105 137
105 108
105 128
107 141
108 120
108 128
109 151
111 124
112 135
113 114
116 132
116 126
118 135
120 137
121 155
122 144
125 142
128 137
129 152
130 142
133 136
133 158
134 154
136 158
