heur008_n_250_m_1045
1 10
1 55
2 163
2 43
2 47
2 145
2 27
2 188
3 132
3 246
3 95
4 243
4 102
4 76
4 48
5 233
5 73
5 174
5 82
5 25
5 127
6 33
6 194
6 34
6 154
6 26
6 29
6 158
7 228
7 18
7 131
7 238
7 22
7 164
7 119
8 226
8 106
8 205
8 101
9 226
9 106
9 205
9 101
10 55
10 21
11 227
11 231
11 232
11 234
11 240
11 248
11 146
12 113
12 121
12 111
12 245
13 149
13 46
13 210
13 114
14 200
14 177
14 191
14 186
15 208
15 214
15 217
15 250
15 215
16 163
16 43
16 47
16 145
16 27
16 188
17 226
17 106
17 205
17 101
18 228
18 131
18 238
18 22
18 164
18 119
19 160
20 226
20 106
20 205
20 101
21 55
22 131
22 228
22 238
22 164
22 119
23 195
23 138
23 206
23 183
23 89
23 187
23 60
23 104
24 32
24 31
25 174
25 82
25 127
25 233
25 73
26 158
26 194
26 154
27 163
27 43
27 47
27 145
27 188
28 72
28 137
28 203
28 244
28 171
29 158
29 194
29 154
30 91
30 99
30 140
30 112
30 141
30 196
33 158
33 194
33 154
34 158
34 194
34 154
35 81
35 83
35 85
35 94
35 42
35 39
35 71
35 213
35 166
36 220
36 237
36 180
37 235
37 230
38 161
38 162
38 167
38 144
38 184
38 130
38 44
39 42
39 81
39 83
39 85
39 94
39 71
39 213
39 166
40 212
40 123
40 175
40 236
41 153
41 151
41 185
41 156
41 209
42 81
42 83
42 85
42 94
42 71
42 213
42 166
43 163
43 145
43 188
44 161
44 162
44 130
44 167
44 144
44 184
45 135
46 149
46 210
46 114
47 163
47 145
47 188
48 243
48 102
48 76
49 247
49 219
49 181
49 199
50 107
50 241
50 198
50 216
50 92
50 176
50 63
50 207
51 129
51 159
51 173
51 88
52 168
52 169
53 129
53 159
53 173
53 88
54 129
54 159
54 173
54 88
56 128
56 136
56 126
56 66
56 202
56 134
56 108
56 204
58 193
58 222
58 157
58 143
58 170
59 96
59 97
59 139
59 118
59 87
59 93
60 195
60 138
60 206
60 183
60 89
60 187
60 104
61 129
61 159
61 173
61 88
62 225
62 117
62 223
63 198
63 107
63 176
63 241
63 216
63 92
63 207
64 225
64 117
64 223
65 128
65 66
65 134
65 136
65 202
65 108
65 126
65 204
66 128
66 136
66 126
66 202
66 134
66 108
66 204
67 133
67 190
67 178
67 229
68 79
69 105
69 90
69 201
69 150
70 193
70 222
70 157
70 143
70 170
71 81
71 83
71 85
71 94
71 213
71 166
72 137
72 203
72 244
72 171
73 233
73 174
73 82
73 127
74 79
75 221
76 243
76 102
77 125
77 224
77 165
77 122
78 125
78 224
78 165
78 122
80 125
80 224
80 165
80 122
81 213
81 166
82 127
82 174
82 233
83 213
83 166
84 125
84 224
84 165
84 122
85 213
85 166
86 125
86 224
86 165
86 122
87 118
87 139
88 129
88 173
88 159
89 195
89 187
89 183
89 206
89 138
89 104
90 105
90 201
90 150
91 140
91 112
91 141
91 196
92 198
92 107
92 241
92 216
92 176
92 207
93 118
93 139
94 213
94 166
95 132
95 246
96 118
96 139
97 118
97 139
98 192
98 182
98 109
98 155
99 140
99 112
99 141
99 196
100 239
100 152
100 197
101 226
101 205
102 243
103 211
103 124
103 179
104 195
104 138
104 206
104 183
104 187
105 201
105 150
106 226
106 205
107 241
107 198
107 216
107 176
107 207
108 128
108 134
108 136
108 202
108 126
108 204
109 192
109 182
109 155
110 242
110 249
111 113
111 121
111 245
112 140
112 141
112 196
113 245
114 210
114 149
115 249
115 242
117 225
117 223
118 139
119 131
119 228
119 164
119 238
120 142
120 147
120 148
121 245
122 224
122 165
122 125
123 212
123 175
123 236
124 211
124 179
125 224
125 165
126 202
126 134
126 204
127 174
127 233
128 202
128 134
128 204
129 159
129 173
130 161
130 162
130 167
130 144
130 184
131 228
131 238
131 164
132 246
133 190
133 178
133 229
134 136
134 202
134 204
136 202
136 204
137 244
137 203
137 171
138 195
138 206
138 183
138 187
140 141
140 196
141 196
143 193
143 157
143 222
143 170
144 161
144 162
144 167
144 184
145 163
145 188
146 227
146 231
146 232
146 234
146 240
146 248
149 210
150 201
151 185
151 209
152 239
152 197
153 185
153 209
154 194
154 158
155 192
155 182
156 185
156 209
157 193
157 222
158 194
159 173
161 184
162 184
163 188
164 228
164 238
165 224
166 213
167 184
170 193
170 222
171 203
171 244
172 218
172 189
174 233
175 212
175 236
176 241
176 216
176 207
177 200
177 191
177 186
178 190
178 229
179 211
180 220
180 237
181 219
181 247
183 206
185 209
186 200
186 191
187 206
189 218
190 229
193 222
195 206
197 239
198 241
198 216
198 207
199 219
199 247
203 244
205 226
207 241
207 216
208 250
212 236
214 250
214 215
215 217
215 250
216 241
217 250
219 247
220 237
227 240
228 238
230 235
234 240
