heur015_n_300_m_15035
2 201
2 248
3 185
4 140
6 70
7 272
7 226
9 268
10 153
10 283
11 290
12 294
14 284
14 174
14 220
15 250
15 86
15 225
16 242
16 199
17 144
18 126
18 292
19 282
20 267
21 254
21 106
22 151
23 94
24 243
25 69
25 155
27 77
27 261
28 195
28 149
29 209
30 141
31 121
31 236
31 237
31 150
32 179
33 68
34 288
34 255
35 154
36 167
36 229
37 267
38 73
38 179
39 76
40 145
40 60
41 95
42 183
44 240
47 281
48 166
48 55
49 233
49 96
50 78
51 67
51 115
52 295
53 191
53 152
54 241
55 166
57 133
57 124
58 149
59 142
60 145
62 116
62 215
65 248
66 295
67 115
69 187
69 206
71 285
72 289
74 264
74 219
75 116
75 215
77 109
77 261
80 180
80 207
81 266
81 287
86 250
86 225
86 137
87 139
88 259
88 235
88 270
91 125
96 233
97 281
98 258
99 164
99 269
99 148
99 200
100 147
101 294
103 245
103 280
103 265
104 273
104 177
104 238
105 231
105 138
105 300
105 286
106 254
107 140
109 261
110 242
110 199
111 249
111 203
111 253
113 236
113 237
113 150
114 154
118 198
119 285
120 188
121 237
121 150
121 236
122 253
122 249
122 203
123 251
123 210
123 218
126 292
127 192
130 185
134 191
134 178
135 291
135 208
137 225
137 184
137 250
138 275
138 300
138 231
138 286
148 164
148 269
148 165
148 200
149 195
150 236
152 178
152 191
153 283
155 206
162 216
164 269
164 200
165 269
168 244
170 297
171 239
174 220
177 273
177 238
182 230
182 260
184 225
187 206
194 260
200 269
201 248
203 249
203 253
204 271
208 291
211 299
211 246
213 296
222 259
222 270
222 235
223 276
226 272
228 277
230 260
231 300
231 275
231 286
234 299
235 270
238 273
245 280
245 265
246 299
255 288
259 270
