heur019_n_300_m_28765
2 166
2 278
2 187
3 216
3 228
3 169
4 194
5 218
7 154
7 210
8 194
9 194
10 191
10 277
10 215
10 213
10 198
13 246
15 194
15 100
16 191
16 277
16 215
16 213
17 170
17 191
17 277
17 215
17 213
18 200
18 266
18 158
18 239
19 185
20 206
21 192
21 205
23 171
23 283
23 284
23 238
24 205
25 205
26 156
27 156
28 216
28 228
29 273
29 251
30 158
31 216
31 228
31 169
32 206
33 206
34 206
35 249
36 268
37 194
37 100
38 206
39 220
39 206
40 202
40 203
40 208
41 216
41 169
43 166
43 187
44 216
45 160
45 181
46 216
48 206
49 189
49 245
49 182
50 216
50 228
50 169
51 187
51 166
51 278
52 187
52 166
52 278
53 187
53 278
54 201
54 193
55 160
55 242
55 181
55 247
56 289
56 293
56 171
56 276
56 248
56 283
56 284
56 238
56 258
57 218
58 258
58 276
58 293
58 171
58 238
59 154
59 210
60 187
60 166
61 166
61 278
62 187
62 272
63 245
63 255
63 182
64 249
66 191
66 215
66 198
67 182
67 189
68 163
68 167
68 211
69 200
69 158
70 167
70 163
71 289
71 293
71 171
71 283
71 285
71 276
71 248
71 238
71 258
72 161
74 266
74 158
74 239
75 266
75 158
75 239
76 266
76 158
77 249
78 200
78 158
79 266
79 158
79 239
81 162
81 164
81 168
81 175
82 266
82 158
85 196
85 188
85 287
86 245
86 254
86 182
87 171
88 246
89 274
90 218
91 173
91 214
91 217
92 257
92 221
93 170
93 215
93 213
93 198
95 218
96 216
96 228
98 196
98 188
98 190
98 180
100 194
101 290
101 291
101 294
101 295
101 298
101 299
101 300
101 179
103 201
104 181
104 253
105 160
105 234
105 181
106 154
106 210
107 192
107 205
108 174
108 176
108 178
109 300
109 179
109 155
110 193
110 201
111 208
112 192
112 205
113 218
115 171
115 258
116 193
117 166
117 278
117 187
120 201
121 196
121 188
121 190
121 180
122 163
122 167
122 211
123 160
123 242
123 181
124 192
124 205
125 205
126 202
126 203
126 208
127 154
127 210
128 205
129 288
129 171
129 283
129 238
130 154
130 210
131 277
131 215
131 213
135 261
135 263
135 267
135 269
135 270
135 172
135 199
135 265
135 195
135 230
135 260
135 186
135 209
135 226
137 245
137 182
138 218
139 161
139 281
140 252
140 177
141 161
141 281
142 161
142 281
142 229
143 216
143 228
143 169
144 289
145 216
145 228
146 161
147 196
147 180
147 188
147 287
151 266
151 200
151 158
152 211
152 163
153 194
153 268
155 290
155 291
155 294
155 295
155 296
155 297
155 298
155 299
155 300
157 221
157 257
158 266
158 239
159 256
159 227
160 234
160 240
160 242
160 243
160 247
160 253
160 223
161 281
161 229
165 261
165 263
165 265
165 267
165 269
165 270
165 230
165 260
165 226
165 233
166 278
167 211
169 228
169 279
170 232
170 277
170 292
170 198
171 288
171 289
171 293
171 284
171 285
171 286
171 276
171 248
171 238
171 258
172 261
172 263
172 267
172 269
172 270
172 265
172 230
172 226
172 233
173 241
174 256
174 227
177 236
177 237
177 280
177 252
177 275
178 256
178 227
179 290
179 291
179 294
179 295
179 296
179 297
179 298
179 299
179 300
180 287
181 234
181 240
181 242
181 243
181 247
181 253
181 223
182 245
182 254
182 255
183 241
184 235
185 224
185 225
185 235
185 219
185 222
185 282
186 260
186 261
186 263
186 265
186 267
186 269
186 270
186 230
186 226
186 233
187 272
187 278
188 287
189 245
189 254
189 255
190 244
190 287
191 232
191 277
195 261
195 263
195 265
195 267
195 269
195 270
195 230
195 260
195 226
195 233
196 244
196 287
197 224
197 225
197 235
197 282
197 219
197 222
198 292
198 277
199 261
199 263
199 267
199 269
199 270
199 265
199 230
199 260
199 226
199 233
200 266
200 239
202 259
203 259
206 220
207 261
207 263
207 265
207 267
207 269
207 270
207 230
207 260
207 226
207 233
208 259
209 261
209 265
209 267
209 269
209 270
209 226
209 233
212 249
213 292
213 232
213 277
214 241
215 292
215 232
215 277
216 279
216 228
217 241
