heur027_n_330_m_2256
1 325
2 317
2 223
2 207
2 276
4 207
4 276
4 317
4 223
5 98
5 190
6 310
6 142
7 76
8 176
8 103
9 66
9 70
9 13
10 219
10 95
10 155
12 141
13 66
13 70
14 191
14 312
14 174
15 217
15 265
15 159
17 208
17 109
17 226
17 136
18 90
18 273
18 316
19 149
20 73
20 56
21 279
21 267
21 126
22 190
22 98
23 145
24 313
25 277
27 167
27 168
28 215
29 128
29 188
33 205
33 140
34 158
34 187
35 154
35 147
36 138
37 284
37 119
40 264
41 278
41 170
43 45
43 81
46 100
47 106
48 91
48 236
49 202
49 71
49 102
50 93
50 108
51 204
52 326
53 221
53 213
54 251
54 60
54 195
55 125
55 322
56 73
57 120
57 283
57 127
58 280
58 320
58 295
59 131
60 251
60 195
61 69
62 308
62 175
63 177
64 118
65 274
67 167
67 168
68 309
71 202
71 102
74 205
74 140
75 85
75 151
77 85
77 151
78 314
79 296
79 305
79 293
80 306
80 248
80 241
80 212
82 163
82 300
82 271
83 330
83 261
83 165
83 94
83 299
84 189
84 209
84 269
85 151
86 222
88 258
88 183
89 216
89 124
89 123
90 273
90 316
91 236
92 121
92 292
92 262
93 108
94 165
94 330
94 261
94 299
95 219
95 155
96 200
96 311
97 257
97 255
98 190
101 179
101 173
102 202
103 176
104 150
109 208
109 226
109 136
113 211
113 298
113 244
114 182
115 211
115 298
115 244
116 286
119 284
120 283
120 127
121 292
121 262
122 185
123 216
124 216
125 322
126 267
126 279
127 283
128 188
129 289
129 275
129 260
132 192
134 263
135 194
135 315
135 303
135 199
135 307
136 208
136 226
137 254
139 214
140 205
142 310
144 282
144 181
144 272
146 266
147 154
153 198
153 161
153 329
155 219
158 187
159 217
159 265
160 184
160 178
161 198
161 329
162 252
162 268
162 197
163 271
163 300
164 270
164 288
165 330
165 261
165 299
166 285
166 256
169 287
170 278
173 179
174 312
174 191
175 308
178 184
180 323
180 247
180 290
180 253
180 230
181 282
181 272
183 258
189 209
189 269
191 312
193 224
193 294
194 303
194 315
194 199
194 307
195 251
196 242
196 231
197 268
197 252
198 329
199 315
199 303
199 307
200 311
201 328
201 239
207 317
207 223
207 276
208 226
209 269
210 240
210 237
211 298
211 244
212 248
212 306
212 241
213 221
217 265
223 317
223 276
224 294
224 235
229 304
230 290
230 323
230 247
230 253
231 242
232 243
232 319
234 238
235 294
237 240
239 328
241 248
241 306
243 319
244 298
247 323
247 290
247 253
248 306
252 268
253 290
253 323
256 285
260 275
260 289
261 330
261 299
262 292
267 279
270 288
271 300
272 282
275 289
280 295
290 323
293 305
295 320
296 305
303 315
303 307
307 315
