heur016_n_300_m_15456
1 283
2 75
2 212
3 298
3 292
4 101
4 291
4 36
4 227
6 151
7 98
7 265
8 283
9 248
9 268
9 47
10 98
10 265
10 207
11 138
11 135
11 118
11 106
12 89
12 140
12 246
13 37
13 134
13 200
14 101
14 291
14 36
14 227
15 57
15 162
16 116
16 133
17 98
17 265
18 56
19 152
19 237
19 215
20 33
20 234
21 66
21 56
22 167
22 68
23 217
23 228
25 226
26 104
26 59
26 125
27 275
27 69
28 105
28 50
28 229
29 217
29 228
30 98
30 265
31 208
33 72
33 234
36 291
36 101
36 227
37 216
37 134
37 200
38 157
38 247
38 159
39 169
39 171
39 178
39 282
40 122
40 261
40 266
40 277
41 113
41 119
44 260
44 232
44 278
44 94
45 141
47 248
47 268
47 197
49 148
50 229
52 253
52 166
53 161
53 236
53 174
53 274
55 141
56 66
56 150
58 139
58 203
58 117
58 120
59 125
59 104
64 223
64 211
64 149
65 210
65 184
65 91
65 131
67 244
67 129
69 275
71 136
71 123
71 190
72 234
73 224
73 137
73 273
74 209
74 284
75 212
77 193
77 233
77 254
78 192
78 107
78 84
78 124
78 127
78 186
79 219
80 89
80 246
80 90
81 172
81 242
81 252
82 120
82 139
82 117
82 203
83 257
84 192
84 107
84 124
84 127
84 186
86 111
87 299
87 295
88 193
88 254
88 233
89 140
89 246
89 90
90 140
90 246
91 184
91 210
91 131
91 280
92 241
92 115
94 260
94 278
95 189
96 257
97 232
97 260
97 278
98 207
98 265
98 297
100 111
101 291
101 227
103 189
105 229
107 192
107 186
108 222
110 267
110 276
112 279
114 158
116 286
117 203
120 203
121 214
122 277
123 196
123 190
124 192
126 214
127 192
127 186
129 244
129 142
130 156
131 210
131 280
132 259
132 289
133 286
134 200
136 196
136 190
137 224
137 273
137 201
137 170
139 203
140 246
147 249
149 225
149 223
152 198
154 256
157 177
160 282
165 294
166 253
169 282
170 224
171 282
172 242
173 194
174 274
177 247
179 263
180 284
181 276
183 209
184 210
184 280
188 235
193 254
195 249
197 268
198 215
198 237
199 249
200 216
201 273
202 288
204 228
205 218
206 221
206 231
207 265
209 284
210 280
220 289
224 273
230 281
232 260
232 278
236 274
238 240
239 281
243 281
251 300
255 285
255 270
259 289
265 297
266 277
267 276
269 293
270 285
