heur003_n_120_m_2588
1 39
1 75
1 112
1 52
1 91
1 51
2 44
2 83
2 27
2 98
3 29
3 37
3 84
4 90
4 21
4 19
4 32
4 77
5 21
5 90
5 19
5 32
5 77
6 23
6 58
7 84
8 67
8 68
8 20
8 26
9 117
9 87
9 89
9 57
9 95
9 31
9 76
10 62
10 34
10 17
10 93
10 92
10 81
10 46
11 26
11 67
11 68
11 20
12 82
12 22
13 75
13 112
13 52
13 91
13 30
13 51
14 42
14 28
14 49
15 118
16 97
16 114
17 34
17 43
18 102
19 35
19 77
19 107
21 90
21 32
21 35
23 38
23 58
24 105
24 118
25 64
25 96
25 109
25 111
25 53
27 44
27 98
28 42
30 75
30 112
30 52
30 91
30 51
31 41
31 117
31 87
31 89
31 95
31 57
31 76
32 90
32 77
32 107
33 120
34 93
34 92
34 81
34 103
34 46
35 90
35 77
35 107
37 84
38 58
39 75
39 112
39 52
39 91
39 63
39 51
40 99
40 106
40 113
40 61
40 79
41 87
41 117
41 95
41 76
42 49
42 69
43 93
43 92
43 81
43 103
43 46
44 83
44 98
45 101
45 94
46 93
46 62
47 64
47 109
47 111
47 108
47 88
50 110
50 71
50 66
50 74
51 75
51 63
52 75
52 112
52 91
52 63
53 64
53 109
53 111
53 96
53 108
53 88
54 101
54 70
54 94
55 64
55 111
55 109
55 96
55 100
55 108
55 88
56 64
56 111
56 109
56 96
56 108
56 88
57 117
57 87
57 95
57 76
59 64
59 111
59 109
59 96
59 108
59 88
60 115
61 113
61 106
61 99
61 79
62 93
62 81
62 103
63 75
63 112
64 78
64 111
64 96
64 100
64 108
64 88
65 104
65 86
65 119
66 116
66 74
66 80
70 94
72 118
73 114
74 110
74 116
75 112
76 117
77 107
78 111
78 109
78 96
78 108
79 99
79 113
85 97
85 114
86 119
87 117
88 108
88 109
88 111
89 117
91 112
92 103
93 103
95 117
96 109
96 111
97 114
99 113
106 113
108 109
