heur029_n_330_m_4329
1 294
1 246
1 122
1 191
5 237
6 209
6 263
7 177
7 135
8 321
8 257
9 137
9 139
9 118
10 219
10 64
10 80
10 97
11 152
12 183
12 94
14 74
14 222
15 38
15 217
15 244
15 160
16 307
17 224
19 105
19 309
19 271
19 158
20 114
20 115
21 224
22 224
23 180
23 162
23 171
24 299
24 276
24 101
24 47
25 136
25 313
26 300
27 289
27 239
28 196
28 287
29 106
29 107
30 120
30 179
32 231
33 291
33 141
33 181
33 203
33 49
33 127
33 112
34 300
35 264
36 45
37 304
37 270
38 217
38 244
38 160
40 184
40 161
43 154
43 56
43 281
43 282
43 57
43 119
44 272
44 312
44 210
46 325
46 91
47 299
47 276
47 101
48 219
48 64
48 80
48 97
49 291
49 203
49 141
49 181
49 82
49 127
49 112
50 268
50 255
50 248
51 58
52 235
52 292
52 286
52 225
52 315
53 99
53 172
53 254
54 288
54 215
54 310
55 298
55 251
55 61
55 126
56 281
56 282
56 154
56 119
57 281
57 282
57 154
57 119
59 318
59 208
59 131
60 185
60 328
60 329
60 278
61 126
61 251
61 298
63 204
64 219
64 80
64 97
65 224
66 173
66 86
67 130
67 93
68 105
68 309
68 271
68 158
69 90
69 123
69 124
70 264
71 81
71 92
71 324
71 129
72 256
72 227
72 233
73 320
73 322
73 149
73 232
74 222
75 187
75 159
76 302
77 109
77 150
77 228
77 283
78 261
78 144
78 205
80 219
80 97
81 92
81 324
81 129
82 291
82 203
82 141
82 181
82 127
82 112
83 210
83 272
83 312
86 104
86 173
88 201
89 242
89 280
89 220
90 123
90 124
91 325
92 324
92 129
93 130
94 183
95 306
95 301
96 186
96 108
96 111
97 219
98 113
98 330
98 303
99 172
99 254
100 323
100 327
101 299
101 276
102 117
103 125
103 166
103 245
104 173
105 309
105 271
105 158
108 186
109 228
109 283
111 186
112 291
112 203
112 141
112 181
112 127
113 330
113 303
116 308
118 137
118 139
119 282
119 281
119 154
120 179
122 294
122 246
122 191
125 245
126 251
126 298
127 291
127 203
127 141
127 181
128 194
128 226
128 188
129 324
131 208
131 318
132 326
132 211
133 234
133 151
133 284
134 169
136 313
138 192
138 221
138 182
140 170
140 247
141 291
141 203
142 328
142 329
142 278
143 178
144 261
144 205
145 178
146 178
149 320
149 322
150 228
150 283
151 284
153 316
154 281
154 282
157 243
158 271
158 309
159 187
160 217
160 244
161 184
162 180
162 171
163 240
163 266
163 285
164 176
164 218
166 245
167 305
167 193
168 293
170 247
171 180
172 254
174 216
174 195
175 241
175 238
181 291
181 203
182 221
182 192
185 329
185 328
185 278
188 194
189 295
189 199
191 294
191 246
192 221
193 305
193 250
194 226
195 216
196 287
198 243
199 295
202 249
203 291
205 261
206 252
207 277
207 279
208 318
209 263
210 272
210 312
211 326
212 258
213 314
213 317
213 275
215 288
215 310
217 244
220 280
220 242
225 235
225 292
225 286
225 315
227 256
227 233
228 283
232 320
232 322
233 256
234 284
235 286
235 292
235 315
239 289
240 266
246 294
248 255
248 268
250 305
251 298
253 290
253 267
255 268
257 321
260 274
266 285
267 290
270 304
276 299
278 328
278 329
286 292
286 315
288 310
292 315
296 319
