heur009_n_250_m_1450
1 57
1 43
1 159
2 208
2 9
2 16
2 41
2 119
3 36
3 214
4 120
4 125
4 143
5 148
5 20
5 44
5 52
5 56
6 113
6 145
6 109
6 89
7 225
7 172
7 112
7 215
7 190
8 44
8 20
8 52
8 56
9 208
9 41
9 119
10 236
10 229
10 58
10 217
11 222
11 38
12 20
12 44
12 52
12 56
13 250
13 243
13 141
13 106
13 204
14 87
14 35
14 198
15 178
15 177
15 212
15 221
16 208
16 41
16 119
17 40
17 188
17 228
18 176
18 154
18 75
18 59
19 197
19 165
19 205
19 184
20 148
20 44
20 52
20 126
20 56
21 42
21 86
22 31
22 74
22 142
23 159
23 43
23 57
24 114
24 138
25 162
25 156
25 118
25 82
25 134
25 27
25 183
26 201
26 48
26 155
26 168
26 199
27 162
27 134
27 82
27 118
27 156
27 183
28 132
28 127
29 104
29 211
29 71
30 200
30 240
31 74
31 142
32 65
32 63
32 102
32 189
32 129
33 76
33 238
33 151
33 213
33 175
33 218
33 160
34 39
35 87
35 198
36 214
38 222
40 188
40 228
41 208
41 119
42 86
43 57
43 159
44 148
44 52
44 126
44 56
45 101
45 139
45 77
45 115
45 116
45 149
45 181
46 83
47 132
47 127
48 201
48 155
48 168
48 199
50 76
50 238
50 151
50 213
50 175
50 218
50 160
51 186
52 148
52 126
52 56
53 224
54 91
54 85
54 219
54 133
55 186
56 148
56 126
57 159
58 236
58 229
58 217
59 176
59 154
61 216
61 93
61 135
63 65
63 102
63 189
63 129
65 102
65 189
65 129
66 210
67 207
67 232
68 224
69 245
69 247
69 191
70 173
70 237
70 185
71 104
71 211
72 192
72 196
72 80
73 210
74 142
75 154
75 176
76 238
76 151
76 213
76 175
76 218
76 160
77 139
77 116
77 101
77 115
77 149
77 181
78 152
78 81
78 239
79 170
79 130
79 182
79 103
80 196
80 192
81 152
81 239
82 162
82 156
82 118
82 134
82 183
84 230
85 219
85 133
87 198
88 97
88 180
89 113
89 145
89 109
90 153
90 121
91 219
91 133
93 216
93 135
94 246
95 110
95 244
96 231
97 180
98 230
101 139
101 149
101 181
102 189
102 129
103 182
103 170
103 130
104 211
105 193
105 107
106 141
106 243
106 250
106 204
107 193
108 227
109 145
110 244
111 226
111 131
111 233
111 144
111 249
111 137
112 225
112 172
112 215
112 190
113 145
114 138
115 139
115 149
115 181
116 139
116 149
116 181
117 193
118 162
118 156
118 134
118 183
119 208
120 143
121 153
123 161
123 140
123 206
124 193
125 143
127 132
128 187
128 203
128 223
129 189
130 170
130 182
131 249
133 219
134 162
134 156
134 183
135 216
136 241
136 235
136 195
136 164
136 163
137 233
137 249
139 149
139 181
140 161
140 206
141 250
141 204
144 249
144 226
144 233
147 167
149 181
150 220
151 238
151 213
151 175
151 218
151 160
152 239
154 176
155 201
155 168
155 199
156 183
160 238
160 175
160 213
160 218
161 206
162 183
163 195
163 235
163 241
164 195
164 235
164 241
165 184
165 197
165 205
168 201
168 199
169 179
170 182
171 179
172 225
172 215
172 190
173 237
173 185
175 238
175 213
175 218
177 212
177 221
178 212
178 221
184 205
184 197
185 237
187 203
187 223
188 228
190 225
190 215
191 245
191 247
192 196
194 242
195 241
195 235
197 205
199 201
200 240
204 243
204 250
207 232
212 221
213 238
213 218
217 236
217 229
218 238
229 236
