heur033_n_330_m_13861
1 103
1 200
1 234
1 235
1 149
1 247
2 288
2 265
2 292
3 194
3 132
3 137
3 138
3 139
3 52
4 212
5 261
5 135
5 89
6 327
7 162
7 187
7 157
7 190
7 269
7 248
8 221
8 325
8 254
9 141
9 143
9 146
9 183
9 100
10 261
10 135
11 162
11 187
11 157
11 190
11 269
11 248
12 304
13 304
14 294
14 72
14 73
14 74
14 78
14 116
14 185
15 304
16 226
16 164
16 124
16 178
16 297
17 202
17 127
18 330
18 302
18 314
18 90
19 300
19 278
19 279
19 280
19 249
19 289
19 168
20 227
20 326
20 171
20 182
21 164
21 124
21 226
21 178
21 297
22 50
22 299
24 164
24 124
24 226
24 178
24 297
25 164
25 124
25 226
25 178
25 297
26 164
26 226
26 178
26 297
27 136
27 87
27 270
28 243
28 264
28 122
29 257
29 258
29 262
29 328
29 313
29 255
30 239
30 272
30 273
30 274
30 275
30 176
30 277
30 213
31 243
31 264
32 162
32 269
32 187
32 190
32 248
32 88
33 325
33 221
33 254
34 229
34 175
34 177
34 180
34 222
34 309
34 260
35 330
35 302
35 314
35 90
36 233
36 266
37 170
37 172
37 91
37 133
37 286
38 201
38 285
40 264
40 243
41 261
41 135
41 89
42 191
42 303
43 318
43 295
44 318
44 109
44 295
45 103
45 234
45 235
45 149
45 247
45 200
46 98
46 296
46 56
46 105
46 144
47 276
47 134
47 192
47 291
48 276
48 192
48 291
49 318
49 109
49 295
50 299
51 167
51 57
52 138
52 139
52 110
52 194
53 167
54 167
55 304
56 119
56 68
56 296
56 215
56 105
56 144
57 167
58 126
58 173
58 114
58 111
59 126
59 173
59 114
59 111
60 126
60 173
60 114
60 111
61 261
61 135
61 89
62 245
62 252
62 208
62 238
63 294
63 78
63 116
64 261
64 135
64 89
65 245
65 252
65 208
65 238
66 263
66 199
66 169
66 267
67 133
67 170
67 172
67 91
67 286
68 98
68 296
68 215
69 261
69 135
69 89
70 86
70 266
71 161
71 163
71 165
71 93
71 329
71 186
71 305
72 294
72 185
73 294
73 185
74 294
74 185
75 245
75 252
75 208
75 238
76 174
76 147
76 142
76 206
77 259
77 246
77 281
77 251
77 104
78 294
78 185
79 129
79 236
79 244
79 188
80 170
80 172
80 91
80 133
80 286
81 229
81 175
81 177
81 180
81 222
81 309
81 260
82 212
83 321
83 322
83 145
83 148
83 310
83 151
83 319
83 150
83 106
84 214
84 216
84 219
84 253
84 223
85 191
85 303
86 233
86 266
87 136
87 270
88 162
88 269
88 248
88 187
88 157
88 190
89 261
90 330
90 108
90 302
90 314
91 286
92 224
92 225
92 228
92 230
92 231
92 217
92 128
92 184
93 161
93 163
93 165
93 166
93 125
93 329
93 186
93 305
94 209
94 210
94 306
94 121
94 123
94 250
95 167
96 324
97 101
97 102
97 203
97 112
97 293
97 290
97 211
98 119
98 296
98 215
98 105
98 144
99 126
99 173
99 114
99 111
101 203
101 293
101 290
101 211
102 203
102 179
102 293
102 290
102 211
103 234
103 235
103 247
103 200
104 259
104 246
104 281
104 251
105 296
105 119
105 215
106 321
106 322
106 310
106 319
107 245
107 252
107 208
107 238
108 330
108 302
108 314
109 318
109 295
110 132
110 138
110 139
110 137
111 173
111 126
112 203
112 179
112 293
112 290
112 211
113 285
114 173
114 126
115 266
116 294
116 185
117 266
118 272
118 273
118 274
118 275
118 277
118 213
118 176
119 296
119 215
119 144
120 136
120 270
121 131
121 209
121 210
121 306
121 250
122 264
123 209
123 210
123 306
124 226
124 178
124 297
125 165
125 329
125 186
126 173
127 202
128 224
128 225
128 228
128 230
128 231
128 217
128 184
129 236
129 241
129 244
129 188
130 167
131 209
131 306
131 250
132 194
133 286
134 276
134 192
134 291
135 261
136 270
137 194
138 194
139 194
140 271
140 282
140 283
140 189
140 287
140 256
141 146
142 195
142 196
142 197
142 198
142 174
142 207
142 154
142 206
144 296
144 215
145 321
145 322
145 310
145 319
147 195
147 196
147 197
147 198
147 174
147 154
147 206
148 321
148 322
148 319
149 247
149 200
150 321
150 322
150 319
151 321
151 322
151 319
151 310
152 279
152 280
152 249
152 300
152 289
152 168
153 242
154 174
154 206
155 263
155 169
155 267
156 213
156 176
157 269
160 307
161 186
161 305
162 269
162 248
163 186
163 305
164 226
164 178
164 297
165 186
165 305
166 186
168 289
168 300
168 278
168 279
168 280
169 193
169 263
169 267
169 199
170 286
171 227
171 182
171 326
172 286
174 195
174 196
174 197
174 198
174 207
174 206
175 229
175 309
176 239
176 272
176 273
176 274
176 275
176 277
177 229
177 309
178 226
178 297
179 203
179 293
179 290
179 211
180 229
180 309
181 324
182 326
184 217
185 294
186 329
187 248
188 236
188 241
188 244
189 282
189 283
189 287
189 256
191 303
192 291
193 263
193 267
195 206
196 206
197 206
198 206
199 263
199 267
200 247
203 293
203 211
206 207
208 238
209 306
210 306
211 290
211 293
213 239
213 272
213 273
213 274
213 275
213 277
217 224
217 225
217 228
217 230
217 231
220 323
220 232
220 240
220 311
220 312
220 315
220 316
220 317
221 325
222 229
226 297
227 326
229 260
232 323
232 240
234 247
235 247
236 244
237 307
238 245
238 252
239 272
239 273
240 298
240 311
240 312
240 315
243 264
249 278
249 279
249 280
249 300
249 289
250 306
251 281
255 313
256 271
256 282
256 283
256 287
258 328
259 281
262 328
265 288
265 292
271 282
271 283
271 287
276 291
278 300
279 300
279 289
280 300
280 289
305 329
308 320
310 321
310 322
313 328
