heur026_n_330_m_1370
1 168
1 65
1 283
1 295
2 19
2 172
3 240
4 163
5 320
5 238
6 233
6 208
7 194
7 254
7 279
8 27
8 89
9 173
9 85
9 72
9 157
10 205
10 49
10 146
10 243
10 328
10 231
11 73
12 115
13 86
14 48
14 265
14 314
14 129
16 94
17 218
17 77
17 210
18 213
18 156
19 172
21 321
22 282
23 263
24 131
24 188
25 203
26 247
26 159
27 89
28 318
29 121
30 242
30 100
30 300
30 95
31 291
31 132
31 214
36 275
37 44
37 105
38 106
38 270
41 121
42 97
43 219
44 105
45 98
45 161
46 75
46 171
46 215
47 276
48 265
48 314
48 129
49 205
49 146
49 243
49 328
49 231
50 177
50 126
51 237
52 309
53 310
54 212
55 258
56 101
57 297
57 250
57 76
57 142
58 204
59 302
59 66
61 69
62 323
62 245
62 209
63 109
63 253
64 174
65 168
65 283
65 295
66 302
67 143
67 222
68 266
68 84
70 134
71 235
72 85
72 173
72 157
74 96
75 171
75 215
76 250
76 297
76 142
77 218
77 210
78 216
78 217
79 225
79 130
80 102
81 296
83 304
84 266
85 173
85 157
88 92
90 244
90 286
90 239
91 110
91 164
91 198
91 234
93 269
95 100
95 300
95 242
98 161
99 199
100 300
100 242
103 298
103 197
103 311
106 270
107 184
108 119
108 305
109 253
110 164
110 198
110 234
113 249
114 211
116 277
118 313
118 229
119 305
120 257
122 289
123 187
124 140
125 185
125 316
125 273
126 177
127 147
127 189
128 307
129 265
129 314
130 225
131 188
132 291
132 214
133 255
135 145
136 180
136 294
139 329
139 262
139 207
142 250
142 297
143 222
146 205
146 243
146 328
146 231
148 169
149 201
149 260
150 288
152 284
152 324
153 183
155 278
155 176
156 213
157 173
158 326
159 247
164 198
164 234
166 330
168 283
168 295
170 317
170 287
171 215
175 303
175 182
176 278
178 191
178 267
178 261
180 294
181 268
181 241
181 232
181 251
182 303
185 273
185 316
186 264
190 327
190 228
191 267
191 261
192 202
193 271
193 226
193 301
194 254
194 279
195 292
196 315
197 298
197 311
198 234
201 260
205 243
205 328
205 231
207 329
207 262
208 233
209 323
209 245
210 218
214 291
226 271
226 301
227 259
228 327
229 313
230 252
230 312
231 328
231 243
232 241
232 268
232 251
238 320
239 244
239 286
241 268
241 251
242 300
243 328
245 323
250 297
251 268
252 312
254 279
256 322
261 267
262 329
265 314
271 301
273 316
274 290
283 295
284 324
287 317
293 325
298 311
