heur020_n_320_m_5905
1 144
1 292
2 222
2 43
6 21
6 53
6 293
7 248
8 279
8 204
9 316
9 111
9 51
10 263
10 130
11 81
11 178
12 268
13 172
14 236
15 307
16 176
16 275
16 103
17 276
18 300
18 159
19 96
21 53
21 293
22 92
24 305
24 59
25 158
26 295
28 288
29 200
30 283
30 197
30 253
30 48
31 115
31 129
32 229
33 238
33 112
33 140
34 54
35 67
36 117
36 255
37 183
39 187
41 254
41 234
41 312
42 289
42 193
43 222
44 304
44 299
44 133
46 86
46 252
47 72
47 64
47 206
48 253
48 283
48 197
49 170
49 221
49 161
50 215
51 316
51 111
52 319
55 80
55 186
55 298
56 290
57 233
57 78
57 179
57 87
59 305
60 211
60 102
64 72
65 113
65 154
65 227
66 84
66 302
66 230
69 294
69 73
70 267
72 206
73 294
75 177
76 118
78 233
78 179
78 87
79 124
79 306
80 186
80 298
81 178
82 257
83 122
83 198
83 150
83 282
84 302
84 230
85 272
85 137
87 179
87 233
88 115
88 129
89 226
89 152
91 101
91 303
93 273
93 123
94 203
94 169
97 216
98 213
100 110
101 303
102 119
102 211
103 164
103 275
105 259
105 297
107 201
108 114
109 167
111 316
112 238
112 140
113 154
113 227
115 129
117 255
119 211
120 162
122 198
122 150
122 282
123 273
124 306
125 147
126 182
126 146
127 284
128 251
128 318
128 174
130 263
131 320
131 218
131 202
132 264
132 160
133 304
133 299
134 317
134 270
134 278
136 237
137 272
140 238
141 248
142 199
142 311
143 241
144 292
145 171
145 301
145 175
146 182
148 274
149 210
150 198
150 282
151 281
152 226
153 261
154 227
157 191
157 313
159 300
159 271
160 264
160 219
161 170
161 221
164 275
164 176
168 266
168 207
169 203
170 221
171 301
171 175
172 189
172 209
173 188
174 251
174 318
175 301
176 275
179 233
180 192
181 296
181 224
185 212
186 298
191 313
193 289
197 283
197 253
198 282
199 311
202 320
202 218
204 285
204 279
205 260
207 266
214 239
216 277
218 320
219 264
220 250
223 245
223 309
223 247
224 296
234 254
234 312
235 269
235 291
235 242
240 314
244 287
245 309
245 247
247 309
249 310
254 312
259 297
270 278
271 300
278 317
279 285
299 304
