heur010_n_250_m_4507
1 201
1 79
1 129
1 148
1 194
2 133
2 134
2 138
2 145
2 95
2 137
2 65
2 202
2 87
2 44
2 172
3 39
3 163
3 59
3 63
3 43
3 179
4 128
4 130
4 132
4 101
4 230
4 86
4 127
5 66
5 167
5 169
5 173
5 149
5 185
5 156
5 124
5 212
6 199
6 103
6 105
6 106
6 232
6 46
6 181
6 186
6 93
6 250
7 38
7 113
7 27
7 102
7 140
7 210
7 114
7 126
7 89
8 129
8 201
8 79
8 148
8 194
9 112
9 22
9 28
9 26
9 54
9 37
10 96
10 97
10 99
10 142
10 166
10 91
10 41
11 224
11 100
11 55
11 125
11 195
11 164
11 104
11 158
12 237
12 242
12 243
12 121
12 48
12 135
12 183
13 39
13 163
13 59
13 63
13 43
13 179
14 94
14 218
14 107
14 72
14 249
14 136
15 94
15 218
15 107
15 72
15 249
15 136
16 245
17 35
17 206
17 211
17 217
17 226
18 94
18 218
18 107
18 72
18 249
18 136
19 112
19 28
19 26
19 54
19 37
20 94
20 218
20 107
20 72
20 249
20 136
21 249
21 72
21 107
21 25
21 218
21 94
21 136
22 28
22 112
22 26
22 54
22 37
23 28
23 112
23 26
23 54
23 37
24 39
24 163
24 59
24 63
24 43
24 179
25 94
25 218
25 107
25 72
25 249
25 136
26 112
27 113
27 102
27 140
27 210
27 114
27 126
27 89
29 196
29 82
29 234
29 78
29 83
30 235
30 204
30 238
30 80
30 162
30 236
30 222
30 68
31 75
32 235
32 204
32 238
32 80
32 162
32 236
32 222
32 68
33 235
33 204
33 238
33 80
33 162
33 236
33 222
33 68
34 64
34 69
34 205
34 175
34 53
34 154
34 219
34 221
34 215
35 206
35 211
35 217
35 226
36 67
36 74
36 108
36 209
36 62
36 159
37 112
37 54
38 113
38 102
38 140
38 210
38 114
38 126
38 89
39 163
39 59
39 63
39 179
40 70
40 157
40 123
41 96
41 97
41 99
41 166
41 91
41 142
42 200
42 141
42 180
42 151
42 58
42 155
43 163
43 59
43 63
43 179
44 65
44 133
44 134
44 137
44 138
44 202
44 145
44 87
44 95
44 172
45 192
45 197
45 190
45 191
45 203
45 73
45 184
46 199
46 106
46 181
46 186
46 93
46 250
47 200
47 141
47 180
47 151
47 58
47 155
48 121
48 237
48 242
48 243
48 135
48 183
49 241
50 170
50 171
50 77
50 143
50 247
50 198
50 220
50 152
50 213
51 157
52 165
52 208
53 219
53 221
53 175
53 154
53 205
53 215
55 100
55 224
55 195
55 164
55 104
55 158
56 160
56 225
56 228
56 229
56 233
56 116
57 160
57 225
57 229
57 233
57 116
58 200
58 141
58 151
58 180
58 155
59 163
59 179
61 157
61 123
62 108
62 209
62 159
63 163
63 179
64 175
64 219
64 221
64 154
64 205
64 215
65 134
65 95
65 202
65 87
65 172
66 167
66 169
66 173
66 185
66 156
66 212
67 209
67 108
67 159
68 162
68 235
68 204
68 236
68 238
68 80
68 222
69 219
69 221
69 175
69 154
69 205
69 215
70 157
70 123
70 109
71 231
72 107
72 218
72 94
72 249
72 136
73 192
73 197
73 203
73 190
73 191
73 184
74 209
74 108
74 159
76 239
76 176
76 240
76 248
76 189
77 170
77 171
77 143
77 247
77 198
77 220
77 152
77 213
78 234
78 196
79 201
79 129
79 148
79 194
80 235
80 204
80 238
80 162
80 236
80 222
81 227
81 111
81 207
81 177
81 244
81 223
82 196
82 234
83 196
83 234
84 188
85 131
85 118
85 146
85 187
86 128
86 130
86 132
86 101
86 230
86 127
87 133
87 134
87 137
87 138
87 202
87 145
87 172
88 193
88 178
89 102
89 140
89 113
89 210
89 114
89 126
90 188
91 166
91 142
92 188
93 103
93 199
93 105
93 106
93 232
93 181
93 186
93 250
94 218
94 107
94 249
94 136
95 133
95 134
95 138
95 145
95 137
95 202
95 172
96 142
96 166
97 142
97 166
98 239
98 176
98 240
98 248
98 189
99 142
99 166
100 224
100 125
100 195
100 164
100 104
100 158
101 128
101 132
101 230
102 210
103 199
103 181
103 186
103 250
104 224
104 195
104 164
104 158
105 199
105 181
105 186
105 250
106 199
106 181
106 186
106 250
107 218
107 249
107 136
108 209
108 159
109 157
110 147
110 153
111 223
111 227
111 177
111 244
111 207
113 210
114 210
115 147
115 153
116 228
116 229
116 233
116 225
116 160
117 144
117 150
118 146
118 187
119 241
120 246
121 237
121 242
121 243
121 135
121 183
122 174
122 161
122 168
123 157
124 167
124 169
124 173
124 185
124 156
124 212
125 224
125 195
125 164
125 158
126 210
127 230
128 230
129 201
129 194
130 230
131 146
131 187
132 230
133 202
133 172
134 202
134 172
135 237
135 242
135 243
135 183
136 249
136 218
137 202
137 172
138 202
138 172
139 216
140 210
141 200
141 151
141 180
141 155
142 166
143 171
143 247
143 170
143 198
143 220
143 152
143 213
145 202
145 172
146 187
147 153
148 201
148 194
149 167
149 169
149 173
149 185
149 156
149 212
151 200
151 180
152 198
152 247
152 220
152 213
154 219
154 221
154 205
154 215
155 200
155 180
156 185
156 212
158 224
158 195
159 209
160 225
160 228
160 229
160 233
161 182
162 235
162 204
162 238
162 236
162 222
163 179
164 224
164 195
165 208
167 185
167 212
168 182
169 185
169 212
170 247
170 198
170 220
170 213
171 247
171 198
171 220
171 213
172 202
173 185
173 212
174 182
175 219
175 221
175 205
175 215
176 239
176 248
177 223
177 227
177 244
177 207
181 232
181 250
183 237
183 242
183 243
184 192
184 197
184 203
185 212
186 232
186 250
189 239
189 248
190 203
191 203
192 203
194 201
195 224
196 234
197 203
198 247
198 220
198 213
199 232
199 250
204 235
204 238
204 236
206 226
207 227
207 244
211 226
213 247
217 226
218 249
220 247
222 235
222 236
222 238
223 227
223 244
225 228
225 229
225 233
