heur022_n_322_m_14226
1 233
2 207
4 309
4 239
4 88
6 203
6 290
6 179
6 37
7 208
7 132
7 116
7 95
7 154
7 125
8 183
8 82
9 194
9 131
10 302
11 313
12 31
12 115
13 259
14 210
16 118
16 22
17 157
18 71
18 232
18 301
19 110
21 310
22 240
22 118
23 294
24 288
25 235
26 257
26 127
26 316
27 160
29 231
30 314
31 115
32 265
33 193
33 123
33 61
34 110
35 187
36 49
36 60
36 126
37 290
38 170
38 271
38 103
39 40
39 119
40 119
41 197
41 173
42 215
42 294
43 71
43 232
43 301
44 47
45 220
45 156
46 281
47 177
49 126
52 184
53 192
54 201
54 276
54 69
55 279
57 131
57 194
58 265
59 289
59 291
59 113
59 209
61 193
61 175
61 123
62 196
65 320
65 73
66 259
67 99
69 201
69 276
70 81
71 232
71 301
72 236
73 320
74 319
75 295
75 163
75 98
80 122
80 146
81 241
81 249
81 246
82 183
83 224
83 195
83 164
84 161
86 257
86 316
88 309
88 239
89 228
89 296
90 94
91 156
91 220
92 120
92 172
92 198
93 213
94 300
94 140
94 200
95 116
95 208
95 132
95 125
96 227
97 294
98 163
98 295
100 282
101 185
102 277
103 271
103 170
105 273
107 162
109 311
111 181
112 265
113 209
113 289
113 291
113 139
114 216
114 321
116 132
116 154
116 125
117 134
117 192
118 240
120 172
120 198
120 308
122 146
123 193
123 175
124 205
124 264
125 132
125 208
125 154
127 316
128 130
128 226
131 194
132 208
134 192
135 307
135 141
135 280
136 162
136 199
137 149
139 289
139 291
139 169
139 209
140 300
140 200
141 202
141 307
141 280
144 283
148 168
150 268
150 266
151 225
152 218
152 166
156 220
158 248
158 237
162 199
164 224
164 195
165 229
166 287
166 218
169 291
169 209
169 289
170 271
171 312
171 253
172 198
172 308
178 244
179 290
179 203
180 298
182 235
184 299
184 269
186 211
187 263
191 255
195 224
198 308
201 276
202 280
203 290
205 264
209 289
209 291
211 258
211 214
215 294
217 285
218 287
219 231
221 285
223 317
232 301
234 251
237 248
239 309
239 256
247 320
251 297
253 312
256 309
260 273
266 268
267 310
269 299
273 292
280 307
289 291
