heur038_n_361_m_7987
2 259
2 4
3 318
4 259
5 297
5 99
6 356
7 106
7 158
8 360
8 9
9 360
11 316
11 238
12 65
12 92
12 204
12 166
12 152
13 59
15 264
15 18
16 58
17 178
17 126
17 28
18 264
20 137
20 44
20 51
21 32
21 222
21 283
22 242
22 42
22 202
22 288
23 258
24 79
25 265
27 127
28 178
28 126
29 135
29 183
30 93
30 260
30 244
31 48
31 246
32 222
32 283
33 84
33 341
33 226
34 277
34 78
34 148
35 96
36 269
37 131
38 308
38 161
38 151
39 224
39 175
40 252
42 242
42 202
42 288
43 351
43 229
44 137
44 51
45 210
46 68
46 273
47 256
47 94
48 246
49 85
50 332
50 80
51 137
53 73
53 122
54 313
54 174
55 331
57 190
60 349
60 205
65 92
65 152
67 177
68 273
69 262
70 274
70 228
70 334
71 211
71 170
72 306
72 172
72 109
73 122
74 300
74 120
75 201
77 139
78 277
78 148
80 332
81 114
81 343
81 339
82 317
82 107
83 304
83 235
84 341
84 226
86 104
87 286
88 199
88 98
88 346
89 261
89 188
90 225
91 299
91 102
92 204
92 152
93 260
93 244
95 186
95 241
95 153
95 185
97 128
97 208
98 199
98 346
99 297
100 289
100 315
101 234
101 119
102 299
105 121
105 319
106 158
107 317
108 112
108 281
109 306
109 172
112 281
114 343
114 339
115 296
115 266
115 243
118 221
119 234
120 300
121 319
124 255
125 276
125 192
126 178
128 208
129 147
129 197
130 144
130 220
132 280
132 138
134 359
135 183
135 233
136 285
138 280
141 358
142 227
142 294
143 216
144 220
146 160
147 197
148 277
149 323
150 312
150 330
151 161
151 308
152 166
152 204
153 241
153 186
153 185
154 179
155 354
155 240
156 265
157 200
161 308
163 270
167 355
170 211
171 338
171 279
171 325
172 306
173 207
174 313
175 224
176 329
176 327
176 191
181 278
183 233
184 353
185 241
185 186
186 241
188 261
191 329
191 327
192 276
196 309
199 346
200 237
202 242
202 288
203 229
205 349
213 282
215 295
218 272
218 301
222 283
226 341
227 294
228 274
228 334
229 351
230 232
231 310
234 348
236 352
238 316
240 354
242 288
243 296
243 266
244 260
248 262
249 312
249 330
250 345
250 357
257 361
266 296
268 284
268 324
269 293
272 301
274 334
279 338
279 325
284 324
291 355
292 321
312 330
325 338
327 329
344 347
345 357
