heur051_n_300_m_20122
1 275
2 240
6 223
8 184
10 214
12 155
12 148
12 260
12 247
12 169
13 194
13 190
13 197
15 211
15 175
16 155
16 148
16 260
16 247
16 169
17 220
17 287
19 299
19 235
19 265
21 240
22 240
23 278
24 295
24 202
26 237
27 293
30 237
31 171
31 179
31 241
32 240
35 278
36 289
36 199
36 238
36 244
36 281
37 168
37 162
37 249
37 201
39 147
39 266
39 158
39 198
43 285
43 226
45 182
46 270
49 295
49 202
50 270
52 295
52 202
53 194
53 190
53 197
56 285
56 226
57 213
58 261
58 272
59 240
61 242
61 263
62 215
63 194
63 190
63 197
64 242
64 263
65 261
65 272
66 254
66 151
66 222
67 266
67 147
67 158
67 198
68 254
68 151
68 222
69 215
71 166
71 236
71 248
72 86
72 215
73 159
73 188
73 174
73 229
74 239
74 208
74 210
74 154
75 294
75 205
75 146
76 250
76 170
76 216
76 196
77 233
77 181
78 294
78 205
78 146
79 214
80 257
82 294
82 205
83 261
83 272
84 239
84 208
84 210
84 154
85 293
86 215
88 254
88 151
88 222
89 270
90 297
90 300
90 209
92 294
92 205
92 146
93 213
94 251
94 276
94 186
94 290
94 227
94 228
94 161
94 259
95 145
96 284
96 233
96 181
96 298
97 239
97 208
97 210
97 154
98 256
98 258
98 176
98 279
98 231
98 144
99 284
99 233
99 181
99 298
100 145
101 184
102 145
103 145
105 214
106 162
106 168
106 201
106 249
109 184
110 159
110 188
110 174
110 229
111 163
111 167
111 230
112 257
113 241
113 179
113 171
114 278
115 180
115 184
116 159
116 188
116 174
116 229
119 159
119 188
119 224
119 174
119 229
122 170
122 250
122 216
122 196
124 242
124 263
125 153
125 200
127 199
127 238
127 244
127 281
129 145
130 215
131 257
133 212
133 286
134 212
134 286
135 194
135 190
135 197
136 212
139 240
140 145
141 295
141 202
142 295
142 202
143 212
144 279
146 294
149 296
150 296
152 288
152 280
156 280
156 288
161 290
161 276
164 292
165 283
176 279
178 277
179 241
181 284
181 298
186 276
186 290
193 273
202 291
202 295
204 277
205 294
207 271
209 297
209 300
212 286
217 273
218 271
219 274
220 287
221 282
225 274
226 285
227 290
227 276
228 290
228 276
231 279
233 284
233 298
235 299
238 281
238 289
244 289
251 276
251 290
252 282
256 279
258 279
259 290
259 276
261 272
264 282
265 299
291 295
