heur037_n_347_m_31752
1 36
2 123
3 73
5 123
5 137
7 111
7 47
7 81
8 212
8 119
9 138
10 138
10 310
10 218
11 324
12 32
12 324
13 123
14 217
14 228
15 134
15 324
15 157
16 187
16 259
16 146
17 274
17 312
17 208
18 248
19 264
19 267
19 84
19 294
21 244
21 309
21 246
24 248
25 72
25 143
25 148
25 91
25 342
28 240
28 272
28 223
28 271
29 195
29 189
30 186
31 214
31 219
31 319
32 134
32 324
32 157
33 93
33 257
33 62
33 181
33 156
34 93
34 181
34 156
35 245
35 251
36 145
36 155
36 77
38 175
38 93
38 257
38 181
38 156
40 265
40 106
40 92
40 221
42 295
43 88
44 70
45 147
46 209
47 64
47 75
47 239
47 191
48 187
48 259
48 146
48 296
49 111
49 239
50 245
50 249
50 251
51 105
51 183
52 65
55 175
55 93
55 257
55 62
55 181
55 156
56 224
57 170
57 202
58 109
59 196
59 233
59 180
59 154
60 261
60 122
60 131
61 89
62 175
63 171
63 219
63 214
63 319
65 281
66 129
66 186
67 194
67 278
68 192
68 268
68 142
68 254
69 100
69 291
69 144
69 285
70 178
70 318
72 143
72 342
73 167
73 345
74 248
76 301
76 332
77 172
78 265
78 106
78 92
78 221
79 231
79 136
81 239
82 346
82 86
82 112
83 178
84 267
84 294
85 334
87 333
87 311
88 94
89 243
91 148
93 175
93 181
93 156
95 253
96 97
96 107
97 307
99 321
99 289
99 205
99 206
99 211
100 291
101 119
101 212
103 292
104 117
104 293
109 325
109 263
111 239
111 191
113 126
113 169
114 138
114 310
116 119
116 212
117 293
119 197
119 212
120 171
120 319
121 293
121 337
121 124
123 188
123 316
123 339
123 137
124 293
126 241
126 169
128 287
129 186
130 320
130 334
130 303
133 276
134 324
136 231
136 279
138 282
138 310
138 218
139 259
139 146
140 151
140 297
140 242
141 164
141 207
142 192
142 268
142 254
142 335
144 291
144 283
145 302
145 172
146 259
146 275
146 152
146 187
146 296
146 226
147 176
147 184
147 216
147 347
147 262
148 179
148 342
149 150
150 336
150 306
150 314
150 215
151 297
151 242
152 259
152 275
154 341
155 172
156 175
156 181
157 324
158 193
159 164
161 290
161 186
162 248
163 214
163 319
164 207
165 219
165 319
171 182
171 214
171 319
172 302
175 257
175 181
178 227
180 341
182 219
182 214
182 319
183 256
186 290
187 259
192 335
196 341
197 212
199 287
204 291
205 321
205 289
205 211
206 321
206 289
206 211
211 321
211 289
213 320
213 326
213 334
214 219
214 319
215 336
216 262
218 310
219 319
220 324
223 240
226 259
230 287
230 258
231 238
231 279
232 287
233 341
239 284
240 271
244 309
246 309
247 287
248 331
252 292
254 335
259 275
259 296
263 325
266 286
268 335
269 292
273 280
277 287
282 310
285 291
288 328
288 338
289 321
295 322
295 330
300 330
320 326
326 334
