heur018_n_300_m_25919
2 218
3 179
4 268
5 161
5 298
5 284
5 241
5 127
8 235
10 275
10 139
10 118
11 167
13 141
14 126
15 287
18 168
20 185
21 140
21 162
22 175
22 146
22 156
22 149
24 146
24 156
24 175
24 149
26 180
26 293
30 169
30 231
32 222
32 159
32 155
34 267
35 277
36 160
36 164
37 256
37 142
38 216
39 232
39 179
40 290
41 174
41 255
44 218
46 167
48 218
49 178
50 293
50 180
53 147
54 145
59 185
60 232
60 179
62 174
62 255
65 273
65 221
66 288
67 173
68 145
70 145
71 238
72 295
73 192
74 178
75 207
75 194
75 283
79 282
81 282
82 204
82 124
83 173
86 179
87 265
88 263
89 213
89 196
91 137
91 227
92 250
93 140
93 162
95 216
96 132
96 212
96 125
96 276
97 157
98 224
99 200
99 151
99 252
101 126
102 265
103 167
105 295
106 219
106 117
107 141
108 187
108 285
110 174
112 228
112 229
113 162
113 140
114 180
114 293
115 230
115 123
116 265
136 271
279 294
