heur023_n_329_m_16183
1 304
1 42
1 293
1 6
2 144
2 57
2 221
3 35
4 288
4 250
4 11
5 273
5 13
5 247
5 121
7 9
7 133
7 177
8 259
8 171
9 133
10 213
10 142
10 146
11 288
11 250
12 88
13 247
13 121
15 76
15 316
15 169
16 167
16 242
16 189
17 258
17 198
17 150
17 292
17 178
17 40
18 102
18 195
19 294
21 120
22 76
22 316
22 169
23 196
23 237
23 159
24 196
24 237
24 159
26 129
26 246
29 33
29 95
31 223
31 215
31 117
31 69
33 106
33 155
33 95
34 294
35 58
36 272
36 239
39 153
39 151
39 279
39 140
39 236
40 198
40 150
41 74
42 293
45 181
46 195
49 278
49 111
51 65
54 72
55 192
57 144
59 318
62 72
63 90
64 167
64 242
64 189
65 280
67 128
69 215
70 81
71 81
73 128
74 217
75 291
76 316
76 169
78 156
78 261
79 251
79 253
79 104
80 157
80 328
82 156
82 261
83 120
84 201
84 110
85 141
86 147
86 172
87 230
87 115
89 152
89 188
89 204
89 277
89 135
90 202
90 154
92 175
93 281
93 167
93 242
93 189
94 325
94 315
95 106
95 155
96 224
96 193
96 182
96 254
99 276
102 195
102 103
103 195
104 251
104 253
105 226
105 228
107 160
107 191
108 283
108 307
108 163
108 138
109 158
110 201
110 194
110 303
113 160
115 209
115 205
115 230
118 166
121 273
121 247
122 208
122 162
122 187
122 190
123 131
124 218
124 311
126 211
127 196
127 237
127 159
130 234
130 265
130 289
132 257
132 243
132 324
132 305
132 179
132 184
133 177
134 248
135 204
135 152
135 188
138 163
138 302
138 283
140 206
140 151
140 153
140 279
140 236
141 233
142 213
143 299
143 219
143 164
144 221
146 213
147 172
150 258
150 198
150 292
150 178
151 153
151 206
152 204
152 188
152 277
153 206
156 261
157 296
157 312
159 196
159 237
160 191
161 327
162 187
162 190
163 283
163 302
163 307
165 192
166 168
167 281
167 242
169 316
170 295
170 197
170 267
171 266
171 259
171 235
176 234
176 265
176 289
178 198
179 257
179 324
179 305
179 243
179 184
182 224
182 254
184 257
184 305
187 208
187 190
188 277
189 242
189 281
190 208
192 255
196 237
197 295
197 267
198 258
198 292
200 216
201 303
203 284
203 297
203 326
203 274
203 252
204 277
205 230
206 279
206 236
209 230
216 220
218 311
222 314
224 254
225 269
225 271
225 285
226 228
227 264
228 308
231 318
231 282
232 245
232 240
234 265
234 289
240 245
241 264
241 248
242 281
243 257
243 305
247 273
248 264
251 253
252 326
252 297
252 274
252 284
257 324
257 305
265 289
269 285
271 285
274 297
274 284
274 326
278 301
282 318
283 302
283 307
284 297
284 326
287 329
296 328
297 326
302 307
305 324
312 328
315 325
