heur036_n_347_m_17983
1 151
2 164
2 170
4 196
4 319
4 334
4 167
6 85
6 342
6 189
7 284
7 50
8 270
8 47
10 236
10 326
11 79
11 256
12 158
13 88
14 288
15 110
16 219
17 110
18 249
18 275
18 228
19 209
19 141
20 136
20 77
21 209
21 141
23 88
25 89
25 206
26 158
27 142
27 235
29 171
29 139
29 117
29 69
30 203
31 70
31 281
31 299
32 131
32 114
32 179
32 250
33 317
33 302
33 140
34 109
35 180
35 333
36 185
37 236
37 326
38 290
38 332
38 282
38 247
39 151
40 67
40 243
40 63
41 146
42 236
42 326
43 324
44 136
44 77
45 136
45 77
46 218
46 328
47 193
47 155
47 339
47 115
47 86
47 270
47 337
48 88
48 229
49 177
49 252
50 284
51 219
52 203
54 203
55 201
55 316
55 239
55 267
56 153
56 101
58 293
60 105
60 99
60 93
60 331
60 81
60 144
62 94
62 78
63 243
64 123
64 124
65 297
66 194
66 300
67 243
68 279
68 220
68 237
68 191
68 154
68 336
68 287
68 172
69 130
69 171
69 139
69 117
70 281
71 72
71 182
72 182
73 82
74 234
74 307
74 147
75 254
76 163
76 198
77 136
79 256
80 254
81 99
81 105
81 93
81 144
84 98
85 189
85 342
86 193
86 115
86 339
86 270
86 337
87 109
88 199
88 229
89 206
90 257
90 266
90 295
90 162
92 332
92 282
93 331
93 144
95 164
95 132
95 170
95 121
96 177
96 252
97 338
97 137
97 211
99 331
99 144
100 240
103 207
105 144
107 161
107 294
107 169
107 303
107 280
107 313
108 158
111 323
111 327
111 260
113 244
113 175
114 250
114 179
117 130
117 171
118 158
119 238
119 255
119 215
119 202
121 164
121 286
122 321
122 231
123 124
125 245
125 145
126 221
127 288
127 160
128 177
129 320
131 250
131 179
132 164
132 286
133 322
135 234
135 307
135 147
137 338
137 211
138 259
138 301
140 317
140 302
141 209
142 308
142 285
142 235
142 210
142 216
143 230
143 178
145 245
146 253
147 224
147 234
147 307
148 278
148 293
150 165
150 214
152 277
152 230
152 271
152 178
154 237
154 279
154 220
154 191
154 287
154 172
156 306
156 311
157 207
159 263
160 288
161 169
161 303
161 280
163 198
164 170
164 286
166 180
166 333
167 196
167 334
167 319
168 189
169 313
169 294
169 303
169 280
172 237
172 336
172 279
172 220
172 191
175 244
175 261
177 252
177 205
178 230
178 269
178 271
178 277
184 207
186 187
188 283
188 254
189 342
191 237
191 279
191 336
191 287
193 270
193 337
194 300
195 236
197 248
200 212
201 316
201 239
201 267
202 215
202 255
202 238
204 329
204 347
210 235
210 308
210 216
211 338
211 341
212 305
213 291
213 309
215 255
215 238
216 235
216 308
218 328
220 336
220 287
222 304
227 236
228 249
228 275
230 277
230 269
230 271
231 321
231 335
233 242
235 308
235 285
236 326
237 336
237 287
239 316
239 267
240 246
247 332
247 282
248 325
249 275
254 283
258 332
258 290
259 301
262 289
262 310
263 276
264 292
267 316
270 337
278 293
279 336
279 287
280 303
281 299
282 332
287 336
288 340
288 343
290 332
291 309
292 314
296 329
296 347
298 315
311 346
321 335
338 341
