heur011_n_250_m_6574
1 81
1 178
2 117
2 92
3 202
4 122
4 83
6 61
8 45
10 106
11 176
12 85
14 106
15 157
17 30
18 103
18 91
18 156
20 232
20 147
20 87
20 229
21 32
23 190
24 190
26 195
26 172
26 90
27 136
27 110
28 219
29 200
29 95
30 126
30 249
30 220
31 192
31 127
33 225
33 164
33 207
34 242
34 66
34 118
35 240
35 167
35 201
35 108
35 144
35 183
37 165
37 182
38 188
38 116
39 139
39 210
40 128
41 100
41 58
41 96
42 58
42 100
42 96
45 238
46 243
46 119
47 160
47 114
47 67
47 231
48 154
48 101
49 211
49 204
49 159
49 230
49 152
49 233
53 78
53 180
53 198
54 196
58 100
58 96
59 98
59 163
60 88
60 226
60 86
61 239
64 175
65 145
65 77
66 242
66 118
67 231
69 97
69 170
69 168
70 235
71 80
72 146
72 120
73 228
74 105
74 223
74 79
75 193
75 166
75 102
77 145
78 180
78 198
79 105
79 223
81 212
81 178
82 148
82 124
83 122
83 130
84 192
84 127
85 224
86 226
87 232
87 147
87 229
88 226
89 227
89 246
90 195
90 172
91 103
91 156
92 117
92 138
92 132
94 187
95 200
97 170
97 168
98 163
101 154
102 193
103 156
105 223
107 213
108 240
108 201
108 144
108 183
109 209
109 197
110 136
114 231
116 188
117 138
117 132
118 242
119 243
120 146
121 203
121 206
122 130
123 162
123 151
124 148
125 245
125 214
125 216
127 192
129 157
131 179
133 158
133 189
133 184
141 161
143 181
144 167
144 201
144 183
149 171
150 179
152 230
152 204
152 211
152 233
153 234
155 248
157 236
158 189
158 184
159 211
159 204
159 230
159 233
160 231
164 225
164 207
165 182
166 193
167 240
167 201
167 183
168 170
169 206
169 203
172 195
173 185
178 212
183 201
183 240
184 189
190 241
191 217
191 250
197 209
201 240
204 230
204 233
216 245
217 250
220 249
