heur030_n_330_m_5613
1 94
1 313
1 95
1 273
2 50
2 322
2 150
3 50
3 322
3 150
4 94
4 313
4 95
4 273
5 94
5 313
5 95
5 273
6 250
6 305
6 242
6 307
6 128
7 144
8 61
8 231
8 314
9 57
9 54
10 144
11 211
11 251
11 93
11 257
11 234
12 36
12 228
12 142
12 277
12 279
13 19
13 86
13 120
13 154
13 156
13 116
14 321
14 274
14 280
14 281
14 97
14 282
14 283
14 22
15 66
15 101
15 103
15 240
15 215
15 217
15 148
16 289
16 301
17 138
17 155
17 196
18 144
19 120
19 156
19 154
19 86
19 116
20 319
20 204
20 90
20 219
20 221
20 223
21 231
21 314
22 321
22 97
22 274
22 280
22 281
22 282
22 283
23 79
23 266
23 262
23 134
24 231
24 314
25 295
25 296
25 309
25 312
25 212
25 125
25 244
26 225
26 174
27 48
27 214
27 175
27 136
27 153
28 121
29 219
29 221
29 223
29 319
29 204
29 90
30 132
30 135
30 119
30 287
30 179
30 330
31 266
31 262
31 134
32 152
32 59
32 124
32 191
34 160
34 161
34 326
34 303
34 47
34 123
34 190
34 268
35 144
36 228
36 277
36 279
36 142
37 319
37 204
37 90
37 219
37 221
37 223
38 181
38 237
38 51
39 225
39 107
39 174
40 145
40 147
41 203
42 181
42 237
42 51
43 184
43 186
43 183
43 60
44 181
44 237
44 51
45 205
46 210
46 127
46 209
46 236
46 325
47 160
47 161
47 71
47 303
47 190
47 326
47 76
47 268
48 73
48 175
48 214
48 136
48 153
49 292
49 260
49 77
50 69
50 322
50 150
51 237
51 181
52 256
52 328
53 256
53 328
55 248
55 220
56 229
56 255
58 198
58 293
59 152
59 124
59 78
59 191
60 183
60 184
60 186
61 231
61 314
62 178
63 176
63 88
63 89
64 162
66 240
66 217
66 215
67 287
67 119
67 132
67 135
67 179
67 330
68 295
68 296
68 212
68 309
68 312
68 244
69 322
70 316
70 253
70 238
70 271
71 160
71 161
71 123
71 303
71 190
71 326
71 268
72 132
72 135
72 330
72 179
72 119
72 287
73 175
73 214
73 136
74 171
74 173
74 285
74 222
74 185
75 323
75 131
75 208
75 247
75 92
75 165
76 160
76 161
76 326
76 303
76 123
76 190
76 268
77 292
77 260
78 152
78 191
79 266
79 262
79 134
80 145
80 147
81 187
81 130
81 261
82 171
82 173
82 222
82 285
82 185
83 210
83 127
83 209
83 236
83 325
84 132
84 135
84 330
84 179
84 119
84 287
85 130
85 261
85 187
86 120
86 154
86 156
86 116
87 272
87 235
87 224
88 176
88 108
88 146
89 176
89 108
89 146
90 319
90 204
90 219
90 221
90 223
91 258
91 278
91 254
92 323
92 131
92 110
92 208
92 247
92 165
93 211
93 251
93 257
93 234
94 313
94 273
95 313
95 273
96 104
97 321
97 274
97 280
97 281
97 282
97 283
98 182
98 276
99 133
99 304
99 263
100 192
100 194
100 195
100 275
100 324
100 302
101 240
101 217
101 215
101 148
102 216
102 157
103 240
103 217
103 215
105 252
105 306
105 241
105 111
106 269
107 225
107 174
108 176
109 311
109 265
110 208
110 131
110 247
110 323
110 165
111 306
111 252
111 241
112 259
112 197
112 199
112 167
113 169
113 170
113 172
115 290
117 218
117 213
119 287
119 132
119 135
119 179
119 330
122 187
122 130
122 261
123 303
123 190
123 326
123 268
124 152
124 191
125 295
125 296
125 212
125 309
125 312
125 244
127 236
127 325
128 305
128 242
128 307
128 250
129 310
129 249
129 246
130 187
130 261
131 208
131 247
131 323
131 165
132 287
132 179
132 330
133 304
133 263
134 262
134 266
135 287
135 330
136 214
136 153
137 229
137 255
138 155
138 196
139 151
139 188
139 284
139 270
140 198
140 293
141 198
141 293
142 277
142 228
142 279
143 320
143 318
143 158
143 243
143 297
146 176
148 240
148 215
148 217
150 322
151 284
151 270
153 175
153 214
157 216
158 320
158 318
158 243
158 297
159 226
159 245
159 227
160 303
160 190
160 326
160 268
161 303
161 190
161 326
161 268
163 291
163 264
163 233
163 267
163 317
164 264
164 233
164 267
164 317
164 291
165 323
166 206
166 327
166 300
167 193
167 197
167 199
167 259
171 222
171 285
171 185
173 222
173 285
173 185
174 225
177 201
177 308
177 294
179 287
179 330
180 304
180 263
181 237
182 276
185 285
185 222
187 261
188 284
190 303
190 326
192 324
192 302
193 259
194 324
194 302
195 275
195 324
195 302
197 259
198 293
199 259
201 308
201 294
204 319
204 219
204 221
204 223
206 207
206 327
206 300
207 327
208 323
209 236
209 325
210 236
210 325
211 257
211 234
212 295
212 296
212 309
212 312
212 244
215 240
217 240
219 319
220 248
221 319
222 285
223 319
224 272
224 235
226 245
227 245
228 277
228 279
229 255
230 298
232 298
233 291
234 257
234 251
236 325
238 316
238 253
238 271
239 288
239 286
239 299
241 306
241 252
242 305
242 307
242 250
243 320
243 318
243 297
244 295
244 296
244 309
244 312
246 310
247 323
249 310
250 305
250 307
251 257
252 306
253 316
253 271
254 278
256 328
258 278
260 292
264 317
264 291
265 311
267 317
267 291
268 326
268 303
270 284
274 280
274 281
274 321
274 282
274 283
275 324
275 302
286 299
287 330
288 299
291 317
294 308
295 312
296 312
297 320
297 318
300 327
302 324
303 326
