heur002_n_100_m_3274
1 94
1 80
1 86
1 91
1 46
2 60
3 48
3 96
5 97
5 52
5 51
6 60
6 66
7 68
7 74
7 61
8 65
8 50
8 63
9 56
10 57
10 70
10 95
11 62
11 72
11 49
11 58
11 92
11 43
12 47
12 76
12 56
13 71
14 80
14 86
14 91
14 94
14 46
15 84
15 54
15 55
15 100
16 100
16 84
16 54
17 88
17 53
17 67
18 26
18 97
18 90
19 88
19 53
19 67
20 78
20 47
20 76
20 56
21 78
21 47
21 76
21 56
21 81
22 47
22 76
22 56
22 81
23 45
23 71
24 94
24 86
24 91
24 46
25 84
25 54
25 55
25 100
27 72
27 59
27 62
27 49
27 58
27 92
27 43
29 93
31 47
31 76
32 47
32 76
34 69
34 99
34 82
35 98
35 48
35 96
36 59
36 62
36 49
36 58
36 92
36 43
37 45
37 44
37 71
38 65
38 50
39 93
40 47
41 77
