heur021_n_320_m_13507
1 309
1 70
1 137
2 301
2 35
2 139
2 20
2 80
2 142
3 229
3 157
4 35
4 107
4 139
4 20
4 80
4 142
5 301
5 80
5 142
6 198
6 147
6 178
6 24
7 237
8 106
8 269
8 282
8 60
8 317
8 288
9 320
9 302
9 190
10 98
10 44
10 205
10 206
10 243
10 152
10 267
10 99
11 270
11 68
11 266
11 144
12 309
12 70
12 137
13 192
13 176
13 180
13 187
13 298
14 301
14 35
14 139
14 20
14 80
14 142
15 320
15 302
15 190
17 69
18 48
18 89
18 31
18 284
19 128
19 241
19 207
19 119
20 35
20 139
20 301
20 142
21 235
21 315
21 149
22 110
22 83
22 153
22 116
23 246
24 196
24 198
24 178
24 147
25 179
26 63
26 255
26 154
26 148
27 163
27 202
27 173
27 218
27 189
27 122
27 200
28 221
28 133
28 172
28 294
28 306
29 258
29 100
29 112
29 184
29 188
29 191
30 161
30 166
30 273
30 183
30 194
31 89
31 204
31 236
31 284
32 77
33 209
33 115
33 151
33 314
33 158
34 256
34 252
34 223
34 94
35 301
35 107
35 80
36 162
37 109
37 145
37 120
37 211
38 297
38 93
38 131
39 238
39 277
39 105
41 103
41 114
41 181
42 195
42 71
42 73
42 299
42 75
42 305
42 53
42 95
42 177
43 291
43 234
43 268
43 244
43 117
43 280
45 257
45 175
45 143
45 271
45 186
45 259
46 289
46 278
46 248
46 79
46 227
47 88
47 127
47 160
48 89
48 204
48 236
48 284
49 214
50 114
50 103
50 181
51 238
51 277
51 105
52 96
52 224
52 197
53 195
53 305
53 87
55 299
55 195
55 305
55 177
56 212
56 140
56 304
56 58
56 283
57 238
57 105
58 140
58 78
58 304
58 81
58 212
58 59
58 283
59 212
59 140
59 304
59 283
60 269
60 282
60 317
60 106
60 288
60 254
61 246
62 320
62 302
62 190
63 104
63 154
63 167
63 148
64 309
64 70
64 137
66 132
66 201
66 208
66 199
67 132
67 201
67 199
68 84
68 270
69 130
69 136
69 203
69 111
69 150
70 239
70 309
70 137
71 299
71 305
71 87
71 177
72 246
73 299
73 305
73 87
73 177
74 101
75 299
75 305
75 87
75 177
78 212
78 140
78 304
79 248
79 289
79 278
79 227
80 107
80 139
80 301
80 142
81 212
81 140
81 304
82 132
82 201
82 208
82 199
83 230
83 141
83 153
83 116
84 266
84 144
85 133
85 294
85 172
85 306
85 220
85 221
86 232
86 245
86 290
86 276
86 125
86 165
87 195
87 305
87 95
87 177
88 135
89 204
89 236
89 284
90 103
90 181
91 96
91 224
91 197
92 101
93 292
93 295
93 297
93 307
93 318
93 146
93 131
94 223
95 299
95 305
95 177
96 197
96 174
96 224
97 101
98 152
99 267
99 152
100 258
100 112
100 191
100 184
101 102
101 108
101 249
101 123
103 171
104 148
105 238
105 277
105 124
106 269
106 282
106 317
106 288
106 254
107 301
107 142
109 120
109 211
110 230
110 141
110 116
111 203
112 258
112 188
112 191
112 184
113 169
113 275
113 311
113 316
113 253
114 181
115 209
115 151
115 158
115 314
116 230
116 141
117 291
117 244
118 257
118 175
118 143
118 271
118 186
119 241
119 207
120 272
120 145
121 229
121 157
122 163
122 202
122 313
122 312
122 200
124 238
124 277
125 290
125 276
125 165
127 160
127 135
128 241
128 207
129 229
129 157
131 292
131 297
131 146
131 307
132 201
132 208
132 199
133 263
133 231
133 220
133 247
133 217
133 250
133 221
133 172
133 294
133 306
134 229
135 160
137 239
137 309
138 229
139 301
140 212
140 283
141 153
142 301
143 262
143 257
143 164
143 271
143 259
144 266
144 270
145 272
145 211
146 292
146 295
146 307
146 318
147 196
147 198
147 213
147 178
148 154
148 167
148 255
149 210
152 206
152 243
152 205
153 230
154 255
155 179
155 279
156 287
157 229
158 209
161 166
161 273
161 183
161 194
163 168
163 189
163 313
163 218
163 312
163 200
164 257
164 175
164 186
164 271
165 232
165 276
165 245
166 273
166 194
167 255
168 313
168 312
168 200
169 293
169 275
169 253
169 311
169 316
170 185
171 181
172 263
172 231
172 220
172 247
172 217
172 250
172 221
172 294
172 306
173 313
173 312
173 200
174 197
174 224
175 262
175 257
175 271
175 259
176 192
176 180
176 187
176 298
177 195
177 305
178 196
178 198
179 279
182 285
183 273
183 194
184 258
184 188
184 191
185 193
186 262
186 257
186 271
186 259
189 313
189 312
189 200
190 320
190 264
194 273
195 299
195 305
199 201
199 208
200 202
200 312
200 313
200 218
201 208
202 313
202 218
202 312
204 284
205 267
206 267
207 241
209 314
210 235
210 315
211 272
212 304
216 228
216 260
216 296
216 233
216 319
216 286
216 261
217 294
218 313
218 312
220 294
220 306
221 294
221 306
223 256
223 252
225 287
226 260
226 296
226 319
226 286
226 261
227 289
227 278
228 260
228 296
228 319
228 286
228 261
231 294
231 306
232 290
232 276
233 260
233 296
233 319
233 286
233 261
234 310
234 244
236 284
237 265
239 309
240 274
243 267
244 291
244 268
244 310
244 280
245 290
245 276
246 303
247 294
247 306
248 278
250 294
250 306
253 275
253 293
253 311
253 316
254 288
254 282
254 269
254 317
257 262
257 271
257 259
259 262
259 271
260 300
260 281
260 296
260 319
260 286
260 261
261 296
261 300
261 281
261 286
261 319
262 271
263 294
263 306
264 320
264 302
266 270
269 282
269 288
275 316
276 290
281 296
281 319
281 286
282 288
283 304
286 296
286 300
288 317
292 307
293 316
294 306
296 300
296 319
297 307
299 305
300 319
302 320
311 316
