heur013_n_250_m_22395
1 145
1 141
3 37
4 204
4 81
6 235
6 191
6 144
7 126
7 37
8 242
8 95
9 48
9 98
10 90
12 80
13 81
13 204
13 87
17 31
18 174
20 37
20 126
21 97
22 152
22 93
23 161
23 35
23 47
25 157
25 91
29 172
29 79
40 76
41 89
43 76
45 76
48 98
56 188
59 209
70 154
76 136
76 243
76 244
76 182
78 155
78 149
79 241
79 172
79 116
81 163
81 192
82 135
83 146
84 130
84 230
87 192
88 184
91 157
92 162
92 109
94 150
94 129
95 198
96 148
97 135
98 118
99 184
108 170
124 187
137 170
142 214
144 191
145 153
148 218
164 200
167 234
171 183
172 241
224 245
