heur039_n_361_m_13593
1 40
1 331
1 246
2 126
2 86
2 245
2 177
3 299
3 302
4 122
5 224
5 34
5 258
5 292
6 288
6 271
6 272
6 273
6 95
6 140
7 268
8 129
8 72
8 44
8 53
8 75
8 311
9 208
9 219
9 350
10 155
10 280
10 236
10 316
12 65
12 225
12 321
12 101
12 231
12 328
12 83
13 252
13 143
14 290
14 67
14 80
14 338
16 49
16 161
17 118
17 46
17 261
18 264
18 41
18 37
19 200
19 346
20 160
20 199
20 238
21 33
21 45
21 196
22 55
22 105
22 305
22 104
23 313
23 229
23 334
23 359
23 287
23 282
24 111
24 233
25 51
25 320
26 354
27 35
27 119
27 239
28 314
28 310
28 50
30 209
31 234
31 124
31 317
31 223
33 45
33 196
34 224
34 258
34 292
35 237
35 121
35 119
35 239
37 264
37 41
38 250
38 254
38 142
38 184
38 347
39 68
39 295
39 269
39 175
40 246
41 264
42 323
42 227
42 332
42 206
42 340
42 81
43 187
43 189
43 327
44 75
44 311
45 196
46 261
47 111
47 233
48 123
48 182
49 161
50 314
50 85
50 310
51 120
51 128
51 320
51 180
52 355
52 361
52 106
52 216
52 63
53 129
53 75
53 311
54 337
54 203
54 214
55 283
55 356
55 105
55 305
55 104
56 309
57 307
57 100
59 148
61 259
61 130
62 136
63 355
63 361
63 106
63 216
64 260
64 230
64 76
65 225
65 321
67 290
67 188
67 338
68 175
68 269
68 295
71 357
71 342
71 335
71 134
71 333
72 75
72 311
73 185
73 108
73 319
73 212
74 344
74 251
75 129
75 311
76 260
76 230
77 259
77 130
80 290
80 188
80 338
81 323
81 227
81 332
81 206
81 340
83 225
83 321
85 310
86 126
86 178
87 286
87 89
88 280
88 155
88 316
89 301
89 243
89 286
90 92
95 288
95 272
95 140
96 252
96 143
97 136
97 255
98 123
98 182
98 116
100 307
100 217
101 225
101 321
103 107
103 205
103 270
103 153
104 356
104 105
104 305
104 283
105 356
105 283
106 216
107 205
107 147
108 185
108 319
109 360
113 244
114 144
114 115
114 277
114 191
115 277
115 191
115 144
116 123
116 182
118 261
119 237
119 121
119 239
120 320
121 239
123 182
124 223
125 293
125 256
126 245
126 178
126 177
127 211
127 172
128 320
129 311
130 259
134 357
134 335
135 344
135 251
136 255
140 288
140 271
140 272
140 273
141 165
141 266
141 173
141 157
142 250
142 254
142 184
142 347
143 252
144 277
144 191
146 194
146 298
147 205
147 270
147 153
151 176
151 312
152 228
152 247
153 270
153 205
154 168
154 192
154 279
154 278
155 348
155 280
155 236
155 316
156 183
159 360
160 199
160 238
164 360
166 360
167 222
168 278
170 181
171 172
172 232
172 211
175 326
175 269
175 295
176 312
176 281
177 178
178 245
179 244
180 320
184 250
184 349
184 254
184 347
185 212
186 276
186 303
186 341
186 221
188 290
188 338
189 327
190 222
192 278
193 345
193 222
194 298
195 226
197 324
199 238
203 337
204 308
205 270
206 227
206 340
206 332
206 323
207 324
208 350
212 319
214 337
216 361
216 355
217 307
218 309
219 350
220 274
221 276
221 341
221 303
223 234
223 317
224 292
225 328
225 231
225 321
227 332
227 323
229 313
229 334
229 359
229 287
229 282
231 321
235 300
236 280
236 316
237 239
241 263
242 352
242 274
242 318
242 351
243 286
244 296
246 331
250 349
254 349
257 306
258 292
265 315
265 291
268 284
269 326
271 288
271 272
272 288
272 273
273 288
274 352
274 318
276 341
278 279
280 348
280 316
281 312
282 359
282 334
282 313
283 305
286 301
287 334
287 313
289 330
290 338
295 326
299 302
303 341
305 356
310 314
313 359
316 348
318 352
321 328
323 340
323 332
329 330
330 343
332 340
334 359
347 349
