heur024_n_329_m_27115
1 178
1 150
1 143
2 15
2 249
2 321
3 116
3 39
4 8
4 139
4 303
5 82
5 212
7 276
7 173
7 179
9 184
10 271
10 155
11 58
11 46
11 79
12 96
12 194
12 60
12 322
13 88
13 91
14 137
14 77
15 89
15 249
15 321
17 49
18 183
19 121
21 128
22 227
24 312
27 197
28 222
29 228
29 133
31 274
32 161
32 305
33 164
33 207
33 154
35 104
35 86
35 323
35 149
37 187
38 232
38 157
39 201
39 116
39 119
39 266
39 302
42 248
44 138
45 277
46 79
47 140
47 163
48 140
48 163
49 234
52 115
53 129
55 228
55 133
56 171
56 253
58 79
59 188
59 198
60 96
62 109
62 299
63 188
63 198
64 145
65 188
65 198
66 124
66 196
66 315
68 328
68 75
70 187
72 262
73 192
73 76
75 131
75 328
76 192
76 257
76 254
76 319
77 137
80 181
80 261
81 183
83 275
87 170
89 249
89 321
90 161
90 305
93 237
93 245
93 158
94 232
95 260
95 263
95 296
95 269
95 279
96 194
96 322
98 170
99 232
99 157
100 170
101 175
101 102
102 105
102 216
103 286
105 216
105 175
106 206
109 176
112 318
113 126
114 286
114 208
115 215
116 302
118 211
119 302
120 222
121 197
121 219
122 271
124 292
124 196
124 315
124 217
128 147
130 193
130 191
132 297
133 290
133 228
133 238
137 235
140 301
140 163
141 167
145 250
145 291
148 185
148 204
148 229
148 258
150 178
154 251
157 232
158 237
158 245
161 305
163 301
167 226
167 246
173 179
174 184
174 242
175 216
175 300
176 299
180 227
181 261
183 310
183 210
184 231
184 242
185 202
185 229
185 258
187 298
187 278
188 198
189 293
192 257
192 254
192 319
195 252
195 264
195 294
195 324
196 292
196 315
196 217
201 302
202 204
204 229
204 258
205 218
206 311
206 280
208 286
213 259
216 300
222 248
225 283
225 273
225 309
228 290
228 238
231 242
243 262
252 264
252 294
252 324
260 296
263 296
264 294
266 302
269 296
273 283
274 307
279 296
280 311
283 309
288 328
294 324
