heur004_n_140_m_3014
1 85
1 86
1 92
1 51
2 96
2 35
2 53
2 118
2 120
2 30
3 99
3 131
3 74
3 116
3 54
3 31
3 93
3 126
3 140
3 58
4 64
4 105
4 42
4 138
4 79
4 113
4 52
4 57
4 61
4 62
4 132
4 108
4 112
5 68
5 69
5 109
5 110
5 87
6 102
6 136
6 72
6 107
6 78
6 90
6 76
6 46
7 64
7 105
7 79
7 113
7 57
7 61
7 42
7 52
7 132
7 108
7 112
8 73
8 75
8 82
8 127
8 137
8 117
8 59
8 89
8 111
8 83
8 101
8 106
8 41
8 43
8 103
8 128
9 85
9 86
9 92
9 51
9 13
10 49
11 31
11 54
11 99
11 116
11 74
11 131
11 93
11 126
11 140
11 58
12 70
12 44
12 123
12 60
12 135
12 32
13 51
13 85
13 86
13 92
14 56
14 36
14 115
14 133
15 99
15 131
15 74
15 116
15 31
15 93
15 126
15 140
15 58
16 104
16 45
16 28
16 38
16 47
16 34
16 100
16 130
17 90
17 107
17 102
17 46
17 65
18 73
18 137
18 75
18 82
18 117
18 59
18 127
18 89
18 111
18 83
18 101
18 106
18 41
18 43
18 103
18 128
19 80
19 29
20 44
20 123
20 60
21 129
21 110
21 87
22 37
22 56
22 36
22 115
22 133
23 96
23 35
23 53
23 118
23 120
23 30
24 98
24 67
24 91
24 125
24 94
24 95
24 124
25 104
25 45
25 114
25 28
25 38
25 121
25 47
25 34
26 49
27 66
28 104
28 114
28 121
28 47
28 130
30 96
30 53
30 118
30 120
31 54
31 99
31 74
31 93
31 126
31 58
32 70
32 135
32 123
32 60
33 56
33 133
34 121
34 104
34 45
34 47
34 114
34 100
34 130
35 118
35 120
36 133
37 56
37 115
37 133
38 104
38 114
38 121
38 47
38 100
38 130
39 91
39 95
39 125
39 67
39 98
39 94
39 124
40 119
41 101
41 137
41 111
41 82
41 59
41 127
42 64
42 57
42 138
42 62
42 132
42 108
42 112
43 101
43 137
43 75
43 106
43 111
43 117
43 59
43 127
43 103
43 128
44 123
44 135
45 104
45 114
45 121
45 100
45 130
46 136
46 107
46 78
46 65
47 121
47 100
47 130
48 139
50 63
51 85
51 86
52 113
52 61
52 62
52 108
52 112
53 118
53 120
54 116
54 74
54 131
54 93
54 126
54 140
55 139
56 115
56 133
57 79
57 138
57 62
57 132
57 112
58 131
58 140
58 116
58 126
59 73
59 137
59 75
59 82
59 117
59 127
59 111
59 83
59 101
59 106
59 103
59 128
60 70
60 123
60 135
61 79
61 113
61 138
61 132
61 108
62 105
62 138
62 79
62 113
62 132
62 108
62 112
63 81
64 79
64 113
64 105
64 138
64 132
64 108
64 112
65 102
65 136
65 72
65 76
65 78
66 77
67 125
67 124
68 71
68 110
68 87
68 129
69 129
69 71
69 110
70 135
71 110
72 102
73 127
73 137
73 89
73 101
73 106
73 103
73 128
74 99
74 116
74 131
74 126
74 140
75 127
75 89
75 111
75 83
75 101
75 106
75 103
76 102
76 136
76 107
76 90
78 102
79 113
79 105
79 138
79 132
82 127
82 137
82 117
82 89
82 111
82 101
82 106
82 103
83 137
83 89
83 127
83 101
83 106
83 103
87 109
87 129
88 97
88 134
89 137
89 117
89 111
89 128
90 136
90 107
91 125
93 116
93 126
94 125
96 118
96 120
97 134
99 116
99 140
100 121
100 114
100 130
101 137
101 111
101 117
101 127
101 128
102 136
102 107
103 111
104 114
104 121
105 113
105 108
105 112
106 137
106 111
106 117
106 127
106 128
107 136
108 132
108 138
108 113
109 129
110 129
111 137
111 127
111 128
112 132
113 138
113 132
114 130
115 133
116 131
116 126
116 140
117 137
117 127
121 130
124 125
