heur025_n_329_m_32168
1 205
1 258
1 310
2 314
2 324
2 110
2 93
2 229
2 255
2 323
3 12
3 274
3 115
4 144
4 131
4 150
5 184
5 174
5 223
6 175
7 326
7 128
7 222
8 285
10 251
11 47
11 282
12 105
12 274
12 115
13 202
13 175
13 41
13 59
15 128
15 222
16 204
17 72
17 189
17 79
17 263
17 313
18 204
19 230
19 187
20 252
22 296
23 252
26 163
26 171
26 172
26 246
26 152
26 196
27 31
28 228
28 307
28 254
28 132
29 286
31 193
31 180
31 44
31 237
31 49
31 240
33 304
33 247
35 259
35 236
35 207
35 242
35 86
35 94
35 161
36 242
36 161
39 235
39 243
39 48
40 114
41 175
41 211
43 133
44 237
45 134
45 208
49 237
51 261
52 140
56 176
57 176
57 183
58 188
58 159
59 175
59 211
63 80
66 162
68 206
69 261
71 96
71 225
72 189
72 79
74 127
74 142
75 133
76 227
76 141
76 111
76 119
79 263
79 189
79 313
84 283
86 161
90 175
90 211
95 126
95 107
96 102
98 218
98 122
102 225
105 274
105 115
107 126
110 199
114 248
114 249
115 274
121 328
121 321
122 146
122 217
122 218
128 326
128 222
128 287
131 144
131 145
131 150
132 322
132 228
132 203
132 307
132 157
132 254
133 268
133 238
136 261
140 256
143 156
144 153
145 153
146 218
148 185
148 290
149 156
150 153
152 172
152 171
157 322
157 307
157 228
157 254
158 209
161 259
161 236
162 232
163 172
163 246
163 171
165 283
167 272
167 244
167 271
168 194
168 284
169 198
171 246
171 196
172 246
172 196
174 184
175 202
180 237
181 289
184 223
185 290
187 230
187 231
187 234
187 299
187 267
189 263
189 313
193 237
194 284
195 281
195 293
195 302
196 246
197 278
198 289
199 255
199 323
201 278
201 273
202 211
203 307
203 228
204 301
210 305
210 318
213 216
216 221
222 326
228 322
228 254
230 299
230 267
250 318
254 307
261 292
283 291
286 303
286 329
286 295
297 311
298 311
307 322
308 311
