heur007_n_200_m_6731
1 80
1 158
2 34
2 133
2 137
2 157
3 115
3 98
4 33
4 79
4 170
5 71
5 199
6 43
6 120
7 33
8 45
8 36
8 89
8 148
8 38
8 159
8 172
9 70
10 104
11 41
11 186
12 104
13 116
13 90
13 31
14 99
14 163
15 188
15 190
16 41
16 186
17 160
17 145
17 84
17 151
18 153
18 42
19 114
19 29
19 183
20 34
20 133
20 69
20 137
20 157
21 143
21 47
21 118
22 76
23 105
23 140
23 154
23 182
24 104
25 36
25 38
25 106
25 172
25 45
25 46
25 159
26 136
27 146
27 135
29 88
29 114
30 92
30 120
31 90
31 116
31 91
31 87
32 128
32 117
32 167
33 78
33 79
33 68
33 170
33 195
34 137
34 133
34 69
35 134
36 106
36 175
36 89
36 148
36 159
36 172
37 184
37 178
38 106
38 175
38 148
38 89
38 159
38 172
39 131
39 62
39 165
40 136
40 76
41 186
42 153
43 73
43 92
43 120
44 136
44 76
45 175
45 106
45 89
45 159
45 172
46 175
46 106
46 89
46 148
46 159
46 172
47 143
47 49
47 118
47 60
48 166
48 104
49 143
49 118
50 185
50 129
50 63
51 104
52 174
53 150
54 147
54 164
54 77
55 161
55 119
55 189
55 97
56 164
57 150
57 61
58 150
58 200
59 164
60 143
60 118
61 150
61 200
62 131
62 165
62 107
63 185
63 129
64 144
64 122
65 199
66 113
66 149
67 130
67 124
67 138
68 170
68 195
69 157
70 127
73 96
73 120
74 149
74 179
75 194
75 196
75 181
75 95
77 164
78 195
79 195
80 125
80 158
80 152
81 144
81 122
82 113
82 149
82 187
83 177
84 160
84 145
84 151
85 162
85 139
85 198
86 192
87 116
88 114
88 183
89 175
89 159
89 172
90 116
91 116
92 96
92 120
93 141
93 126
94 96
94 120
95 194
95 181
96 120
97 161
97 119
98 115
99 163
100 140
100 154
100 182
101 121
102 141
102 126
103 140
103 154
103 182
104 166
105 197
105 154
105 182
106 175
106 148
106 159
106 172
107 131
107 165
108 137
108 133
108 157
109 158
110 146
110 135
111 121
112 115
113 149
113 179
114 183
117 128
117 155
118 143
119 161
119 189
122 144
125 158
126 141
127 192
128 167
131 165
133 157
135 146
137 157
139 176
139 198
140 197
142 193
142 191
145 171
147 164
148 175
148 172
149 179
149 187
149 173
150 200
151 171
152 158
154 182
155 167
156 169
159 175
159 172
160 171
161 189
162 176
162 198
170 195
176 198
178 184
181 196
