heur035_n_345_m_17798
1 193
1 170
1 223
1 47
2 260
2 340
2 254
2 208
2 197
3 9
4 71
4 41
4 43
4 53
4 48
5 104
5 284
6 131
6 239
6 99
8 339
9 289
9 301
9 293
9 198
9 17
10 128
10 321
10 235
10 22
11 339
12 72
13 339
14 129
14 124
15 318
16 43
16 53
16 71
16 41
16 48
18 129
18 124
19 192
21 73
22 235
22 268
22 128
22 321
23 307
25 264
25 171
25 177
25 188
26 136
26 139
26 326
26 127
30 320
30 306
31 192
34 192
35 68
35 78
35 337
35 54
35 176
35 120
35 330
35 80
36 165
37 344
37 102
38 288
38 77
38 70
39 319
39 333
39 327
39 265
44 153
44 248
47 170
47 193
47 223
50 210
50 250
50 294
50 243
51 81
51 338
52 343
54 337
54 68
54 78
54 120
54 330
54 300
54 80
56 194
56 331
56 205
56 312
57 262
57 135
57 113
57 181
57 280
57 310
59 307
60 281
60 261
60 335
60 291
61 320
61 306
63 263
63 303
63 173
64 215
65 73
67 177
67 188
67 171
67 264
68 176
68 120
68 330
68 300
68 80
69 263
69 303
69 173
74 217
74 141
75 194
75 331
75 205
75 312
78 337
78 176
78 120
78 330
78 300
79 98
79 227
79 242
79 246
79 249
80 330
80 300
80 176
81 338
82 108
82 157
83 256
83 245
84 211
84 196
84 221
84 314
85 297
85 334
85 316
85 156
87 134
88 158
88 273
88 165
89 338
90 178
90 91
90 292
91 322
91 112
91 178
91 155
92 159
93 152
93 107
93 168
94 320
94 306
97 256
97 245
98 213
99 131
99 179
99 239
100 158
100 273
100 165
101 137
101 145
101 142
102 103
102 182
103 344
104 342
104 295
104 149
105 270
105 224
106 270
106 224
108 157
110 217
111 233
111 202
112 178
112 322
112 292
113 262
113 163
114 195
114 203
116 333
116 327
116 319
116 265
117 308
117 220
118 259
118 328
120 176
120 337
120 330
120 300
121 256
121 236
121 245
122 159
125 216
125 238
125 207
127 326
128 235
128 268
130 251
130 206
131 179
131 239
132 183
132 187
134 200
135 262
135 163
139 326
141 217
146 257
146 167
147 219
149 284
150 297
151 159
153 315
153 283
153 302
153 248
154 232
155 178
155 322
155 292
156 297
156 316
158 317
158 165
159 174
159 275
160 215
161 272
161 279
161 190
162 204
162 271
163 262
163 181
163 280
163 310
165 273
165 317
166 183
166 187
169 204
169 271
170 193
170 223
171 264
172 201
172 214
173 263
173 303
173 277
173 313
176 337
176 330
176 300
178 292
181 262
182 344
185 186
185 247
185 240
186 247
186 240
188 264
190 272
190 279
191 272
191 279
194 331
194 312
194 266
196 314
197 208
201 258
201 229
201 237
201 214
202 325
202 329
202 233
204 278
205 331
205 312
205 266
208 260
208 340
208 254
209 309
209 267
210 250
210 243
210 294
211 314
213 227
213 242
213 246
213 249
214 258
214 229
214 237
218 228
219 282
219 286
219 231
220 324
221 314
224 270
233 325
233 329
234 269
235 321
236 256
236 245
245 256
248 302
248 315
248 283
252 298
253 298
261 335
262 280
262 310
263 277
263 313
265 327
265 333
265 319
266 312
266 331
267 309
268 321
271 278
273 317
277 303
281 335
284 342
284 295
287 339
291 335
292 322
297 334
297 316
300 330
300 337
303 313
308 324
