heur049_n_300_m_17695
1 7
1 293
3 293
4 21
4 25
4 74
7 292
7 294
7 295
8 163
8 165
8 167
8 169
8 171
8 176
8 177
8 178
8 179
8 180
8 184
8 187
8 190
8 193
8 195
8 206
8 207
8 211
8 217
8 218
8 219
8 220
8 225
8 226
8 227
8 229
8 230
8 232
8 236
8 239
8 240
8 242
8 246
8 247
8 249
8 250
8 252
8 257
8 259
8 260
8 264
8 265
8 266
8 269
8 270
8 272
8 273
8 274
8 275
8 278
8 281
8 282
8 284
8 288
9 74
9 292
9 294
9 295
10 295
11 171
11 179
11 180
11 184
11 217
11 220
11 234
11 239
11 240
11 250
11 252
11 260
11 273
11 275
11 287
12 292
12 293
12 294
12 295
13 163
13 164
13 165
13 167
13 169
13 174
13 183
13 187
13 190
13 194
13 197
13 205
13 206
13 209
13 217
13 220
13 225
13 230
13 232
13 233
13 234
13 236
13 238
13 239
13 240
13 252
13 264
13 267
13 269
13 272
13 275
13 278
13 281
13 282
13 284
13 285
13 287
14 292
14 293
14 294
16 163
16 164
16 165
16 167
16 177
16 179
16 180
16 184
16 187
16 194
16 195
16 207
16 218
16 219
16 220
16 229
16 230
16 232
16 233
16 236
16 240
16 242
16 246
16 250
16 252
16 260
16 264
16 267
16 269
16 271
16 273
16 275
16 278
16 282
16 284
17 43
17 46
17 48
17 50
17 51
17 64
17 71
17 72
17 75
17 116
17 121
17 125
17 127
17 128
17 129
17 135
17 136
17 137
17 138
17 139
17 141
17 143
17 144
17 145
17 146
17 147
17 148
17 149
17 150
17 151
17 152
17 154
17 156
17 157
17 158
17 159
17 160
17 162
18 292
19 74
20 292
20 295
21 74
21 292
21 293
21 295
22 74
22 292
22 294
22 295
23 292
23 293
23 294
23 295
24 292
24 294
24 295
26 79
26 81
26 83
26 92
26 93
26 96
26 132
26 133
26 291
28 121
28 125
28 127
28 149
28 153
28 154
28 159
28 161
28 296
29 121
29 125
29 127
29 131
29 149
29 153
29 154
29 159
29 161
29 296
29 299
30 121
30 125
30 127
30 128
30 130
30 131
30 139
30 146
30 147
30 149
30 153
30 154
30 156
30 159
30 161
30 296
30 299
31 121
31 122
31 125
31 127
31 129
31 130
31 131
31 136
31 137
31 138
31 139
31 141
31 142
31 143
31 145
31 146
31 147
31 148
31 149
31 152
31 153
31 154
31 155
31 157
31 159
31 160
31 161
31 299
32 116
32 121
32 122
32 127
32 130
32 131
32 145
32 146
32 147
32 150
32 153
32 154
32 156
32 159
32 162
32 296
32 299
33 34
33 35
33 48
33 121
33 122
33 127
33 131
33 152
33 153
33 154
33 161
33 296
34 47
34 50
34 53
34 64
34 121
34 127
34 130
34 153
34 159
34 161
34 296
34 299
35 37
35 38
35 50
35 56
35 64
35 75
35 121
35 122
35 125
35 127
35 130
35 131
35 153
35 154
35 299
36 121
36 125
36 127
36 130
36 139
36 149
36 152
36 153
36 154
36 159
36 161
36 296
36 299
37 121
37 125
37 127
37 131
37 145
37 152
37 153
37 161
37 296
37 299
38 121
38 127
38 131
38 134
38 139
38 149
38 152
38 153
38 154
38 161
38 296
38 299
39 116
39 121
39 123
39 124
39 125
39 126
39 127
39 128
39 129
39 131
39 134
39 135
39 136
39 137
39 138
39 139
39 140
39 141
39 142
39 143
39 144
39 145
39 146
39 147
39 148
39 149
39 150
39 151
39 152
39 153
39 154
39 155
39 157
39 158
39 159
39 160
39 161
39 162
39 296
39 299
40 121
40 127
40 130
40 136
40 139
40 145
40 149
40 153
40 154
40 156
40 159
40 161
40 162
40 296
40 299
41 121
41 125
41 128
41 130
41 131
41 135
41 136
41 137
41 138
41 145
41 146
41 147
41 148
41 153
41 154
41 157
41 161
41 296
41 299
42 121
42 122
42 125
42 126
42 127
42 128
42 129
42 130
42 131
42 136
42 138
42 139
42 141
42 144
42 145
42 147
42 149
42 153
42 154
42 155
42 158
42 159
42 161
42 162
42 296
42 299
43 121
43 122
43 127
43 130
43 131
43 152
43 153
43 154
43 159
43 161
43 296
44 54
44 121
44 124
44 125
44 127
44 128
44 129
44 130
44 131
44 136
44 145
44 149
44 150
44 153
44 154
44 157
44 161
44 162
44 296
44 299
45 50
45 75
45 121
45 125
45 127
45 130
45 131
45 139
45 149
45 153
45 154
45 159
45 161
45 296
45 299
46 121
46 122
46 125
46 130
46 131
46 144
46 146
46 149
46 153
46 157
46 160
46 161
46 162
46 296
46 299
47 116
47 121
47 123
47 124
47 125
47 126
47 127
47 128
47 129
47 134
47 135
47 136
47 137
47 138
47 139
47 140
47 141
47 142
47 143
47 144
47 145
47 146
47 147
47 148
47 149
47 150
47 151
47 152
47 153
47 154
47 155
47 157
47 158
47 159
47 160
47 161
47 162
47 296
48 53
48 54
48 56
48 61
48 116
48 121
48 131
48 140
48 145
48 147
48 148
48 153
48 154
48 157
48 158
48 161
48 296
48 299
49 116
49 121
49 130
49 131
49 139
49 145
49 149
49 153
49 154
49 158
49 159
49 161
49 296
49 299
50 59
50 63
50 122
50 130
50 131
50 153
50 154
50 161
50 296
50 299
51 121
51 124
51 125
51 127
51 129
51 130
51 131
51 136
51 139
51 143
51 145
51 146
51 147
51 149
51 153
51 154
51 155
51 156
51 159
51 161
51 296
51 299
52 116
52 121
52 124
52 125
52 126
52 127
52 128
52 129
52 131
52 134
52 135
52 136
52 137
52 138
52 139
52 140
52 142
52 143
52 144
52 145
52 146
52 147
52 148
52 149
52 150
52 151
52 152
52 153
52 154
52 155
52 156
52 157
52 158
52 159
52 160
52 162
52 296
53 116
53 121
53 122
53 123
53 124
53 125
53 126
53 127
53 128
53 129
53 130
53 131
53 134
53 135
53 136
53 137
53 138
53 139
53 140
53 141
53 142
53 143
53 144
53 145
53 146
53 147
53 148
53 149
53 150
53 151
53 152
53 153
53 154
53 155
53 156
53 157
53 158
53 159
53 160
53 161
53 162
53 296
53 299
54 116
54 121
54 122
54 123
54 124
54 125
54 126
54 127
54 128
54 129
54 130
54 134
54 135
54 136
54 137
54 138
54 139
54 140
54 141
54 142
54 143
54 144
54 145
54 146
54 147
54 148
54 149
54 150
54 152
54 153
54 155
54 156
54 157
54 158
54 159
54 160
54 161
54 162
54 299
55 121
55 122
55 130
55 131
55 136
55 144
55 145
55 147
55 148
55 153
55 154
55 159
55 161
55 296
55 299
56 116
56 121
56 123
56 125
56 126
56 127
56 128
56 129
56 134
56 135
56 136
56 137
56 138
56 139
56 140
56 141
56 142
56 143
56 144
56 145
56 146
56 147
56 148
56 149
56 150
56 152
56 153
56 154
56 156
56 157
56 158
56 159
56 160
56 161
56 162
56 299
57 116
57 121
57 123
57 124
57 125
57 126
57 127
57 128
57 129
57 131
57 134
57 135
57 136
57 137
57 138
57 139
57 140
57 141
57 142
57 143
57 144
57 145
57 146
57 147
57 148
57 149
57 150
57 151
57 152
57 153
57 154
57 155
57 157
57 158
57 159
57 160
57 162
57 296
57 299
58 116
58 121
58 123
58 124
58 125
58 126
58 127
58 128
58 129
58 134
58 135
58 136
58 138
58 139
58 140
58 141
58 142
58 143
58 144
58 145
58 146
58 147
58 148
58 149
58 150
58 151
58 152
58 153
58 154
58 155
58 156
58 157
58 158
58 160
58 161
58 162
58 296
58 299
59 153
59 154
59 159
59 296
60 122
60 125
60 127
60 130
60 131
60 139
60 150
60 153
60 154
60 158
60 159
60 161
60 296
60 299
61 121
61 127
61 130
61 131
61 134
61 139
61 145
61 152
61 153
61 154
61 156
61 161
61 296
61 299
62 116
62 124
62 125
62 126
62 127
62 128
62 129
62 131
62 135
62 136
62 137
62 138
62 139
62 140
62 142
62 143
62 144
62 145
62 146
62 147
62 148
62 149
62 152
62 153
62 154
62 155
62 157
62 158
62 160
62 162
62 296
63 121
63 127
63 153
63 154
63 159
63 296
63 299
64 116
64 121
64 122
64 124
64 126
64 127
64 128
64 129
64 130
64 131
64 136
64 139
64 140
64 144
64 145
64 146
64 147
64 152
64 153
64 154
64 155
64 156
64 158
64 161
64 162
64 296
64 299
65 116
65 122
65 134
65 153
65 154
65 159
65 161
65 296
66 121
66 124
66 125
66 127
66 128
66 131
66 139
66 153
66 154
66 156
66 159
66 161
66 162
66 296
66 299
67 116
67 121
67 126
67 131
67 153
67 154
67 155
67 159
67 161
67 296
67 299
68 116
68 121
68 123
68 124
68 125
68 126
68 127
68 128
68 129
68 131
68 134
68 135
68 136
68 137
68 138
68 139
68 140
68 141
68 142
68 143
68 144
68 145
68 146
68 147
68 148
68 149
68 150
68 151
68 153
68 154
68 155
68 157
68 158
68 159
68 160
68 162
68 296
68 299
69 121
69 127
69 130
69 134
69 139
69 149
69 153
69 154
69 157
69 159
69 161
69 162
69 296
69 299
70 116
70 121
70 131
70 154
70 159
70 161
70 296
71 121
71 122
71 125
71 129
71 130
71 131
71 149
71 153
71 156
71 157
71 161
71 296
71 299
72 121
72 125
72 127
72 129
72 130
72 131
72 139
72 145
72 151
72 153
72 154
72 156
72 159
72 161
72 296
72 299
73 121
73 125
73 127
73 129
73 130
73 131
73 134
73 135
73 139
73 143
73 145
73 146
73 149
73 153
73 154
73 155
73 157
73 159
73 161
73 296
74 292
74 293
74 294
75 123
75 124
75 125
75 126
75 127
75 128
75 129
75 131
75 134
75 135
75 136
75 137
75 138
75 139
75 140
75 141
75 142
75 143
75 144
75 145
75 146
75 147
75 148
75 149
75 150
75 151
75 152
75 153
75 154
75 155
75 156
75 157
75 158
75 160
75 161
75 162
75 296
76 164
76 165
76 167
76 169
76 177
76 179
76 181
76 184
76 194
76 195
76 197
76 207
76 208
76 209
76 211
76 213
76 217
76 219
76 222
76 229
76 232
76 234
76 237
76 239
76 242
76 246
76 250
76 253
76 255
76 263
76 264
76 272
76 276
76 277
76 278
76 282
76 284
76 285
76 286
76 290
77 87
77 291
78 100
78 115
78 291
81 291
82 93
82 133
83 291
84 132
85 87
85 100
85 117
85 132
85 291
86 87
86 106
87 92
87 105
87 112
87 132
87 133
88 132
89 115
90 291
91 133
92 115
92 132
92 291
93 115
94 115
94 132
95 96
95 112
95 132
96 291
98 132
98 291
100 132
100 133
102 133
103 115
103 132
106 118
106 133
107 132
109 291
110 132
111 291
112 291
113 133
115 133
116 121
116 122
116 127
116 139
116 153
116 161
118 291
119 167
119 168
119 170
119 172
119 174
119 175
119 177
119 180
119 182
119 184
119 187
119 194
119 195
119 198
119 205
119 206
119 207
119 217
119 219
119 220
119 232
119 238
119 239
119 240
119 241
119 250
119 252
119 253
119 256
119 260
119 264
119 269
119 273
119 278
119 279
119 282
119 285
119 287
121 142
121 296
121 299
122 296
124 296
125 154
125 296
125 299
126 296
126 299
127 299
128 296
135 296
136 159
136 296
137 296
138 299
139 296
139 299
140 296
141 296
142 296
142 299
143 296
144 154
144 296
145 296
145 299
147 296
147 299
148 152
148 154
148 159
148 296
149 159
150 296
151 299
154 160
155 296
158 296
161 296
162 296
162 299
163 174
163 178
163 180
163 211
163 256
164 174
164 180
164 222
165 174
165 180
165 188
165 202
165 203
165 221
165 222
165 224
165 256
165 276
166 174
167 174
167 180
167 198
167 200
167 203
167 221
167 222
167 224
167 256
167 276
167 288
168 178
169 180
169 187
169 198
169 203
169 222
169 224
170 178
171 211
171 222
171 264
171 290
172 180
172 264
172 278
174 177
174 179
174 180
174 184
174 194
174 195
174 207
174 212
174 226
174 229
174 230
174 231
174 232
174 233
174 234
174 242
174 245
174 246
174 247
174 250
174 255
174 258
174 259
174 260
174 263
174 264
174 265
174 267
174 270
174 274
174 277
174 282
174 284
174 285
174 286
174 287
174 288
175 211
175 264
175 278
176 222
176 278
177 198
177 222
177 276
178 180
178 184
178 227
178 231
178 240
178 250
178 260
178 273
178 285
179 211
179 269
179 278
180 181
180 182
180 189
180 194
180 197
180 201
180 203
180 204
180 208
180 209
180 210
180 211
180 213
180 217
180 219
180 222
180 225
180 226
180 230
180 232
180 233
180 234
180 237
180 239
180 240
180 241
180 242
180 244
180 259
180 261
180 263
180 264
180 265
180 267
180 270
180 271
180 274
180 276
180 277
180 278
180 282
180 284
180 285
181 230
181 247
181 264
183 211
183 278
184 185
184 192
184 194
184 203
184 209
184 211
184 216
184 222
184 235
184 248
184 258
184 259
184 289
185 211
185 264
185 287
185 288
186 220
186 237
187 209
187 211
187 231
187 245
187 246
187 272
187 285
187 286
188 267
189 257
191 214
191 230
191 264
191 278
192 246
193 194
193 214
193 230
193 233
193 264
194 211
194 219
194 231
194 237
194 240
194 256
194 263
194 268
195 211
195 222
195 276
198 207
198 217
198 225
198 229
198 246
198 264
198 272
198 284
199 230
199 247
199 278
200 260
200 267
200 278
202 211
202 219
202 231
202 232
202 263
202 277
202 285
202 286
203 246
203 260
203 267
203 272
203 284
206 211
207 222
207 276
209 224
209 230
209 247
209 264
209 267
209 288
211 218
211 220
211 233
211 234
211 236
211 239
211 246
211 250
211 256
211 257
211 260
211 263
211 267
211 273
211 275
211 281
214 237
214 240
214 263
214 268
215 259
215 269
215 287
215 288
217 224
217 230
217 238
217 247
217 264
217 269
217 288
217 290
218 278
219 224
219 230
219 233
219 247
220 222
220 264
220 278
220 290
221 267
222 225
222 229
222 230
222 236
222 246
222 250
222 260
222 263
222 264
222 267
222 269
222 272
222 273
222 281
222 284
222 285
224 246
224 263
224 278
224 285
226 278
227 235
227 258
227 259
227 287
227 288
228 230
228 264
229 276
229 278
230 240
230 243
231 233
231 264
231 269
231 278
233 237
233 240
233 256
233 268
234 269
234 278
235 267
236 287
237 283
238 260
238 285
239 269
239 290
240 246
240 247
240 264
240 269
240 278
240 283
240 287
240 288
240 290
242 256
243 264
244 263
245 288
246 268
246 276
246 287
247 263
248 260
249 278
251 263
251 285
251 286
252 278
254 264
256 263
256 264
256 278
256 284
256 285
257 264
257 278
257 290
258 260
258 285
259 278
259 285
260 278
261 287
263 283
263 290
264 268
264 271
264 273
264 279
264 280
264 281
265 278
266 290
267 287
267 288
267 289
267 290
268 278
269 270
271 278
273 278
275 278
277 288
278 280
278 281
278 284
278 287
278 288
281 290
285 288
286 289
