<bound method Problem.name of <splex.problem.Problem object at 0x7f73d81791d0>>
53 160
180 201
37 152
13 209
261 287
30 125
103 115
17 48
119 180
52 126
217 230
64 136
75 123
52 139
174 250
47 145
51 156
174 263
47 158
62 143
39 159
32 156
69 159
13 264
16 269
78 100
187 272
219 224
222 229
240 283
16 282
164 180
187 285
64 299
11 180
57 296
17 116
174 184
45 299
38 296
68 138
42 122
31 148
68 151
169 203
58 143
53 149
56 154
46 146
44 157
164 222
53 162
180 203
30 127
16 229
203 284
139 299
17 50
8 230
119 182
52 128
45 125
119 195
75 125
67 126
70 131
47 147
116 139
32 145
47 160
62 145
39 161
264 279
69 161
16 271
62 158
16 163
76 177
180 271
50 161
16 284
236 287
43 121
78 115
55 131
20 295
73 121
8 177
140 296
251 285
209 288
54 121
73 134
119 250
31 137
121 296
107 132
68 140
54 134
53 138
72 151
56 143
88 132
68 153
60 154
53 151
56 156
148 159
220 264
49 153
48 157
171 264
231 278
41 154
16 218
76 232
175 211
8 219
14 293
17 160
194 237
78 291
64 127
8 232
119 184
45 127
19 74
75 127
51 147
47 149
211 257
264 268
32 147
28 149
47 162
62 147
172 278
264 281
171 211
16 273
62 160
16 165
76 179
240 287
13 281
11 171
222 246
119 239
8 179
11 184
58 121
163 174
54 123
119 252
31 139
68 142
155 296
58 134
42 126
61 139
202 263
53 140
72 153
56 145
68 155
42 139
53 153
180 194
37 145
56 158
16 207
254 264
44 161
34 153
71 156
16 220
76 234
29 159
64 116
55 296
66 162
59 159
17 162
64 129
36 296
209 224
11 239
112 291
66 296
26 79
47 138
54 299
51 149
26 92
47 151
192 246
39 152
35 154
62 149
32 162
16 275
55 122
219 230
76 181
1 7
45 50
184 222
73 125
174 177
119 241
167 174
68 131
58 123
184 235
54 125
31 141
49 131
68 144
58 136
42 128
53 142
56 147
231 269
41 145
60 158
44 150
53 155
56 160
48 161
247 263
48 53
180 209
185 287
13 217
29 161
17 43
215 287
119 175
52 121
64 131
8 236
267 288
33 121
52 134
174 245
26 81
58 299
47 140
63 121
174 258
47 153
62 138
39 154
4 25
28 153
69 154
16 264
57 157
180 264
240 278
50 154
13 272
207 222
8 278
30 296
184 211
23 293
43 127
73 127
174 179
31 130
58 125
61 130
54 127
53 131
56 136
68 146
169 198
42 130
53 144
56 149
9 74
148 152
178 260
41 147
269 270
13 206
178 273
11 217
8 225
119 177
174 234
116 121
267 290
52 136
174 247
26 83
67 121
47 142
211 250
40 139
51 153
26 96
47 155
211 263
35 37
62 140
32 153
85 100
62 153
57 159
221 267
217 269
119 232
224 285
64 296
75 162
214 240
54 116
73 129
193 194
45 296
68 135
58 127
75 296
102 133
174 194
56 138
46 130
63 299
68 148
41 136
165 202
53 146
148 154
113 133
44 154
71 149
222 281
194 219
154 160
64 122
8 227
228 230
127 299
52 125
24 292
209 230
12 295
47 144
39 145
51 155
62 142
39 158
238 260
240 269
76 282
62 155
8 282
11 287
38 161
31 121
258 285
58 116
61 121
167 288
128 296
167 180
68 137
158 296
58 129
42 121
61 134
95 132
67 299
53 135
37 127
56 140
41 138
53 148
180 189
56 153
13 197
48 154
136 159
268 278
76 229
29 154
249 278
59 154
119 168
17 157
163 211
143 296
85 291
200 278
64 124
8 229
11 234
167 222
52 127
24 294
40 130
33 127
32 131
142 299
47 146
63 127
62 131
39 147
180 244
13 252
62 144
39 160
57 150
233 268
76 284
222 230
8 163
85 117
18 292
8 284
33 48
68 126
165 180
162 296
46 121
65 134
68 139
53 137
56 142
49 139
231 264
60 153
44 145
55 159
215 269
41 153
180 204
36 159
200 267
71 153
203 272
222 285
8 218
66 159
119 170
17 159
52 116
43 296
54 162
237 283
167 224
186 237
73 296
31 299
52 129
61 299
47 135
116 127
51 146
42 299
47 148
211 256
172 264
39 149
32 146
69 149
62 146
39 162
57 152
76 165
180 259
69 162
13 267
76 286
8 273
38 152
224 278
22 292
75 155
8 165
43 122
175 278
119 238
31 125
68 128
53 126
72 139
68 141
21 295
42 125
53 139
37 131
56 144
48 145
55 161
48 158
8 207
187 209
17 148
36 161
256 285
8 220
66 161
119 172
94 115
126 296
174 229
47 124
40 121
174 242
67 116
58 296
70 121
47 137
137 296
39 138
46 299
125 299
62 135
39 151
35 153
30 159
62 148
57 154
76 167
180 261
13 269
217 264
8 275
38 154
122 296
22 294
75 157
195 222
8 288
119 240
31 127
176 222
170 178
26 133
61 127
53 128
46 125
49 130
68 143
41 131
44 136
53 141
180 182
56 146
13 190
16 195
71 131
48 147
206 211
44 149
76 222
187 211
17 150
119 282
119 174
174 231
47 126
211 234
181 247
267 287
141 296
47 139
62 124
39 140
180 237
16 250
62 137
39 153
57 143
240 264
69 153
76 277
30 161
8 264
76 169
50 153
76 290
45 159
209 267
214 237
198 229
98 291
174 286
52 296
31 129
72 130
40 299
58 124
33 296
109 291
53 130
56 135
63 296
227 259
34 130
53 143
56 148
76 211
41 146
180 197
36 152
200 260
29 149
8 211
207 276
17 152
54 155
193 233
198 284
286 289
174 233
47 128
211 236
12 292
267 289
51 139
35 131
47 141
62 126
34 64
39 142
180 239
16 252
62 139
39 155
57 145
64 161
8 266
57 158
222 225
75 148
45 161
75 161
65 116
68 121
174 288
135 296
174 180
49 121
68 134
165 188
67 296
72 145
56 137
41 135
185 264
55 154
13 194
76 213
222 267
41 148
44 153
17 141
36 154
203 267
87 92
73 157
256 278
66 154
17 154
54 157
168 178
40 127
12 294
34 53
116 122
62 128
39 144
165 256
180 241
50 131
185 211
57 147
38 134
16 267
11 273
57 160
119 220
75 150
8 281
202 231
72 121
68 123
191 230
246 287
53 121
56 126
68 136
44 129
150 296
34 121
53 134
56 139
13 183
178 250
48 140
41 137
60 150
222 269
48 153
43 159
17 143
29 153
73 159
66 156
11 220
188 267
59 153
119 167
58 157
17 156
202 286
54 159
77 291
167 221
271 278
42 162
51 130
68 299
70 116
61 296
32 130
51 143
178 184
49 299
42 296
13 238
39 146
187 246
30 154
64 152
8 257
57 149
8 270
11 275
33 34
38 149
57 162
184 203
75 152
167 276
184 216
246 276
31 122
257 290
68 125
53 123
56 128
21 292
60 139
44 131
53 136
56 141
9 295
55 145
76 217
43 161
17 145
184 258
222 284
54 148
73 161
8 217
17 158
54 161
174 226
47 121
46 162
24 295
65 296
144 296
28 121
47 134
53 299
39 135
46 296
51 145
180 232
125 296
13 240
34 299
39 148
57 138
92 132
243 264
233 256
30 156
76 272
64 154
8 259
57 151
184 192
76 164
52 157
76 285
175 264
45 154
8 272
265 278
75 154
179 211
277 288
147 299
72 125
65 122
68 127
74 292
53 125
13 174
46 122
16 179
48 131
41 128
55 147
13 187
222 260
29 131
4 74
8 193
76 219
203 260
222 273
194 211
8 206
17 147
54 150
119 279
256 284
58 161
42 153
51 121
281 290
47 123
32 121
259 285
47 136
39 137
180 234
199 247
39 150
248 260
57 140
4 21
16 260
64 156
228 264
57 153
184 194
163 256
75 143
52 159
8 274
209 264
38 153
40 162
75 156
68 116
63 159
72 127
3 293
49 116
68 129
40 296
26 132
74 294
60 130
53 127
70 296
162 299
41 130
34 127
180 181
71 130
16 194
76 208
215 259
8 195
43 152
17 136
36 149
82 93
58 150
17 149
54 152
193 230
177 222
195 276
191 278
42 155
174 230
278 287
47 125
211 233
39 126
266 290
51 136
7 295
28 125
211 246
16 236
39 139
69 139
30 147
76 263
62 136
64 145
8 250
57 142
76 276
194 268
64 158
57 155
75 145
251 263
184 209
22 295
75 158
33 161
174 285
67 159
53 116
72 129
56 121
32 299
44 124
35 75
53 129
37 121
56 134
76 197
227 258
222 264
48 148
43 154
17 138
242 256
54 141
73 154
31 157
167 203
58 152
17 151
86 106
126 299
51 125
174 232
176 278
47 127
34 50
39 128
35 130
180 225
28 127
13 233
62 125
39 141
57 131
30 149
64 147
17 72
8 252
38 131
57 144
184 185
52 150
76 278
8 265
121 142
119 217
75 147
198 217
174 274
191 214
75 160
116 161
174 287
67 161
165 174
35 64
72 131
245 288
56 123
13 167
238 285
41 121
71 121
55 153
256 264
36 153
54 143
31 159
66 153
198 272
58 154
1 293
54 156
119 285
47 116
46 157
42 159
51 127
68 296
259 278
47 129
12 293
56 299
32 127
49 296
69 130
16 240
62 127
106 133
39 143
37 299
180 240
224 246
50 130
85 87
87 133
57 146
119 206
75 136
52 152
45 149
64 162
119 219
75 149
33 152
56 125
13 169
169 187
180 282
44 128
37 125
9 292
16 187
17 129
73 145
54 145
31 161
186 220
65 159
58 156
61 161
202 285
54 158
119 287
278 280
89 115
72 296
42 161
32 116
51 129
35 121
60 299
211 239
62 116
53 296
41 299
233 240
16 242
62 129
34 296
187 245
71 299
57 135
180 242
91 133
30 153
57 148
75 138
52 154
174 265
8 269
202 219
75 151
33 154
211 281
63 154
202 232
147 296
220 222
68 124
171 222
234 278
60 125
53 122
56 127
180 284
41 125
44 130
9 294
55 144
71 125
8 190
66 131
17 144
58 145
54 147
174 212
65 161
58 158
93 115
54 160
239 290
46 161
39 121
51 131
69 121
220 290
136 296
39 134
171 290
57 124
69 134
13 239
103 132
64 140
11 250
57 137
52 143
217 247
84 132
194 263
64 153
224 263
75 140
52 156
174 267
45 153
33 35
40 159
75 153
257 278
67 154
70 159
56 116
47 296
178 227
60 127
35 299
53 124
56 129
28 296
178 240
21 293
203 246
115 133
222 272
54 136
73 149
193 214
31 152
167 198
17 146
58 147
61 152
184 259
54 149
119 278
58 160
181 230
165 222
278 284
179 278
39 123
35 125
7 292
30 131
16 233
39 136
57 126
180 233
240 247
16 246
8 247
11 252
57 139
75 129
52 145
64 155
8 260
38 139
75 142
52 158
40 161
198 225
174 282
70 161
234 269
10 295
51 296
62 162
16 167
169 180
39 299
74 293
32 296
44 121
69 299
16 180
76 194
62 296
50 299
55 148
71 129
76 207
230 243
100 133
17 135
184 248
54 138
31 154
167 200
68 157
191 264
58 149
42 141
61 154
149 159
169 222
58 162
42 154
165 224
183 278
34 47
39 125
32 122
35 127
7 294
180 222
13 230
57 128
30 146
217 238
45 131
64 144
8 249
57 141
75 131
52 147
75 144
52 160
177 276
246 268
174 284
95 112
13 164
178 231
48 121
180 277
60 131
13 285
50 59
145 296
222 250
29 121
66 124
163 178
76 209
222 263
119 256
31 143
43 153
58 138
17 137
54 140
73 153
119 269
65 154
68 159
58 151
144 154
61 156
54 153
53 157
56 162
179 269
49 159
169 224
125 154
51 124
180 211
278 288
39 127
83 291
69 127
13 232
44 299
37 296
76 264
194 256
64 146
17 71
52 149
174 260
75 146
195 211
52 162
35 50
23 295
13 287
44 125
219 247
16 184
263 290
36 139
163 180
54 129
31 145
256 263
66 139
17 139
58 140
61 145
54 142
73 155
174 207
72 159
58 153
42 145
53 159
49 161
39 116
42 158
227 288
34 159
180 213
60 296
39 129
139 296
178 180
48 299
180 226
41 296
13 234
233 237
76 253
8 240
71 296
29 299
52 138
87 132
77 87
119 205
75 135
52 151
47 157
40 154
260 278
70 154
231 233
60 122
227 235
20 292
11 179
44 127
43 131
50 63
71 122
29 125
73 131
8 187
66 128
17 128
119 260
31 147
214 268
68 150
58 142
54 144
119 273
31 160
72 161
58 155
42 147
53 161
37 153
34 161
76 242
39 131
187 231
57 121
92 115
124 296
110 132
13 236
30 139
76 255
8 242
38 121
57 134
119 194
75 124
52 140
193 264
17 75
11 260
119 207
75 137
52 153
198 207
174 264
47 159
211 267
40 156
33 153
174 277
28 159
63 153
62 157
81 291
172 180
180 270
275 278
13 278
111 291
226 278
55 130
187 286
8 176
22 74
92 291
36 130
29 127
138 299
31 136
73 146
31 149
58 144
42 136
54 146
53 150
42 149
278 281
46 160
14 292
35 122
48 61
180 217
199 230
13 225
30 128
16 230
166 174
64 126
17 51
57 123
180 230
64 139
17 64
57 136
75 126
52 142
45 139
209 247
40 145
75 139
52 155
258 260
51 159
257 264
47 161
264 280
116 153
32 159
67 153
28 161
35 56
16 164
48 116
39 296
69 296
16 177
263 283
180 285
96 291
8 178
85 132
57 299
217 288
50 296
251 286
54 122
73 135
31 138
38 299
230 240
54 135
119 264
86 87
198 264
68 154
58 146
42 138
53 152
56 157
46 149
49 154
165 221
26 291
220 278
16 219
72 299
14 294
151 299
180 219
30 130
16 232
76 246
87 112
64 128
57 125
240 246
50 122
52 131
8 246
189 257
119 198
75 128
33 131
52 144
174 255
47 150
75 141
51 161
95 96
165 276
67 155
55 121
180 274
240 288
8 167
13 282
36 121
8 180
66 121
217 290
17 121
54 124
119 253
45 75
121 299
100 132
58 135
42 127
54 137
31 153
72 154
58 148
61 153
202 277
53 154
56 159
211 218
273 278
41 157
44 162
285 288
180 208
44 54
71 157
39 124
148 296
90 291
44 296
217 224
194 240
64 130
11 240
57 127
119 187
184 289
45 130
38 127
82 133
40 136
52 146
235 267
26 93
67 131
47 152
211 260
202 211
40 149
264 271
32 150
174 270
211 273
183 211
180 263
164 174
229 276
13 163
222 236
180 276
240 290
23 292
8 169
13 284
55 136
76 195
54 126
73 139
31 142
214 263
68 145
42 129
244 263
54 139
31 155
72 156
239 269
65 153
49 145
68 158
60 159
53 156
56 161
13 205
46 153
211 220
49 158
48 54
180 210
185 288
37 161
178 285
30 121
76 237
55 299
215 288
57 116
48 296
76 250
36 299
57 129
29 296
94 132
66 299
33 122
52 135
59 296
174 246
52 148
174 259
47 154
167 256
264 273
218 278
28 154
211 275
62 152
180 265
199 278
51 299
16 278
229 278
13 165
219 233
76 184
180 278
23 294
8 171
36 125
31 131
8 184
66 125
17 125
58 126
61 131
54 128
177 198
68 147
58 139
42 131
53 145
56 150
68 160
42 144
60 161
53 158
41 161
227 287
48 56
13 220
71 161
76 239
194 231
87 105
106 118
64 121
17 46
8 226
52 124
161 296
45 121
8 239
98 132
52 137
142 296
47 143
75 134
181 264
51 154
35 38
40 153
39 157
32 154
69 157
252 278
62 154
180 267
13 275
118 291
30 299
43 130
36 127
145 299
73 130
66 127
198 246
58 128
17 127
54 130
73 143
174 195
31 146
46 131
68 149
21 74
58 141
165 203
53 147
56 152
46 144
49 149
68 162
