heur026_n_330_m_1370
5 121
8 199
12 245
13 197
19 209
20 130
21 143
23 213
25 113
29 67
31 286
32 45
33 314
34 111
35 123
40 98
42 107
43 136
52 319
53 182
54 144
56 300
57 231
58 294
59 329
61 200
62 118
72 221
73 307
75 112
82 170
89 315
95 243
96 299
101 104
103 295
106 179
110 188
114 171
116 228
117 251
127 216
129 190
132 252
134 180
146 230
150 303
151 260
155 214
157 249
163 165
175 304
176 311
193 204
212 247
215 301
219 324
220 312
222 317
237 326
242 271
254 289
272 285
275 296
277 293
280 306
