heur049_n_300_m_17695
1 16
1 13
1 245
1 76
1 221
1 285
1 227
1 216
1 7
1 283
1 231
1 195
1 206
1 177
1 246
1 184
1 253
1 254
1 202
1 268
1 270
1 263
1 243
1 262
1 175
2 13
2 245
2 285
2 241
2 182
2 277
2 221
2 216
2 248
2 290
2 231
2 195
2 177
2 246
2 184
2 253
2 254
2 202
2 115
2 270
2 263
2 243
2 262
3 13
3 261
3 285
3 241
3 182
3 221
3 276
3 216
3 233
3 248
3 283
3 290
3 231
3 195
3 168
3 206
3 177
3 246
3 184
3 253
3 254
3 198
3 202
3 115
3 268
3 270
3 263
3 243
3 262
3 175
5 77
5 64
5 162
6 245
6 261
6 241
6 76
6 221
6 276
6 227
6 216
6 233
6 248
6 283
6 290
6 231
6 195
6 168
6 206
6 177
6 246
6 184
6 253
6 254
6 198
6 202
6 268
6 270
6 263
6 243
6 262
6 175
7 231
7 184
7 202
7 268
7 270
7 263
7 175
8 227
8 195
8 206
8 177
8 246
8 184
8 270
9 221
9 283
9 231
9 195
9 206
9 177
9 246
9 184
9 202
9 270
9 263
9 262
9 175
10 76
10 221
10 216
10 283
10 231
10 195
10 168
10 206
10 177
10 246
10 184
10 254
10 198
10 202
10 115
10 270
10 263
10 243
10 262
10 175
11 184
12 285
12 231
12 195
12 206
12 177
12 246
12 184
12 254
12 198
12 202
12 270
12 263
12 243
12 262
13 267
13 15
13 18
13 25
13 27
13 285
13 194
13 233
13 206
14 167
14 218
14 169
14 152
15 261
15 194
15 241
15 182
15 204
15 213
15 277
15 221
15 276
15 233
15 248
15 290
15 231
15 195
15 168
15 177
15 246
15 184
15 254
15 115
15 268
15 270
15 263
15 243
15 175
16 267
16 194
16 233
16 195
16 177
16 246
16 184
17 128
17 160
17 43
17 72
17 116
17 71
17 148
17 46
17 48
17 136
17 50
17 51
17 147
18 267
18 261
18 194
18 241
18 204
18 213
18 221
18 290
18 231
18 195
18 168
18 177
18 246
18 184
18 254
18 270
18 263
18 243
18 262
19 59
19 125
19 93
19 88
20 267
20 261
20 194
20 241
20 182
20 204
20 213
20 276
20 227
20 233
20 290
20 195
20 168
20 206
20 177
20 246
20 184
20 254
20 202
20 115
20 268
20 270
20 263
20 243
20 175
21 261
21 241
21 182
21 76
21 221
21 276
21 227
21 233
21 283
21 290
21 231
21 195
21 168
21 206
21 177
21 246
21 184
21 202
21 270
21 263
21 262
21 175
22 245
22 241
22 182
22 76
22 277
22 276
22 227
22 216
22 233
22 248
22 283
22 168
22 206
22 184
22 253
22 254
22 198
22 202
22 268
22 270
22 263
22 243
22 262
23 267
23 76
23 227
23 231
23 195
23 168
23 206
23 177
23 246
23 184
23 254
23 202
23 115
23 268
23 270
23 263
23 243
23 262
23 175
24 285
24 194
24 241
24 204
24 213
24 227
24 168
24 206
24 254
24 198
24 202
24 268
24 270
24 263
24 243
24 262
25 76
25 221
25 227
25 216
25 248
25 283
25 290
25 231
25 195
25 168
25 206
25 177
25 246
25 184
25 254
25 202
25 268
25 270
25 263
25 243
25 262
25 175
26 267
26 245
26 194
26 213
26 277
26 227
26 233
26 283
26 168
26 206
26 253
26 202
26 268
26 270
26 263
26 243
26 262
27 76
27 221
27 227
27 216
27 283
27 231
27 195
27 206
27 177
27 246
27 184
27 254
27 198
27 202
27 268
27 270
27 263
27 243
27 262
27 175
30 128
30 147
31 160
31 148
31 122
31 136
31 147
32 116
32 122
32 147
33 34
33 35
33 122
33 48
34 47
34 50
34 53
35 37
35 38
35 122
35 50
35 56
39 128
39 140
39 116
39 160
39 148
39 136
39 124
39 147
40 136
41 128
41 148
41 136
41 147
42 128
42 122
42 136
42 147
43 122
44 128
44 54
44 136
44 124
45 50
46 160
46 122
47 128
47 140
47 148
47 160
47 116
47 136
47 124
47 147
48 140
48 148
48 54
48 116
48 53
48 56
48 147
49 116
50 122
51 136
51 124
51 147
52 128
52 136
52 140
52 148
52 160
52 116
52 124
52 147
53 128
53 136
53 140
53 148
53 160
53 116
53 122
53 124
53 147
54 128
54 140
54 160
54 116
54 148
54 122
54 136
54 124
54 147
55 136
55 148
55 122
55 147
56 128
56 136
56 140
56 148
56 160
56 116
56 147
57 128
57 136
57 140
57 148
57 160
57 116
57 124
57 147
58 128
58 136
58 140
58 148
58 160
58 116
58 124
58 147
59 93
59 88
59 291
60 185
60 164
60 250
60 275
60 210
60 223
60 208
60 249
60 235
60 265
60 255
60 230
60 237
61 201
61 79
61 279
62 229
62 271
62 143
62 139
62 154
62 127
62 131
63 289
63 109
63 239
64 89
64 85
64 77
64 162
65 117
65 180
65 244
66 128
66 124
67 200
67 205
67 78
68 128
68 136
68 140
68 148
68 160
68 116
68 124
68 147
69 257
69 282
69 94
69 292
70 170
70 260
70 119
71 122
74 128
74 148
74 116
74 136
74 147
75 236
75 81
75 196
75 203
76 194
76 213
76 277
76 76
76 285
76 276
76 290
76 195
76 177
76 246
76 184
76 253
76 263
77 162
78 200
78 150
78 205
79 201
80 199
80 222
81 203
81 236
81 196
82 170
82 260
83 264
83 173
83 280
83 284
84 138
84 121
84 252
84 187
85 162
86 298
86 273
86 197
87 285
87 241
87 227
87 233
87 283
87 231
87 195
87 168
87 206
87 177
87 184
87 253
87 202
87 268
87 243
87 175
88 125
89 162
90 135
90 155
90 165
90 166
91 295
92 300
92 191
92 214
93 125
94 282
94 257
94 292
95 212
95 96
95 144
96 212
96 144
97 298
97 197
97 273
98 145
98 176
98 172
98 149
99 298
99 273
100 179
100 193
100 242
101 222
101 159
101 199
102 125
103 192
103 238
103 141
104 240
104 293
104 259
105 266
105 163
105 126
105 228
106 278
106 142
106 299
107 212
107 144
108 183
108 123
108 224
108 219
108 215
109 239
110 199
110 159
111 191
111 214
111 300
112 158
113 181
113 256
113 232
114 220
114 226
114 258
115 277
115 285
115 283
115 168
115 177
115 182
115 184
115 195
115 202
115 206
115 227
115 241
115 245
115 246
115 253
115 268
115 270
115 243
115 175
116 122
117 244
117 180
117 294
118 188
118 295
118 251
119 260
119 170
120 179
120 193
120 242
121 252
121 187
123 183
123 224
123 219
123 215
126 163
126 228
126 266
127 229
127 271
129 287
129 178
130 286
131 229
131 271
132 247
132 207
134 225
134 171
134 281
135 166
135 165
137 258
137 226
137 220
138 288
138 187
138 252
139 229
139 271
141 192
141 211
141 238
142 278
142 286
142 299
143 229
143 271
144 212
145 172
145 176
146 225
146 171
146 281
149 172
150 205
150 200
151 271
151 229
152 169
152 234
154 271
155 166
155 165
156 178
156 287
157 207
157 247
158 174
159 222
177 276
177 198
180 294
180 244
184 194
184 216
184 248
188 295
190 297
191 300
191 214
194 231
194 268
194 263
195 276
198 246
202 277
202 285
202 231
202 263
209 264
214 300
217 293
219 224
221 267
231 233
233 268
240 293
244 294
246 276
246 268
251 295
257 292
259 293
263 283
263 290
264 280
267 290
272 297
274 297
282 292
286 299
287 296
