heur051_n_300_m_20122
2 180
3 280
4 284
4 180
5 280
6 280
6 180
7 180
9 280
9 180
10 280
10 180
11 104
11 280
12 180
14 59
14 180
15 280
15 284
16 180
18 111
19 93
19 33
19 59
19 115
19 143
19 180
20 280
20 180
21 35
21 280
23 180
24 115
24 280
24 284
26 280
26 180
27 280
27 284
27 180
28 180
30 111
30 280
31 280
31 180
33 104
33 105
33 132
33 180
35 72
35 111
35 115
35 129
35 132
35 280
36 93
36 72
36 104
36 115
36 280
37 55
37 59
37 111
37 143
37 280
37 180
38 115
38 280
38 284
38 180
39 115
39 280
39 284
42 280
43 280
43 284
44 115
44 280
44 180
45 115
45 280
45 284
49 280
50 72
50 111
50 115
50 132
50 280
50 284
50 180
51 59
51 115
51 280
51 284
53 180
54 280
54 180
55 93
55 59
55 72
55 83
55 115
55 137
55 143
55 280
55 284
56 280
56 180
57 280
58 73
58 138
58 180
59 66
59 73
59 105
59 107
59 120
59 280
59 180
64 180
65 138
65 180
66 111
66 180
68 115
68 280
68 284
70 280
70 180
71 180
72 82
72 76
72 108
72 86
72 106
72 114
72 117
72 120
72 127
72 138
72 280
72 180
73 111
73 115
73 143
73 280
74 120
74 180
76 111
76 115
77 280
79 115
79 280
79 284
81 280
81 180
82 132
82 280
83 114
83 132
83 180
84 180
85 180
86 280
87 180
88 180
90 280
90 180
92 180
93 99
93 95
93 107
93 138
93 280
93 180
95 280
95 284
96 280
96 284
99 104
99 115
99 132
99 280
99 284
100 180
101 111
102 180
104 108
104 107
104 114
104 117
104 138
104 180
105 115
105 280
105 180
106 115
106 280
107 115
107 143
107 280
107 284
108 280
110 280
110 180
111 114
111 120
111 280
111 180
113 180
114 115
114 132
114 280
114 284
115 120
115 124
115 128
115 140
115 180
116 180
117 280
119 180
120 143
120 280
120 284
122 180
124 280
124 284
125 280
126 180
127 280
127 284
128 280
128 284
129 180
130 280
130 180
131 280
131 180
132 180
133 280
133 284
134 180
135 180
136 180
139 280
140 280
140 284
141 280
141 180
143 180
144 153
150 152
150 153
150 157
150 201
150 254
152 172
153 184
153 155
153 257
153 160
153 249
153 170
153 194
153 179
154 203
154 160
154 249
155 203
155 211
155 187
155 176
156 172
157 187
158 170
160 218
160 233
167 172
167 203
167 249
167 170
170 233
172 233
180 280
180 284
183 276
185 273
187 232
188 282
189 295
190 277
191 288
192 278
193 273
196 298
196 271
197 270
198 293
198 287
199 285
202 290
203 233
203 254
204 299
206 272
207 276
209 272
212 254
214 285
216 297
217 258
218 249
219 269
219 267
220 300
221 296
221 274
222 292
224 286
225 294
226 232
227 268
228 241
228 279
229 295
231 294
232 233
233 249
234 282
235 254
236 300
237 255
238 255
239 299
241 279
242 297
244 286
245 281
246 275
247 277
248 254
250 270
251 290
252 275
258 289
260 291
260 283
261 292
262 288
263 278
266 281
267 269
280 284
