heur050_n_300_m_19207
1 111
1 94
1 103
1 126
1 127
1 107
1 100
1 113
1 96
1 117
1 150
1 119
1 121
2 93
2 108
2 111
2 112
2 94
2 114
2 91
2 116
2 122
2 123
2 107
2 100
2 113
2 89
2 96
2 117
2 150
2 135
2 119
2 121
3 92
3 97
3 106
3 54
3 114
3 123
3 89
3 117
3 150
3 268
3 119
3 121
3 143
4 92
4 93
4 95
4 98
4 108
4 110
4 54
4 112
4 94
4 116
4 122
4 125
4 126
4 128
4 107
4 100
4 113
4 117
4 130
4 131
4 133
4 119
4 121
5 111
5 94
5 91
5 103
5 150
5 135
6 91
6 127
6 107
6 113
6 96
6 117
6 150
6 119
6 121
7 92
7 93
7 101
7 105
7 106
7 111
7 114
7 103
7 107
7 100
7 113
7 89
7 96
7 117
7 129
7 130
7 131
7 119
7 121
8 92
8 93
8 95
8 108
8 112
8 94
8 114
8 91
8 116
8 120
8 127
8 107
8 100
8 113
8 96
8 117
8 150
8 119
8 121
9 93
9 98
9 108
9 110
9 111
9 91
9 122
9 103
9 123
9 126
9 127
9 107
9 100
9 113
9 96
9 117
9 119
9 121
10 93
10 97
10 98
10 102
10 108
10 111
10 94
10 114
10 103
10 123
10 107
10 100
10 113
10 89
10 96
10 117
10 150
10 119
10 121
11 95
11 54
11 115
11 116
11 107
11 89
11 117
11 121
12 90
12 104
12 108
12 103
12 268
12 134
12 135
13 90
13 92
13 93
13 95
13 101
13 105
13 108
13 111
13 112
13 94
13 114
13 91
13 115
13 116
13 120
13 122
13 103
13 125
13 123
13 127
13 107
13 100
13 113
13 89
13 96
13 117
13 150
13 129
13 130
13 131
13 133
13 119
13 121
14 90
14 102
14 106
14 108
14 111
14 94
14 114
14 115
14 120
14 122
14 103
14 123
14 127
14 107
14 100
14 113
14 89
14 96
14 117
14 150
14 130
14 131
14 135
14 119
14 121
15 118
15 95
15 97
15 98
15 101
15 104
15 106
15 108
15 110
15 111
15 54
15 94
15 114
15 91
15 116
15 122
15 103
15 125
15 123
15 127
15 107
15 100
15 113
15 89
15 96
15 117
15 150
15 129
15 131
15 268
15 135
15 119
15 121
16 92
16 54
16 150
17 95
17 98
17 101
17 104
17 106
17 108
17 110
17 111
17 94
17 114
17 91
17 120
17 122
17 125
17 123
17 126
17 127
17 128
17 107
17 100
17 113
17 89
17 96
17 117
17 150
17 119
17 121
18 92
18 98
18 110
18 94
18 91
18 115
18 122
18 125
18 123
18 126
18 107
18 100
18 113
18 89
18 96
18 117
18 268
18 135
18 119
18 121
19 92
19 93
19 95
19 97
19 98
19 101
19 104
19 105
19 110
19 94
19 114
19 120
19 122
19 103
19 123
19 126
19 127
19 128
19 107
19 100
19 113
19 89
19 96
19 117
19 130
19 131
19 135
19 119
19 121
20 92
20 97
20 103
20 123
20 113
20 89
20 117
20 150
20 121
21 92
21 93
21 97
21 98
21 101
21 105
21 110
21 112
21 94
21 114
21 115
21 122
21 103
21 123
21 127
21 107
21 100
21 113
21 89
21 96
21 117
21 150
21 129
21 130
21 131
21 133
21 135
21 119
21 121
22 98
22 104
22 106
22 111
22 91
22 123
22 126
22 127
22 107
22 100
22 113
22 96
22 117
22 129
22 131
22 119
22 121
23 92
23 93
23 104
23 105
23 110
23 112
23 94
23 114
23 91
23 115
23 116
23 120
23 103
23 123
23 127
23 128
23 113
23 89
23 96
23 117
23 150
23 130
23 135
23 119
23 121
24 110
24 111
24 94
24 103
24 123
24 126
24 127
24 107
24 100
24 113
24 96
24 117
24 150
24 135
24 119
24 121
25 93
25 95
25 102
25 111
25 94
25 115
25 122
25 103
25 123
25 127
25 107
25 100
25 113
25 89
25 96
25 117
25 150
25 130
25 131
25 135
25 119
25 121
26 93
26 111
26 112
26 94
26 114
26 91
26 116
26 103
26 123
26 107
26 100
26 113
26 89
26 96
26 117
26 150
26 135
26 119
26 121
27 92
27 93
27 95
27 98
27 101
27 108
27 110
27 111
27 94
27 114
27 115
27 120
27 122
27 124
27 125
27 123
27 126
27 127
27 128
27 107
27 100
27 113
27 89
27 96
27 117
27 129
27 131
27 119
27 121
28 93
28 95
28 97
28 98
28 101
28 108
28 111
28 94
28 114
28 115
28 120
28 122
28 103
28 123
28 127
28 107
28 100
28 113
28 89
28 96
28 117
28 150
28 130
28 131
28 135
28 119
28 121
29 90
29 95
29 98
29 104
29 106
29 111
29 94
29 103
29 123
29 126
29 127
29 107
29 100
29 113
29 96
29 117
29 129
29 130
29 135
29 119
29 121
30 92
30 93
30 95
30 97
30 107
30 100
30 113
30 89
30 117
30 150
30 121
31 92
31 95
31 97
31 98
31 99
31 101
31 104
31 106
31 108
31 110
31 112
31 94
31 114
31 91
31 115
31 120
31 123
31 126
31 127
31 107
31 100
31 113
31 89
31 96
31 117
31 150
31 130
31 133
31 134
31 119
31 121
32 93
32 111
32 94
32 114
32 103
32 107
32 100
32 96
32 117
32 150
32 135
32 119
32 121
33 118
33 93
33 95
33 111
33 114
33 91
33 103
33 125
33 123
33 126
33 127
33 89
33 96
33 117
33 119
33 121
34 92
34 93
34 95
34 105
34 112
34 94
34 114
34 91
34 115
34 120
34 122
34 103
34 123
34 107
34 100
34 113
34 89
34 96
34 117
34 130
34 131
34 119
34 121
35 92
35 93
35 95
35 101
35 102
35 105
35 106
35 108
35 111
35 112
35 94
35 91
35 115
35 116
35 120
35 122
35 103
35 124
35 123
35 126
35 127
35 128
35 107
35 100
35 113
35 89
35 96
35 117
35 129
35 130
35 131
35 268
35 119
35 121
35 143
36 90
36 93
36 98
36 106
36 108
36 110
36 111
36 112
36 94
36 114
36 91
36 115
36 116
36 122
36 103
36 124
36 123
36 126
36 127
36 128
36 107
36 100
36 113
36 89
36 96
36 117
36 150
36 119
36 121
37 95
37 98
37 110
37 111
37 94
37 103
37 123
37 126
37 127
37 107
37 100
37 113
37 89
37 96
37 117
37 150
37 135
37 119
37 121
38 92
38 93
38 98
38 110
38 112
38 114
38 91
38 103
38 123
38 126
38 107
38 100
38 113
38 89
38 117
38 150
38 130
38 135
38 119
38 121
39 103
39 126
39 128
39 113
39 96
39 117
39 133
39 121
40 92
40 93
40 95
40 97
40 98
40 101
40 102
40 106
40 108
40 54
40 112
40 94
40 114
40 91
40 115
40 116
40 120
40 122
40 125
40 123
40 126
40 127
40 107
40 100
40 113
40 89
40 96
40 117
40 129
40 130
40 131
40 119
40 121
41 92
41 93
41 95
41 98
41 104
41 112
41 114
41 127
41 128
41 107
41 100
41 113
41 89
41 117
41 150
41 129
41 130
41 268
41 119
41 121
42 46
42 60
43 48
43 77
43 82
44 52
44 77
44 79
44 84
44 88
45 56
46 50
46 51
46 58
46 85
48 58
49 50
49 60
50 52
50 53
50 60
50 61
50 67
50 75
50 77
50 79
50 84
50 88
51 61
51 66
51 82
53 60
54 92
54 97
54 102
54 104
54 105
54 106
54 110
54 91
54 115
54 103
54 124
54 126
54 113
54 96
54 117
54 268
54 133
54 135
54 121
54 143
56 60
56 73
56 80
56 82
58 82
59 60
60 61
60 67
60 71
60 78
60 81
73 77
77 82
80 85
82 85
82 88
89 268
89 143
90 115
90 130
90 268
90 143
91 102
91 133
91 134
91 135
91 143
92 103
92 133
92 135
92 143
93 96
93 268
93 143
94 102
94 105
94 103
94 268
94 143
95 103
95 134
95 135
96 133
96 135
96 143
97 268
97 134
98 99
98 103
98 133
98 135
98 143
99 143
100 268
100 143
101 268
101 133
101 134
101 135
101 143
102 150
102 268
102 133
102 134
102 143
103 108
103 110
103 112
103 125
103 268
103 121
103 143
104 150
104 143
105 150
106 129
106 133
106 135
106 143
107 268
107 143
108 150
108 133
108 135
108 143
110 133
110 135
110 143
111 268
111 133
111 143
112 133
112 135
112 143
113 268
113 133
113 143
114 135
114 143
115 127
115 150
115 129
115 133
115 135
115 119
115 143
116 133
116 135
116 143
117 268
117 133
117 143
118 135
118 143
119 143
120 143
121 124
121 133
121 135
121 268
121 143
122 143
123 268
123 133
123 143
124 150
124 130
124 268
125 150
125 135
125 143
126 150
126 133
126 135
126 143
127 133
127 135
127 143
128 150
128 268
128 143
129 268
129 143
130 134
130 135
130 143
131 134
131 143
133 268
134 268
135 268
143 268
150 268
