heur023_n_329_m_16183
1 284
1 278
1 311
1 172
1 183
2 216
2 199
2 90
2 5
2 87
2 31
3 148
3 195
3 36
3 7
3 75
3 307
5 90
5 87
5 216
5 53
5 199
6 233
7 153
7 307
7 174
7 195
7 48
7 75
7 300
7 219
7 148
9 72
9 122
9 88
9 285
9 96
9 128
9 261
9 168
9 138
11 224
11 212
11 66
11 105
11 171
11 108
11 13
11 238
11 175
11 249
12 56
12 37
13 105
13 108
13 171
13 175
13 249
13 238
13 224
13 212
14 220
15 314
15 309
15 65
15 58
15 210
15 202
15 225
15 215
16 302
17 282
17 252
17 318
17 295
17 26
18 121
18 116
18 182
18 159
19 121
19 116
19 182
19 159
20 265
20 44
22 314
22 309
22 65
22 58
22 210
22 202
22 225
22 223
22 215
23 265
23 259
23 68
23 82
25 35
25 152
25 180
26 295
26 282
26 252
26 318
27 298
27 302
27 146
27 127
29 321
29 322
31 90
31 87
31 216
31 53
31 199
32 208
35 43
35 41
35 47
35 152
35 180
36 153
36 307
36 174
36 195
36 48
36 75
36 300
36 219
36 148
40 163
40 196
41 152
41 180
42 81
42 85
42 264
42 244
42 173
42 119
43 47
43 152
43 180
44 259
44 68
44 265
44 60
44 82
44 78
46 173
46 119
47 180
48 195
48 307
48 153
48 148
49 191
50 272
50 170
50 237
53 216
53 199
53 90
53 87
57 315
57 319
57 303
57 204
57 188
58 225
58 215
59 319
59 204
59 188
61 272
61 170
61 237
62 299
65 202
65 225
65 215
66 105
66 108
66 171
66 175
66 249
66 238
66 224
66 212
70 176
70 130
71 176
71 130
72 88
72 122
72 96
72 128
72 261
72 168
72 138
72 155
74 325
74 326
75 219
75 300
75 195
75 174
75 307
75 153
75 148
76 262
76 255
76 86
76 103
79 129
79 229
79 134
79 266
79 279
79 221
80 284
80 278
80 311
80 172
80 183
81 264
81 173
81 119
82 265
83 190
83 297
83 253
83 328
83 165
85 264
85 173
85 119
87 216
87 199
88 285
88 96
88 128
88 261
88 168
88 138
88 155
89 296
89 312
90 216
90 199
91 190
91 297
91 253
91 328
92 167
94 320
94 323
94 132
94 305
94 98
94 230
94 290
94 292
95 129
95 229
95 134
95 266
95 279
95 221
96 155
96 168
96 122
96 285
98 305
98 230
98 132
98 141
99 280
99 276
100 240
100 234
102 163
102 196
103 262
105 171
105 175
106 167
107 305
107 230
107 132
107 141
108 171
108 175
109 289
110 289
110 277
110 269
116 182
116 159
118 161
118 218
118 184
118 192
119 264
119 244
120 319
120 303
120 204
120 188
121 182
121 159
122 285
122 128
122 261
122 168
122 138
122 155
123 139
127 302
128 168
128 155
128 285
129 229
129 221
129 266
129 279
131 319
131 204
131 188
132 320
132 323
132 141
132 305
132 230
132 290
132 292
133 325
133 326
135 328
135 297
135 253
135 190
136 245
137 161
137 218
137 184
137 169
137 178
137 192
138 168
138 155
138 285
141 320
141 323
141 305
141 230
141 290
141 292
143 240
143 234
144 299
144 308
146 302
148 195
148 300
148 174
148 307
148 153
148 219
153 307
153 195
153 300
154 294
155 261
155 285
157 321
157 322
161 184
161 169
161 178
161 192
165 256
165 328
165 297
165 177
165 253
165 190
166 287
167 226
167 227
168 261
168 285
169 184
169 192
169 218
170 272
170 239
171 249
171 238
171 224
171 212
172 278
172 311
172 284
173 264
174 307
174 195
175 249
175 238
175 224
175 212
177 297
177 253
177 328
178 184
178 192
178 218
181 198
183 278
183 311
183 284
184 218
187 201
187 194
187 211
187 222
188 303
188 315
188 306
188 319
190 297
190 253
190 328
192 218
194 286
194 211
194 222
195 300
195 219
198 233
201 286
201 211
201 222
202 225
202 215
204 303
204 315
204 306
204 319
209 293
210 225
211 286
215 225
215 309
217 294
219 307
220 281
220 267
222 286
223 225
224 238
225 309
225 314
230 320
230 323
230 290
230 292
237 272
237 239
243 270
243 287
245 251
248 268
248 294
252 282
252 295
253 256
253 328
261 285
263 329
269 289
270 324
271 289
273 329
273 316
277 289
278 311
282 318
284 311
287 324
289 291
290 305
292 305
295 318
297 328
300 307
303 315
305 320
305 323
306 319
315 319
