heur017_n_300_m_15641
1 4
1 216
1 211
2 4
2 216
2 203
2 211
4 14
4 216
4 10
4 52
4 54
5 73
5 74
5 79
5 171
5 111
5 112
5 113
5 176
5 180
6 216
6 203
6 211
7 211
7 216
8 155
8 164
8 157
8 217
8 175
9 211
10 203
10 211
10 216
11 73
11 74
11 79
11 171
11 111
11 112
11 113
11 180
12 155
12 164
12 157
12 217
12 205
12 207
12 175
12 183
12 189
13 155
13 164
13 157
14 216
15 77
15 81
15 83
15 53
16 77
16 81
16 83
16 53
17 77
17 81
17 83
17 53
18 207
18 183
18 175
18 164
18 155
18 157
19 217
19 205
19 207
19 183
19 189
19 175
19 164
19 155
19 157
20 224
20 97
20 226
20 259
20 255
20 109
20 254
20 95
21 224
21 97
21 226
21 259
21 255
21 109
21 254
21 95
22 128
22 133
22 122
23 29
23 224
23 97
23 259
23 255
23 109
23 254
24 224
24 97
24 226
24 259
24 227
24 255
24 109
24 254
24 95
25 217
25 205
25 207
25 183
25 189
25 175
25 164
25 155
25 157
26 179
26 161
26 156
26 128
26 133
26 122
27 71
27 166
27 105
27 106
27 108
27 82
27 159
28 179
28 182
28 191
28 161
28 156
28 167
28 128
28 133
28 122
29 224
29 97
29 226
29 259
29 227
29 255
29 109
29 254
29 95
30 96
30 98
30 101
30 162
30 158
30 63
31 247
31 264
31 260
31 263
31 194
32 296
32 289
32 297
32 148
32 153
32 154
33 224
33 97
33 226
33 259
33 255
33 109
33 254
33 95
34 234
34 238
34 288
34 80
34 85
34 282
35 296
35 289
35 297
35 229
35 232
35 148
35 153
35 154
35 222
36 70
36 166
36 105
36 106
36 169
36 82
37 252
37 247
37 264
37 260
37 263
37 195
38 296
38 289
38 297
38 229
38 232
38 148
38 153
38 154
38 222
39 96
39 98
39 101
39 162
39 165
39 158
39 63
40 96
40 98
40 101
40 162
40 165
40 158
40 63
41 77
41 81
41 83
42 250
42 252
42 247
42 264
42 263
42 194
42 195
42 196
43 77
43 81
43 83
44 77
44 81
44 83
44 51
45 218
45 220
45 213
45 210
45 204
45 215
45 136
45 123
45 140
46 220
46 213
46 204
46 136
46 123
46 140
47 234
47 235
47 238
47 288
47 80
47 85
47 280
47 282
48 218
48 220
48 213
48 210
48 204
48 215
48 136
48 123
48 140
49 81
49 83
49 77
51 81
51 83
51 77
52 203
52 211
52 216
53 81
53 83
53 77
54 203
54 211
54 216
55 128
55 122
55 133
55 167
55 156
55 179
56 128
56 122
56 133
56 161
56 167
56 156
56 182
56 191
57 128
57 122
57 133
57 161
57 167
57 156
57 179
57 191
58 162
58 165
58 158
58 63
58 96
58 98
58 101
59 162
59 165
59 158
59 63
59 96
59 98
59 101
60 162
60 165
60 158
60 63
60 96
60 98
60 101
61 273
61 275
61 268
61 172
61 173
61 174
61 209
61 212
61 219
62 234
62 235
62 238
62 288
62 282
63 165
64 225
64 239
64 243
64 90
65 225
65 239
65 243
66 273
66 275
66 268
66 173
66 174
66 209
66 212
67 225
67 239
67 243
68 166
68 169
68 159
69 273
69 268
69 172
69 173
69 174
69 209
69 212
69 219
70 166
70 159
71 169
71 166
71 159
72 135
72 186
73 111
73 176
74 180
75 135
75 186
76 186
76 187
76 188
78 280
78 288
78 282
78 234
78 235
78 238
79 171
79 176
79 180
80 280
80 288
80 282
80 235
80 238
82 108
82 169
82 166
82 159
84 225
84 243
85 280
85 288
85 282
85 234
85 238
86 248
86 138
86 269
86 240
86 241
86 276
86 277
87 225
87 243
87 239
88 135
88 186
89 135
89 186
89 188
90 107
90 225
90 243
91 248
91 138
91 269
91 240
91 276
92 138
92 269
92 276
92 277
93 137
93 258
93 261
93 262
93 274
93 287
93 271
94 186
95 226
95 259
95 227
95 254
95 255
96 162
96 165
96 158
97 259
97 227
97 254
97 255
98 165
98 158
99 137
99 258
99 261
99 262
99 274
99 287
99 271
100 177
100 185
100 249
100 242
100 244
100 146
101 162
101 165
101 158
102 177
102 185
102 249
102 242
102 146
102 141
102 151
103 242
104 137
104 258
104 261
104 262
104 274
104 287
104 271
105 169
105 159
106 169
106 166
107 225
107 243
107 239
108 169
108 166
109 226
109 259
109 227
109 254
109 255
110 269
111 176
112 176
112 171
112 180
113 176
113 171
113 180
114 291
114 294
114 295
114 298
114 299
114 265
114 266
114 267
115 225
115 243
115 239
116 290
116 291
116 294
116 295
116 298
116 299
116 265
116 266
116 267
117 225
117 243
118 290
118 291
118 294
118 295
118 298
118 299
118 265
118 266
118 267
119 199
119 206
119 230
119 231
119 168
119 142
119 143
119 246
120 248
120 276
120 269
121 197
121 199
121 206
121 230
121 231
121 168
121 142
121 143
121 246
122 161
122 167
122 156
122 179
122 182
122 191
123 210
123 213
123 215
123 218
123 220
124 197
124 199
124 206
124 230
124 231
124 168
124 142
124 143
124 246
125 292
125 201
125 202
125 300
125 208
125 214
125 278
125 221
126 197
126 206
126 199
126 230
126 231
126 168
126 246
127 200
127 201
127 202
127 300
127 272
127 214
127 278
127 221
128 161
128 167
128 156
128 179
128 182
128 191
129 258
129 261
129 262
129 274
129 287
129 271
130 197
130 206
130 199
130 230
130 231
130 168
130 142
130 143
130 246
131 186
131 187
131 188
132 197
132 206
132 199
132 230
132 231
132 168
132 142
132 143
132 246
133 161
133 167
133 156
133 191
134 186
134 188
136 213
137 258
137 261
137 262
137 274
137 287
137 271
138 269
139 258
139 261
139 262
139 274
139 287
139 271
140 210
140 213
140 220
141 249
141 177
141 178
141 242
141 185
142 231
142 230
142 246
142 197
142 199
142 206
143 231
143 246
143 206
144 170
144 228
144 233
144 279
144 281
144 223
145 170
145 228
145 279
145 281
145 223
146 249
146 177
146 178
146 242
146 244
146 185
147 170
147 228
147 233
147 279
148 232
148 222
149 170
149 228
149 233
149 279
149 281
149 223
150 170
150 233
150 279
151 249
151 178
151 185
152 228
152 233
152 279
152 281
152 223
153 232
153 229
153 222
153 289
154 232
154 222
154 289
155 217
155 205
155 175
155 183
155 189
156 179
156 182
156 191
157 217
157 205
157 175
157 189
160 170
160 228
160 233
160 279
160 281
160 223
161 179
161 182
161 191
163 233
163 279
163 223
164 217
164 205
164 207
164 175
164 183
164 189
170 279
170 281
170 285
172 268
172 275
173 268
173 275
174 268
174 273
174 275
181 245
181 283
181 284
181 286
181 257
181 256
181 251
184 283
184 284
184 286
184 257
184 256
184 251
190 283
190 284
190 286
190 257
190 256
190 251
192 251
193 256
193 257
193 251
193 283
193 284
193 286
194 260
194 263
194 264
194 250
194 252
195 260
195 264
195 250
196 260
196 263
196 264
196 250
198 256
198 251
198 237
198 286
200 293
200 300
200 253
200 272
200 278
201 292
201 293
201 300
201 253
201 270
201 272
201 278
202 292
202 293
202 300
202 253
202 270
202 272
202 278
208 272
208 270
208 278
208 292
208 293
208 300
208 253
209 268
209 275
210 220
212 268
212 275
214 270
214 278
214 292
214 293
214 300
214 253
219 268
219 273
219 275
221 272
221 270
221 278
221 292
221 293
221 300
221 253
222 296
224 259
224 254
224 255
226 259
226 255
227 254
227 255
228 279
229 289
229 296
229 297
232 289
232 296
232 297
233 281
233 285
233 279
234 288
234 280
234 282
235 288
235 280
235 282
236 283
236 284
236 286
236 257
236 256
236 251
237 283
237 284
237 286
237 257
237 256
237 251
238 288
238 280
238 282
240 277
240 276
240 269
241 277
241 276
241 269
245 283
245 284
245 286
245 257
245 256
245 251
247 264
247 260
247 263
248 277
248 276
248 269
250 264
250 260
252 260
266 295
267 295
290 295
295 298
