heur007_n_200_m_6731
1 97
1 102
1 142
1 145
1 84
1 151
1 33
1 38
1 44
1 182
1 155
2 173
2 167
2 64
2 65
2 95
2 112
2 116
2 183
3 167
3 95
3 116
3 183
4 97
4 84
4 102
4 145
4 142
4 151
4 33
4 38
4 44
4 182
4 155
5 200
5 197
5 199
5 29
5 52
5 185
5 188
5 190
6 102
6 145
6 142
6 151
6 33
6 38
6 44
6 182
6 155
7 198
7 71
7 178
7 181
8 200
8 197
8 199
8 29
8 52
8 185
8 188
8 190
9 65
9 116
9 183
10 153
10 154
10 157
11 42
11 35
11 40
11 41
11 168
12 175
12 42
12 41
12 168
12 169
13 196
13 198
13 71
13 178
14 144
14 156
14 129
14 131
14 134
14 92
14 126
15 97
15 84
15 102
15 145
15 142
15 151
15 33
15 166
15 38
15 44
15 182
15 155
16 194
16 198
16 71
16 178
17 59
17 153
17 154
18 153
18 154
18 157
19 200
19 199
19 29
19 185
19 190
20 69
20 133
20 135
20 137
20 74
20 81
20 86
21 153
21 154
22 34
22 39
22 30
23 69
23 133
23 135
23 137
23 74
23 80
23 81
23 86
24 153
24 154
24 157
25 153
25 154
25 157
26 34
26 39
26 63
27 144
27 156
27 150
27 129
27 131
27 134
27 91
27 92
27 126
28 75
28 78
28 79
28 101
28 34
28 39
28 63
29 58
29 52
29 61
29 190
29 197
30 75
30 78
30 79
30 50
30 56
30 63
31 121
31 107
31 117
31 161
31 158
31 159
31 113
31 54
31 57
32 69
32 133
32 135
32 137
32 74
32 76
32 80
32 81
32 86
33 155
33 142
33 145
33 84
33 151
34 56
34 50
34 78
34 79
35 168
35 169
35 170
35 66
35 175
35 48
35 177
35 179
35 53
36 100
36 93
36 94
36 195
36 191
36 119
37 121
37 107
37 161
37 159
37 68
37 141
37 113
37 114
37 54
37 57
38 102
38 145
38 84
38 151
39 56
39 50
39 79
40 168
40 169
40 170
40 66
40 175
40 48
40 177
40 179
40 53
41 168
41 169
41 170
41 66
41 175
41 48
41 177
41 179
41 53
42 66
42 175
42 177
42 179
42 168
42 169
42 170
43 90
43 83
43 85
43 67
43 77
43 55
43 87
43 89
44 155
44 142
44 145
44 84
44 151
45 100
45 93
45 94
45 195
45 191
45 119
46 100
46 93
46 94
46 195
46 191
46 184
46 118
46 119
47 90
47 83
47 85
47 67
47 55
48 66
48 175
48 177
48 179
48 168
48 169
48 170
49 144
49 150
49 129
49 131
49 134
49 91
49 92
49 126
50 63
50 101
50 75
50 110
51 121
51 107
51 117
51 161
51 158
51 159
51 113
51 114
52 185
52 190
52 200
53 177
53 168
54 113
54 114
54 141
54 159
54 161
54 107
54 117
54 121
54 158
55 99
55 87
55 140
55 83
56 63
56 101
56 75
56 109
56 79
56 110
57 113
57 114
57 141
57 159
57 161
57 107
57 117
57 121
57 158
58 185
58 188
58 190
58 197
58 200
59 153
59 154
59 157
60 153
60 154
60 157
61 185
61 188
61 190
61 197
61 199
61 200
62 153
62 154
62 157
64 167
64 186
64 112
64 116
64 183
65 167
65 186
65 116
65 183
66 177
66 175
66 168
67 140
68 113
68 114
68 141
68 159
68 161
68 117
68 121
68 158
70 193
70 187
70 160
70 162
70 163
70 164
70 165
70 147
70 124
70 125
71 194
71 198
71 176
71 178
72 194
72 196
72 198
72 176
72 181
73 192
73 193
73 160
73 162
73 130
73 163
73 164
73 165
73 147
73 124
73 125
74 137
74 133
74 135
75 101
75 110
76 137
76 133
77 140
78 109
80 133
80 135
80 137
81 133
81 135
81 137
82 193
82 187
82 160
82 162
82 163
82 147
82 124
82 125
83 140
84 145
84 142
84 151
84 166
84 182
84 155
85 140
85 99
87 140
88 128
88 171
88 139
88 143
88 115
88 148
88 149
88 120
89 140
90 140
90 99
91 144
91 150
91 156
92 129
92 131
92 134
92 144
92 150
92 156
93 195
93 189
93 191
93 184
93 118
93 119
94 184
94 118
94 119
95 167
95 173
95 186
95 116
95 183
96 128
96 171
96 139
96 143
96 115
96 148
96 149
96 120
96 152
97 145
97 182
97 155
98 128
98 171
98 139
98 143
98 115
98 148
98 149
98 120
98 152
100 184
100 118
100 119
102 145
102 142
102 151
102 182
102 155
103 123
103 127
103 180
103 172
103 174
103 136
103 138
104 123
104 132
104 127
104 180
104 172
104 174
104 138
104 146
105 123
105 180
105 172
105 174
105 138
105 146
106 136
106 146
106 138
106 172
106 174
106 180
106 123
107 158
107 141
108 138
108 132
108 172
108 174
108 123
111 138
111 132
111 172
111 174
111 123
111 127
112 167
112 173
112 186
113 159
113 161
113 117
113 121
113 158
114 161
114 158
115 152
115 149
115 128
115 139
115 143
116 167
116 173
117 158
118 195
118 189
118 191
119 195
119 189
119 191
120 148
120 128
120 143
121 161
121 158
121 159
121 141
122 196
122 176
122 178
122 181
123 180
123 172
123 174
123 146
124 160
124 162
124 163
124 164
124 165
124 147
124 192
124 193
124 187
125 162
125 164
125 165
125 192
125 193
126 144
126 150
126 156
127 180
127 172
127 174
128 171
128 148
128 152
129 144
129 150
130 160
130 162
130 163
130 164
130 165
130 147
130 193
130 187
131 144
131 150
131 156
132 172
132 174
134 144
134 150
134 156
136 172
136 174
136 180
138 172
138 180
139 171
142 166
142 182
143 171
145 166
145 182
146 172
146 174
147 162
147 192
147 193
147 187
148 171
149 171
151 166
152 171
160 164
160 165
160 192
160 187
162 164
162 165
162 192
162 193
162 187
163 164
163 165
163 192
163 193
163 187
164 192
164 193
164 187
165 192
165 193
173 183
176 198
178 198
181 196
181 198
184 191
190 200
