heur005_n_160_m_4015
1 118
1 111
1 82
1 83
1 85
2 84
2 86
2 90
2 58
2 56
2 26
3 47
3 50
3 89
3 29
3 54
4 118
4 111
4 82
4 83
4 85
5 104
5 122
5 132
5 42
5 49
6 147
6 148
6 150
6 120
6 153
6 125
6 34
6 44
6 143
6 94
6 92
6 30
7 147
7 148
7 150
7 120
7 153
7 125
7 34
7 44
7 143
7 151
7 94
7 92
7 30
8 131
8 133
8 47
8 50
8 89
8 127
8 25
8 29
8 54
9 160
9 84
9 86
9 90
9 58
9 56
9 26
10 86
10 90
10 157
10 158
10 58
10 56
10 155
11 82
11 85
11 111
11 118
12 117
12 118
12 111
12 83
12 85
13 82
13 85
13 111
13 117
13 118
14 80
14 91
14 79
14 128
14 129
14 130
14 134
14 152
14 126
15 83
15 85
15 111
15 118
16 80
16 91
16 79
16 129
16 134
17 115
17 107
17 112
18 79
18 129
18 130
18 134
18 126
19 68
19 95
19 63
19 36
19 135
19 40
19 136
19 108
19 110
19 145
19 114
19 31
20 68
20 95
20 36
20 135
20 136
20 108
20 110
20 145
20 114
20 31
21 33
21 132
21 37
21 104
21 122
21 43
21 49
21 52
22 33
22 132
22 37
22 104
22 122
22 43
22 46
22 49
23 115
23 107
23 112
24 115
24 107
24 112
25 131
25 47
25 50
25 55
25 89
26 156
26 84
26 86
26 90
26 158
27 68
27 63
27 36
27 135
27 40
27 136
27 108
27 110
27 145
27 114
27 31
28 33
28 132
28 37
28 104
28 43
28 46
28 49
28 52
29 133
29 55
29 127
30 151
30 143
30 92
30 94
30 147
30 148
30 150
30 120
30 153
30 125
31 135
31 110
31 145
31 114
31 68
31 63
31 95
32 137
32 116
32 119
32 144
32 140
33 104
33 122
33 132
33 42
34 151
34 143
34 92
34 93
34 94
34 148
34 150
34 120
34 153
34 125
35 137
35 116
35 119
35 144
35 139
35 140
36 135
36 136
36 108
36 110
36 145
36 114
36 68
36 63
36 95
37 104
37 122
37 132
38 74
38 121
38 123
38 124
38 69
38 102
38 105
38 61
39 81
39 121
39 123
39 124
39 69
39 102
39 103
39 105
39 61
40 135
40 136
40 108
40 110
40 145
40 114
40 68
40 63
40 95
41 74
41 123
41 69
41 102
41 103
41 105
41 78
41 61
42 132
42 122
43 132
43 104
43 122
44 151
44 154
44 143
44 92
44 93
44 94
44 147
44 148
44 150
44 120
44 153
44 125
45 137
45 116
45 119
45 140
46 132
46 104
46 122
47 131
47 133
47 127
47 55
47 54
48 132
48 104
48 122
49 132
49 104
49 122
50 131
50 133
50 127
50 55
50 54
51 137
51 116
51 119
51 144
51 139
51 140
52 132
52 122
53 116
53 119
53 144
53 140
54 131
54 89
55 131
55 133
55 89
56 159
56 84
56 86
56 90
56 157
56 158
57 88
57 113
57 138
57 149
57 146
57 142
57 109
57 141
58 84
58 86
58 90
58 157
58 158
59 88
59 113
59 138
59 149
59 146
59 142
59 109
59 141
60 99
60 100
60 106
60 96
60 101
61 77
61 81
62 138
62 142
63 135
63 136
63 108
63 110
63 145
63 114
64 106
64 99
64 100
64 97
64 67
64 96
64 98
64 101
65 106
65 99
65 100
65 97
65 96
65 98
65 101
66 96
66 98
66 101
66 97
66 99
66 100
66 106
67 99
67 100
67 106
67 98
67 101
68 135
68 136
68 108
68 110
68 145
68 114
69 105
69 102
69 103
69 77
69 121
69 123
69 124
70 99
70 100
70 97
70 96
70 101
71 96
71 98
71 101
71 99
71 100
72 96
72 98
72 101
72 99
72 100
73 96
73 98
73 101
73 97
73 99
73 100
73 106
74 121
74 123
74 102
74 103
74 78
75 96
75 98
75 101
75 97
75 99
75 100
75 106
76 96
76 98
76 101
76 97
76 100
76 106
77 102
77 103
77 105
78 105
78 102
78 103
78 123
78 124
79 129
79 134
79 152
79 126
80 130
80 152
81 121
81 123
81 124
81 102
81 103
81 105
82 118
84 158
84 156
84 159
85 118
86 157
86 158
86 155
86 156
86 159
87 142
88 142
89 131
89 133
89 127
90 160
90 157
90 158
90 155
90 156
90 159
91 128
91 129
91 130
91 134
91 152
91 126
92 151
92 120
92 153
92 125
93 147
93 148
93 150
93 153
94 151
94 120
94 153
95 135
95 136
95 108
95 145
95 114
96 99
97 99
105 121
108 136
108 135
110 135
113 138
113 146
113 142
113 141
114 136
114 145
114 135
120 147
120 148
120 150
120 143
120 154
125 147
125 148
125 150
125 143
125 151
125 154
128 152
129 152
143 153
147 153
147 151
147 154
148 153
148 151
150 153
150 151
150 154
