heur012_n_250_m_20035
1 124
2 124
2 125
3 124
3 125
7 124
7 125
10 124
10 125
11 164
11 166
11 168
11 169
11 170
11 171
12 166
12 169
12 170
12 171
14 166
14 169
14 170
14 171
16 164
16 166
16 168
16 169
16 170
16 171
17 46
17 48
18 164
18 166
18 169
18 170
18 171
19 44
19 46
19 48
19 47
20 164
20 166
20 168
20 169
20 170
20 171
22 164
22 166
22 168
22 169
22 170
22 171
27 76
28 224
28 227
28 228
28 229
31 224
31 227
31 228
31 229
32 224
32 226
32 227
32 228
32 229
32 223
33 224
33 226
33 227
33 228
33 229
33 223
34 224
34 226
34 227
34 228
34 229
34 223
35 224
35 229
36 138
36 139
36 140
36 142
36 145
36 148
36 151
37 139
37 142
37 145
37 151
38 224
38 226
38 227
38 228
38 229
38 223
39 138
39 139
39 140
39 142
39 145
39 148
39 151
40 139
40 140
40 142
40 145
40 148
40 151
41 138
41 139
41 140
41 142
41 145
41 148
41 151
42 139
42 140
42 142
42 145
42 151
43 138
43 139
43 140
43 142
43 145
43 148
43 151
49 153
49 154
49 155
49 156
49 157
49 158
49 159
50 153
50 154
50 155
50 156
50 157
50 158
50 159
51 208
51 209
51 210
51 212
51 213
51 215
52 208
52 209
52 212
53 208
54 97
54 86
54 91
54 93
54 94
55 97
55 101
55 86
55 91
55 93
55 94
56 208
57 97
57 86
57 93
57 94
58 97
58 86
58 93
58 94
59 97
59 86
59 93
59 94
60 97
60 86
60 93
60 94
61 195
63 195
66 195
67 188
70 97
70 86
70 91
70 93
70 94
77 153
77 154
77 155
77 157
77 158
77 159
78 154
78 155
78 156
78 157
78 158
79 154
82 206
85 154
85 156
90 161
92 162
95 161
95 162
96 160
96 161
96 163
96 165
96 167
99 161
99 163
99 165
99 167
130 160
130 161
130 162
130 163
130 165
130 167
130 172
133 185
133 186
143 173
143 174
146 173
146 174
147 173
147 174
149 174
150 173
150 174
192 236
193 236
199 236
