heur038_n_361_m_7987
4 174
5 172
5 70
5 307
5 251
6 21
7 226
7 108
9 357
10 152
10 95
10 30
11 122
12 85
13 279
13 252
14 331
19 235
19 256
19 238
19 246
24 211
24 54
25 338
27 186
29 154
30 342
30 152
30 285
30 253
30 95
31 213
32 71
40 128
41 272
44 233
46 320
51 153
52 361
53 340
53 63
54 211
56 208
56 229
56 259
59 220
60 77
62 136
62 141
63 340
64 132
70 172
70 307
70 251
74 188
79 204
83 248
86 337
95 152
95 285
95 253
95 342
97 302
97 167
106 278
108 226
112 258
112 180
114 262
114 290
120 321
124 145
125 266
129 334
133 260
136 141
140 346
142 345
144 288
144 352
147 243
148 313
149 310
152 253
152 342
157 244
161 219
163 237
167 302
168 254
172 307
172 251
173 257
179 209
180 258
186 212
190 308
193 298
194 231
197 322
208 229
208 259
215 273
223 244
229 259
235 238
236 295
238 256
238 246
240 325
242 283
246 256
251 307
252 279
262 290
264 350
264 299
270 332
288 352
293 312
299 350
317 323
