heur009_n_250_m_1450
1 59
1 67
1 103
1 172
1 213
1 151
2 233
2 230
2 245
2 247
2 177
2 178
2 54
3 233
3 230
3 245
3 247
3 177
3 178
3 54
4 90
4 83
4 76
4 113
4 195
4 109
5 67
5 59
5 17
5 103
5 23
5 172
5 18
5 210
5 213
5 151
5 25
6 96
6 86
6 65
6 57
7 232
7 134
7 40
7 105
7 147
7 117
8 104
8 160
8 244
9 34
9 36
9 51
9 182
9 55
10 203
10 223
11 90
11 83
11 76
11 113
11 195
11 109
13 96
13 86
13 65
13 57
14 34
14 36
14 51
14 182
14 55
15 130
15 37
15 41
15 201
15 204
15 218
15 220
15 29
15 30
15 31
16 103
16 67
16 59
16 172
16 213
16 151
17 59
17 67
17 103
17 23
17 172
17 18
17 213
17 151
17 25
18 172
18 151
18 210
18 213
18 67
18 103
18 23
18 59
18 126
19 43
19 60
19 38
19 63
20 133
20 193
20 234
20 196
20 228
20 98
20 164
20 173
20 84
20 152
20 159
21 203
21 223
23 103
23 67
23 59
23 126
23 172
23 210
23 213
23 151
23 25
25 172
25 151
25 210
25 213
25 67
25 103
25 59
25 126
26 52
26 229
26 62
26 239
26 135
26 118
26 111
26 162
26 179
26 156
26 183
27 144
27 241
27 235
27 141
28 112
28 114
28 185
28 187
28 124
28 119
28 157
28 174
29 30
29 41
29 37
29 201
29 218
29 220
29 204
29 128
29 130
30 31
30 41
30 37
30 201
30 218
30 220
30 204
30 128
30 130
31 41
31 37
31 201
31 218
31 220
31 204
31 128
31 130
33 217
33 207
33 108
33 116
33 77
33 225
33 237
33 240
33 212
33 215
34 51
34 182
34 55
35 144
35 241
35 235
35 141
36 51
36 182
36 55
37 201
37 218
37 220
37 204
37 128
37 130
38 60
38 63
39 217
39 207
39 108
39 116
39 77
39 225
39 237
39 240
39 212
39 215
40 105
40 147
40 117
40 134
40 232
40 131
41 201
41 218
41 220
41 204
41 128
41 130
42 219
42 222
42 224
42 198
42 199
42 238
42 246
42 214
42 221
43 60
43 63
45 72
45 71
45 110
46 72
46 71
46 110
47 112
47 114
47 185
47 187
47 124
47 119
47 157
47 174
48 227
48 148
49 219
49 222
49 224
49 198
49 199
49 238
49 246
49 214
49 221
51 182
52 229
52 239
52 135
52 118
52 111
52 162
52 179
52 156
52 183
53 78
53 87
53 250
53 243
54 177
54 178
54 230
54 233
54 245
54 247
55 182
56 78
56 87
56 250
56 243
57 96
57 86
58 249
58 226
58 102
58 88
58 127
58 95
58 216
59 126
59 103
59 172
59 210
59 213
59 151
61 249
61 226
61 102
61 88
61 127
61 95
61 216
61 66
61 69
62 229
62 239
62 135
62 118
62 111
62 162
62 179
62 156
62 183
64 236
64 121
64 123
64 200
64 211
64 208
65 96
65 86
66 226
66 102
66 88
66 249
66 216
66 95
66 127
67 126
67 103
67 172
67 210
67 213
67 151
68 236
68 121
68 123
68 200
68 211
68 208
69 226
69 102
69 88
69 249
69 216
69 95
69 127
71 110
72 110
74 81
74 97
74 120
74 169
74 171
74 125
75 81
75 97
75 120
75 169
75 171
75 125
76 83
76 113
76 195
76 109
77 116
77 108
77 207
77 217
77 225
77 237
77 240
77 212
77 215
78 250
78 243
81 120
81 169
81 171
81 125
83 90
83 113
83 195
83 109
84 152
84 164
84 173
84 159
84 193
84 196
84 133
84 228
84 234
85 248
85 242
87 250
87 243
88 216
88 102
88 127
88 249
88 226
89 206
89 205
90 113
90 195
90 109
91 248
91 242
93 206
93 205
94 129
94 146
94 197
94 189
95 216
95 102
95 127
95 249
95 226
97 120
97 169
97 171
97 125
98 152
98 164
98 173
98 159
98 193
98 196
98 133
98 228
98 234
101 184
101 209
101 194
101 202
102 216
102 127
102 249
102 226
103 126
103 172
103 210
103 213
103 151
104 160
104 244
105 147
105 134
105 232
105 131
106 168
107 184
107 209
107 194
107 202
108 207
108 217
108 225
108 237
108 240
108 212
108 215
109 195
111 229
111 135
111 239
111 162
111 179
111 156
111 183
112 185
112 187
112 157
112 174
113 195
114 185
114 187
114 157
114 174
115 137
115 142
115 175
116 207
116 217
116 225
116 237
116 240
116 212
116 215
117 147
117 134
117 232
117 131
118 229
118 135
118 239
118 162
118 179
118 156
118 183
119 185
119 187
119 157
119 174
120 169
120 171
121 236
121 200
121 211
121 208
122 161
122 155
123 236
123 200
123 211
123 208
124 185
124 187
124 157
124 174
125 169
125 171
126 172
126 213
126 151
127 216
127 249
127 226
128 130
128 201
128 204
128 218
128 220
129 197
129 189
130 201
130 204
130 218
130 220
131 232
132 231
132 149
132 170
132 165
133 193
133 234
133 196
133 228
133 164
133 173
133 152
133 159
134 232
135 229
135 239
135 162
135 179
135 156
135 183
136 231
136 149
136 170
136 165
137 153
137 175
138 188
138 190
140 188
140 190
141 241
141 235
142 153
142 175
143 231
143 170
143 165
144 241
144 235
146 197
146 189
147 232
149 231
149 170
149 165
151 210
151 213
152 173
152 159
152 193
152 196
152 228
152 234
153 175
156 179
156 183
156 229
156 239
157 185
157 187
159 164
159 193
159 196
159 228
159 234
160 244
162 179
162 183
162 229
162 239
164 173
164 193
164 196
164 228
164 234
165 231
166 167
170 231
172 210
172 213
173 193
173 196
173 228
173 234
174 185
174 187
177 230
177 233
177 245
177 247
178 230
178 233
178 245
178 247
179 229
179 239
183 229
183 239
184 209
184 202
193 234
193 228
194 209
194 202
196 234
196 228
198 224
198 246
198 221
198 214
198 238
198 219
198 222
199 224
199 246
199 221
199 214
199 238
199 219
199 222
200 208
200 211
200 236
201 220
201 218
204 220
204 218
205 206
207 225
207 237
207 240
207 212
207 215
208 236
211 236
212 240
212 237
212 225
212 215
214 238
214 246
214 224
214 219
214 222
215 240
215 237
215 217
216 249
216 226
217 225
217 237
217 240
218 220
219 224
219 238
219 246
219 221
221 238
221 246
221 224
221 222
222 224
222 238
222 246
224 246
224 238
225 240
225 237
233 247
