heur021_n_320_m_13507
1 200
1 79
1 211
1 89
1 93
1 223
1 168
1 202
1 173
1 209
1 242
1 189
2 165
2 137
2 174
2 127
3 178
4 131
4 165
4 137
4 174
4 124
4 127
5 165
5 137
5 174
5 127
6 165
6 174
6 127
7 163
7 164
7 150
7 153
7 158
8 234
8 240
8 253
9 151
10 291
10 268
10 270
10 277
10 310
10 280
11 234
11 266
11 240
11 241
11 253
11 254
12 200
12 79
12 211
12 89
12 93
12 223
12 202
12 173
12 209
12 242
13 67
13 68
13 77
13 82
13 87
13 267
13 314
13 282
13 284
14 165
14 137
14 174
14 127
16 52
16 258
16 229
16 201
16 191
18 52
18 194
18 258
18 229
18 201
18 188
18 191
19 203
19 315
20 131
20 124
21 42
21 45
21 51
21 57
21 62
21 63
22 52
22 194
22 258
22 229
22 201
22 188
22 191
23 151
24 150
24 151
25 52
25 194
25 258
25 229
25 201
25 188
25 191
26 132
26 109
26 145
26 146
26 147
26 190
27 266
27 240
27 241
27 253
27 254
28 320
28 226
28 228
28 233
28 300
28 281
29 52
29 194
29 258
29 229
29 201
29 188
29 191
31 253
32 132
32 146
32 147
32 190
33 52
33 194
33 258
33 229
33 201
33 188
33 191
34 132
34 145
34 147
34 190
35 320
35 226
35 228
35 233
35 300
35 281
36 132
36 109
36 145
36 146
36 147
36 190
37 203
37 180
37 187
38 132
38 145
38 147
38 190
39 320
39 226
39 228
39 233
39 300
39 281
40 132
40 109
40 145
40 146
40 147
40 190
41 320
41 226
41 228
41 233
41 300
41 281
42 70
42 43
42 46
42 58
43 45
43 51
43 57
43 62
43 63
44 320
44 226
44 228
44 233
44 300
44 281
45 70
45 46
45 58
46 51
46 57
46 62
46 63
48 234
48 240
48 253
49 291
49 268
49 270
49 277
49 310
49 280
51 70
51 58
52 194
52 258
52 229
52 201
52 188
52 191
53 129
53 101
53 142
53 112
53 121
53 125
54 291
54 268
54 270
54 277
54 310
54 280
55 101
56 161
56 290
56 257
56 210
56 179
56 216
57 70
57 58
58 62
58 63
59 161
59 290
59 257
59 210
59 179
59 216
60 291
60 268
60 270
60 277
60 310
60 280
62 70
63 70
64 320
64 226
64 228
64 233
64 300
64 281
67 314
67 269
67 317
68 269
68 317
69 160
69 105
69 113
69 177
69 117
69 88
71 129
71 101
71 110
71 142
71 112
71 121
71 125
73 129
73 101
73 110
73 142
73 112
73 121
73 125
74 160
74 105
74 113
74 117
74 88
75 129
75 101
75 110
75 142
75 112
75 121
75 125
76 314
76 282
76 284
77 269
77 317
78 161
78 290
78 257
78 210
78 179
78 216
79 168
79 202
79 173
79 209
79 242
79 189
80 161
80 290
80 257
80 210
80 179
80 216
81 161
81 290
81 257
81 210
81 179
81 216
82 314
82 269
82 284
82 317
83 160
83 105
83 113
83 177
83 117
83 88
84 266
84 241
84 254
85 160
85 105
85 113
85 177
85 117
85 88
86 259
86 260
86 305
86 274
86 251
87 269
87 317
88 96
88 104
89 168
89 202
89 173
89 209
89 242
89 189
90 255
91 161
91 290
91 257
91 210
91 179
91 216
92 305
92 255
93 168
93 202
93 173
93 209
93 242
93 189
94 263
95 129
95 101
95 110
95 142
95 112
95 121
95 125
96 160
96 105
96 113
96 177
96 117
97 305
97 255
99 263
99 279
100 289
100 278
100 312
101 129
101 142
101 110
101 112
101 121
101 125
102 259
102 305
102 255
103 279
104 160
104 105
104 113
104 177
104 117
106 166
106 171
106 239
106 176
106 212
106 183
107 312
108 305
108 255
111 162
111 141
111 181
111 157
114 181
115 291
115 268
115 270
115 277
115 310
115 280
116 231
116 250
116 220
118 231
118 247
118 250
118 220
119 166
119 171
119 239
119 176
119 212
119 183
120 166
120 171
120 239
120 176
120 212
120 183
122 247
122 220
123 162
123 141
123 181
123 157
126 162
126 141
126 181
128 166
128 171
128 239
128 176
128 212
128 183
130 231
130 247
130 250
130 220
133 231
133 247
133 217
133 250
133 220
133 221
135 231
135 247
135 217
135 250
135 220
136 162
136 141
136 181
136 157
139 293
139 273
139 275
139 311
139 285
139 287
140 293
140 273
140 275
140 311
140 285
140 287
141 149
143 288
143 302
143 308
143 313
143 316
143 319
144 293
144 273
144 275
144 311
144 285
144 287
148 302
148 308
148 313
148 316
148 319
149 162
149 181
149 157
152 293
152 273
152 275
152 311
152 285
152 287
154 293
154 273
154 275
154 311
154 285
154 287
155 275
155 311
155 287
156 215
156 222
159 169
159 215
159 222
166 172
166 237
167 193
167 261
167 230
167 170
168 200
168 211
168 223
169 193
169 261
169 230
169 170
170 182
170 215
170 214
170 222
171 172
171 237
172 239
172 176
172 212
172 183
173 200
173 211
173 223
175 302
175 308
175 313
175 316
175 319
176 237
178 307
180 315
182 193
182 261
182 230
183 237
185 295
185 299
185 318
185 286
186 288
186 302
186 308
186 313
186 316
189 200
189 211
189 223
196 295
196 297
196 318
196 286
197 292
197 297
197 299
197 286
198 292
198 297
198 299
198 318
198 286
199 236
199 205
199 206
199 243
199 244
199 246
200 202
200 209
200 242
202 211
202 223
203 303
203 309
205 218
206 218
207 288
207 302
207 313
207 316
207 319
208 292
208 297
208 299
208 286
209 211
209 223
211 242
212 237
213 292
213 299
213 286
214 261
214 230
215 261
215 230
218 236
218 243
218 244
218 246
222 261
222 230
223 242
232 256
232 301
232 271
232 306
232 252
237 239
238 256
238 301
238 271
238 306
238 248
238 252
245 256
245 301
245 271
245 306
245 248
245 252
248 296
249 256
249 301
249 271
249 306
249 252
252 262
252 296
256 262
256 296
262 301
262 271
262 306
268 294
270 294
271 296
276 288
276 302
276 308
276 313
276 316
276 319
277 294
280 294
291 294
294 310
296 301
296 306
