heur002_n_100_m_3274
1 60
1 61
1 63
2 91
2 95
3 79
3 80
3 76
3 99
3 43
3 50
3 86
3 87
3 54
3 92
5 61
5 63
6 73
6 52
6 53
6 69
7 91
7 95
8 52
8 67
9 67
10 15
10 91
10 95
10 19
11 46
11 100
11 70
11 72
12 76
12 99
12 43
12 50
12 86
12 87
12 92
13 57
13 70
14 82
14 97
14 90
14 51
14 45
15 91
15 95
16 72
16 100
16 46
16 57
17 82
17 84
17 97
17 90
17 45
18 91
18 29
19 91
19 95
20 44
20 46
20 100
20 70
20 72
20 89
21 60
21 61
21 63
22 91
22 95
23 72
23 70
23 89
23 100
23 46
23 57
24 97
24 45
24 82
24 51
24 84
24 90
25 91
25 95
27 91
27 95
28 46
29 91
29 95
30 63
31 86
31 87
31 99
31 92
31 54
31 76
31 79
31 80
32 72
32 70
32 89
32 44
32 57
33 63
34 97
34 45
34 82
34 51
34 84
34 90
35 42
35 47
35 48
35 49
35 56
35 58
35 62
35 78
36 97
36 82
36 51
37 64
37 63
37 60
37 61
38 97
38 45
38 82
38 51
38 84
38 90
39 48
39 49
39 56
39 58
39 62
39 74
39 78
40 45
40 82
40 51
41 56
41 47
