heur022_n_322_m_14226
2 182
4 310
7 219
10 94
11 213
11 205
13 40
17 230
18 308
22 43
22 194
24 201
28 136
29 200
31 131
32 300
36 170
36 80
36 100
41 114
41 65
43 194
48 206
52 243
54 56
55 183
57 207
57 216
58 217
61 281
61 179
61 257
65 114
66 249
71 248
80 132
80 170
85 288
87 271
90 225
90 195
96 287
99 119
100 170
103 133
106 172
111 159
118 211
118 143
121 263
124 149
125 291
128 184
131 220
138 156
141 297
143 211
144 250
146 173
154 244
155 165
169 315
174 191
176 305
179 281
179 257
179 275
180 310
187 293
189 241
189 311
194 284
195 233
196 252
198 203
199 222
204 305
205 213
225 233
225 246
236 272
241 311
242 269
245 289
247 304
254 319
257 275
274 307
285 307
288 309
