heur011_n_250_m_6574
1 31
1 186
4 189
4 169
5 62
6 71
7 191
11 75
12 186
12 97
12 31
13 125
13 161
13 155
13 179
13 91
13 158
17 38
19 118
20 155
20 161
20 179
20 91
20 158
20 242
20 125
21 120
21 98
22 157
22 109
23 38
24 198
25 169
25 189
26 178
27 106
27 239
31 97
31 186
37 108
39 68
39 185
40 138
40 55
41 103
41 217
41 221
41 47
42 216
43 113
44 232
44 143
45 230
47 221
47 217
47 103
48 182
49 188
49 79
54 168
54 80
55 138
56 219
64 219
65 152
68 185
69 162
70 233
73 231
74 247
79 188
80 168
86 176
88 181
88 150
91 158
91 161
91 155
91 179
91 128
91 242
91 125
92 144
95 245
96 112
97 186
98 120
101 211
103 217
103 221
105 229
105 236
106 239
109 157
114 222
116 136
116 190
125 128
125 161
125 242
125 179
127 198
128 161
128 155
128 179
128 158
131 200
136 190
139 159
146 171
150 181
153 236
153 229
155 179
155 242
158 179
158 242
159 212
160 211
161 179
161 242
164 225
164 180
164 214
169 189
172 204
175 249
179 242
180 214
194 237
199 223
201 235
201 244
203 238
205 226
224 228
