heur025_n_329_m_32168
1 97
1 98
1 104
1 202
1 205
1 212
1 64
1 60
1 61
2 65
2 67
2 70
2 105
2 114
2 107
2 298
2 300
3 128
3 5
3 31
3 195
3 261
4 97
4 104
4 202
4 205
4 212
4 64
4 60
5 13
5 6
5 38
5 27
5 28
6 128
6 31
6 163
6 195
6 261
7 48
7 307
7 30
7 286
8 232
9 130
9 89
10 97
10 98
10 202
10 205
10 64
10 60
10 61
11 228
11 138
11 267
11 12
11 275
11 318
11 115
11 95
11 79
12 138
12 275
12 228
12 265
12 267
12 318
12 115
12 95
12 79
13 128
13 31
13 195
13 261
13 38
13 28
14 130
14 89
15 307
15 285
15 286
16 237
16 204
16 144
16 145
16 211
16 150
16 253
17 244
17 246
17 210
17 237
17 215
17 204
17 144
17 145
17 211
17 150
17 253
18 204
18 144
18 145
18 211
18 150
18 253
19 196
19 307
19 286
20 252
20 148
21 188
21 159
22 130
22 136
22 143
22 89
23 252
23 148
24 147
24 188
24 159
25 199
25 252
25 148
26 320
26 326
26 327
26 77
26 78
26 304
26 81
26 306
26 308
26 34
26 259
26 41
26 42
26 236
26 242
27 261
27 195
27 128
27 31
28 163
28 261
28 195
28 128
28 31
29 194
29 230
30 307
30 285
30 286
31 38
32 307
32 285
32 286
33 268
33 194
33 230
35 152
35 161
35 141
35 323
35 325
35 329
35 213
35 220
35 221
36 73
37 188
37 159
38 163
38 261
38 195
38 128
39 65
39 67
39 70
39 105
39 114
39 107
39 298
39 300
40 230
41 242
44 232
44 328
45 67
45 70
45 105
45 114
45 107
45 298
45 300
46 232
46 328
47 172
47 175
47 296
47 312
47 284
47 157
48 307
48 285
48 286
49 232
49 328
50 175
50 312
50 284
50 157
53 324
54 171
54 76
54 176
54 183
55 324
56 172
56 175
56 296
56 312
57 311
58 311
58 184
59 171
59 76
59 176
59 183
62 189
63 171
63 76
63 176
63 183
65 114
66 108
66 113
66 311
66 313
66 315
66 142
66 146
66 184
67 114
69 156
69 133
69 189
71 130
71 89
72 305
72 116
73 130
73 89
74 189
74 264
74 262
74 263
74 256
74 258
74 255
75 130
75 89
76 134
76 171
76 176
76 119
76 120
76 183
76 301
76 299
76 309
76 99
76 92
76 94
77 326
77 242
78 242
79 228
79 265
79 267
79 318
80 250
80 305
80 226
80 131
80 135
80 239
80 116
80 117
80 127
82 185
82 206
82 243
83 185
83 206
84 185
84 206
85 305
86 188
86 159
87 188
87 159
88 110
88 121
89 136
89 149
89 143
92 171
92 176
92 183
94 171
94 176
95 265
95 267
95 318
96 177
96 170
96 166
96 229
96 233
96 209
96 217
96 218
96 283
99 171
99 176
99 183
106 324
108 311
108 184
109 192
109 184
110 188
110 159
113 311
113 192
113 184
114 297
114 298
114 300
115 228
115 265
115 267
115 318
116 129
116 305
117 305
118 188
118 159
119 176
119 171
119 183
120 176
120 171
120 183
121 147
121 188
121 159
122 269
122 208
122 276
122 281
122 203
122 219
122 207
123 160
123 245
123 132
124 153
124 165
124 132
124 294
124 198
124 303
124 181
124 190
125 252
126 152
126 161
126 141
126 323
126 325
126 329
126 213
126 220
126 221
127 305
129 224
129 239
129 305
130 136
130 149
131 305
132 160
132 165
132 137
132 251
132 245
132 247
132 153
132 289
132 294
132 198
132 303
132 181
132 190
133 264
133 262
133 263
133 256
133 258
133 255
134 176
134 171
134 183
135 305
137 160
137 165
137 289
138 265
138 267
138 318
139 252
140 269
140 208
140 276
140 281
140 203
140 219
140 207
142 184
142 311
144 237
144 240
144 244
144 210
144 246
144 215
145 204
145 253
145 240
145 244
145 210
146 311
148 249
148 199
148 200
148 186
148 252
150 237
150 240
150 244
150 210
150 246
150 215
151 192
151 311
153 289
154 296
154 312
154 284
154 172
154 175
155 206
155 185
156 264
156 262
156 263
156 256
156 258
156 255
157 296
157 271
157 312
157 172
157 175
158 235
158 238
158 243
158 206
158 182
158 185
159 257
159 260
159 254
160 247
160 289
160 198
161 325
161 221
162 274
162 201
162 180
164 296
164 312
164 172
164 175
165 289
166 225
166 187
166 218
166 283
167 274
167 270
167 278
167 193
167 293
167 201
167 174
167 302
167 180
167 214
167 287
168 274
168 201
169 296
169 312
170 225
170 187
170 229
170 233
170 218
170 283
171 301
171 299
171 309
172 296
172 266
172 271
172 273
172 284
173 206
173 182
173 185
174 201
174 274
175 266
175 271
175 273
175 284
176 301
176 299
176 309
177 225
177 187
177 283
178 230
180 274
180 278
181 289
183 301
183 309
184 311
185 235
185 238
185 243
186 252
187 229
187 233
187 209
187 217
187 218
187 283
188 257
188 260
188 254
189 264
189 262
189 263
189 256
189 258
191 311
192 311
194 230
196 280
196 291
196 285
197 274
197 278
198 289
198 303
198 245
198 247
199 248
199 249
200 252
201 302
201 287
201 274
201 278
203 216
203 222
204 237
204 240
204 244
204 210
204 246
204 215
206 235
206 238
206 243
207 216
209 283
209 225
210 211
210 253
211 237
211 240
211 244
211 246
211 215
215 253
216 281
216 269
216 219
217 283
217 225
218 233
218 283
218 229
218 225
219 222
220 329
222 276
222 269
224 305
225 229
225 233
225 283
226 305
227 328
228 265
228 267
228 318
230 288
230 268
232 316
232 317
232 319
237 253
239 305
240 253
242 326
242 304
244 253
245 289
245 303
246 253
265 275
266 312
266 296
266 284
267 275
271 312
271 284
273 312
273 296
274 293
274 302
274 287
275 318
278 302
280 307
280 286
285 307
285 286
286 291
291 307
316 328
322 328
