heur035_n_345_m_17798
1 64
1 133
1 103
1 141
1 110
1 95
1 240
1 245
1 247
2 76
2 85
2 86
2 3
2 6
2 177
2 178
2 179
3 35
3 12
4 220
4 61
5 220
5 61
6 35
6 12
7 91
7 69
7 63
7 344
7 291
7 310
8 297
8 256
8 265
8 316
9 328
9 321
9 329
9 105
9 106
9 109
9 89
9 81
9 84
10 14
10 61
11 297
11 256
11 265
12 76
12 85
12 86
12 177
12 178
12 179
14 220
15 64
15 133
15 103
15 141
15 110
15 95
15 240
15 245
15 247
16 220
17 91
17 69
17 63
17 344
17 291
17 310
18 220
18 61
19 259
19 261
19 114
19 118
19 281
19 122
20 91
20 69
20 63
20 344
20 291
20 310
21 64
21 133
21 103
21 141
21 110
21 95
21 240
21 245
21 247
22 328
22 321
22 329
22 105
22 106
22 109
22 89
22 81
22 84
23 202
23 232
23 345
24 216
24 217
24 238
24 185
24 187
24 188
25 184
25 161
25 175
25 96
25 258
25 229
25 295
25 298
25 237
25 82
25 287
26 227
26 244
26 222
26 137
26 138
26 142
26 144
26 145
26 158
27 320
27 306
27 324
27 224
27 194
27 205
27 66
27 68
27 78
27 99
27 196
27 115
27 211
27 221
27 126
28 335
28 285
28 129
28 130
28 124
29 202
29 232
29 345
30 259
30 261
30 114
30 118
30 281
30 122
32 260
32 312
32 251
32 129
32 130
32 124
33 216
33 217
33 238
33 185
33 187
33 188
35 76
35 85
35 86
35 177
35 178
35 179
37 307
37 252
37 253
37 51
37 128
37 111
37 117
37 55
38 227
38 244
38 222
38 137
38 138
38 142
38 144
38 145
38 158
39 202
39 232
40 152
40 156
40 168
40 160
40 157
40 207
41 328
41 321
41 329
41 105
41 106
41 109
41 89
41 81
41 84
42 152
42 156
42 168
42 160
42 157
42 207
43 113
43 50
43 52
43 107
43 150
43 119
44 227
44 244
44 222
44 137
44 138
44 142
44 144
44 145
44 158
45 307
45 252
45 253
45 51
45 128
45 111
45 117
45 55
46 323
46 305
46 262
46 257
47 252
47 128
47 111
47 117
47 55
48 184
48 161
48 175
48 96
48 258
48 229
48 295
48 298
48 237
48 82
48 287
50 70
50 71
50 77
50 53
50 60
50 107
50 150
50 119
51 56
51 128
51 100
51 143
51 111
51 148
51 117
51 149
51 55
51 87
51 88
52 70
52 71
52 77
52 53
52 60
52 107
52 150
52 119
53 77
53 70
53 113
53 107
53 150
53 119
54 154
54 180
54 167
54 140
54 123
54 147
54 98
54 296
54 303
54 336
54 116
54 94
55 100
55 143
55 148
55 149
55 87
55 88
55 307
55 56
55 252
55 253
55 62
56 307
56 252
56 253
56 128
56 111
56 117
57 152
57 156
57 168
57 160
57 157
57 207
58 154
58 180
58 167
58 140
58 123
58 147
58 98
58 296
58 303
58 336
58 116
58 94
59 259
59 261
59 114
59 118
59 281
59 122
60 113
60 107
60 150
60 119
61 210
61 220
62 307
62 252
62 128
62 111
62 117
63 330
63 317
63 318
64 141
64 110
64 103
65 260
65 129
65 130
65 124
66 320
66 224
66 194
66 324
66 205
66 306
66 99
66 196
66 115
66 211
66 221
66 126
67 184
67 161
67 175
67 96
67 258
67 229
67 295
67 298
67 237
67 82
67 287
68 320
68 224
68 194
68 324
68 205
68 306
68 99
68 196
68 115
68 211
68 221
68 126
69 330
69 317
69 318
70 71
70 113
70 107
70 150
70 119
71 77
71 113
71 107
71 150
71 119
72 273
72 282
72 286
72 327
72 333
72 173
72 80
72 120
72 319
73 273
73 282
73 286
73 327
73 333
73 173
73 80
73 120
73 319
74 216
74 217
74 238
74 185
74 187
74 188
75 273
75 282
75 286
75 327
75 333
75 173
75 120
75 319
77 113
77 107
77 150
77 119
78 320
78 224
78 194
78 324
78 205
78 306
78 99
78 196
78 115
78 211
78 221
78 126
79 338
79 326
79 311
79 315
79 283
79 302
79 176
79 181
79 135
80 333
80 327
80 319
80 273
80 282
80 286
81 321
81 328
81 329
82 298
82 295
82 287
82 237
82 258
82 229
82 161
82 175
82 184
83 304
83 300
83 332
83 292
83 270
83 213
83 278
83 279
83 250
84 321
84 328
84 329
85 179
87 128
87 117
87 111
87 307
87 252
87 253
88 128
88 117
88 111
88 307
88 252
88 253
89 321
89 328
89 329
90 266
90 274
90 269
90 171
90 183
90 209
90 198
90 230
91 330
91 317
91 318
92 338
92 326
92 311
92 315
92 283
92 302
92 176
92 181
92 135
93 172
93 132
93 166
93 339
93 331
93 334
94 296
94 336
94 303
94 102
94 140
94 147
95 141
95 110
95 103
96 298
96 295
96 287
96 237
96 258
96 229
96 161
96 175
96 184
97 304
97 300
97 332
97 292
97 270
97 213
97 278
97 279
97 250
98 296
98 336
98 303
98 102
98 140
98 147
99 211
99 196
99 221
99 320
99 324
99 306
100 128
100 117
100 111
100 307
100 252
100 253
101 172
101 132
101 166
101 339
101 331
101 334
102 154
102 180
102 167
102 140
102 123
102 147
102 296
102 303
102 336
102 116
103 133
103 240
103 245
103 247
104 172
104 132
104 166
104 339
104 331
104 334
105 321
105 328
105 329
106 321
106 328
106 329
107 113
108 338
108 326
108 311
108 315
108 283
108 302
108 176
108 181
108 135
109 321
109 328
109 329
110 133
110 240
110 245
110 247
111 148
111 149
111 143
111 307
111 252
111 253
112 266
112 274
112 269
112 171
112 182
112 183
112 209
112 198
112 230
113 150
113 119
114 281
114 259
114 261
114 289
114 293
114 271
115 211
115 196
115 221
115 320
115 324
115 306
116 296
116 336
116 303
116 140
116 147
117 148
117 149
117 143
117 307
117 252
117 253
118 281
118 259
118 261
118 289
118 293
118 271
120 333
120 327
120 319
120 273
120 282
120 286
121 304
121 300
121 332
121 292
121 270
121 213
121 278
121 279
121 250
122 281
122 259
122 261
122 289
122 293
122 271
123 154
123 167
123 180
123 296
123 303
123 336
124 260
124 264
124 335
124 312
124 251
124 285
125 238
125 217
125 216
125 185
125 187
125 188
126 211
126 196
126 221
126 320
126 324
126 306
127 190
127 191
127 162
127 174
127 151
127 294
127 201
127 275
127 243
127 189
128 148
128 149
128 143
128 307
128 252
128 253
129 260
129 264
129 335
129 312
129 251
129 285
130 260
130 264
130 335
130 312
130 251
130 285
131 267
131 228
131 239
131 200
131 195
131 203
131 248
131 170
131 219
132 192
132 165
132 186
132 339
132 331
132 334
133 141
134 267
134 228
134 239
134 200
134 195
134 203
135 326
135 338
135 311
136 190
136 162
136 174
136 151
136 294
136 201
136 275
136 243
137 193
137 208
137 222
137 223
138 145
138 193
138 208
138 222
138 223
139 190
139 191
139 162
139 174
139 151
139 294
139 201
139 275
139 243
139 153
139 189
140 154
140 167
140 180
140 296
140 303
140 336
141 240
141 245
141 247
142 158
142 193
142 208
142 222
142 223
143 307
143 252
143 253
144 145
144 193
144 208
144 222
144 223
145 193
145 208
145 223
146 238
146 217
146 216
146 185
146 187
146 188
147 154
147 167
147 180
147 296
147 303
147 336
148 307
148 252
148 253
149 307
149 252
149 253
151 191
151 197
151 190
151 201
151 153
151 189
152 288
152 284
152 263
152 160
152 157
152 207
153 275
153 243
153 294
153 162
153 174
154 296
154 303
154 336
155 266
155 274
155 269
155 171
155 182
155 183
155 209
155 198
155 230
156 288
156 284
156 263
156 160
156 157
156 207
157 288
157 263
157 168
157 284
158 193
158 208
158 223
159 238
159 217
159 216
159 185
159 187
159 188
160 288
160 263
160 168
160 284
161 258
161 229
161 237
162 191
162 197
162 190
162 201
162 189
163 233
163 236
163 254
163 226
163 235
163 337
163 340
163 342
163 218
164 267
164 228
164 239
164 200
164 195
164 203
165 172
165 166
165 339
165 331
165 334
166 192
166 186
166 339
166 331
166 334
167 296
167 303
167 336
168 288
168 284
168 263
168 207
169 233
169 236
169 254
169 226
169 235
169 337
169 340
169 342
169 218
170 228
170 195
170 200
170 267
170 203
170 239
172 192
172 186
172 339
172 331
172 334
173 333
173 327
173 319
173 273
173 282
173 286
174 191
174 197
174 190
174 201
174 189
175 258
175 229
175 295
175 298
175 237
175 287
176 326
176 338
176 311
180 296
180 303
180 336
181 326
181 338
181 311
184 258
184 229
184 295
184 298
184 237
184 287
185 238
185 217
185 216
186 339
186 331
186 334
187 238
187 217
187 216
188 238
188 217
188 216
189 275
189 243
189 294
189 191
189 190
190 294
190 275
190 243
191 294
191 275
191 243
192 339
192 331
192 334
193 227
193 244
193 222
194 320
194 306
194 324
194 196
194 211
194 221
195 228
195 267
195 239
195 248
195 219
196 224
196 205
197 294
197 201
197 275
197 243
200 228
200 267
200 239
200 248
200 219
201 275
201 243
201 294
202 215
202 343
203 267
203 248
203 219
204 232
204 345
205 320
205 306
205 324
205 211
205 221
206 272
206 280
206 277
206 313
206 325
206 309
207 288
207 263
207 284
208 227
208 244
208 222
211 224
213 292
213 270
213 279
215 345
218 340
218 234
219 228
219 267
219 239
221 224
222 223
223 227
223 244
224 320
224 306
224 324
225 272
225 280
225 277
225 313
225 325
225 309
226 234
228 248
229 295
229 298
229 287
231 242
231 272
231 280
231 277
231 313
231 325
231 309
232 341
232 343
233 234
234 236
234 254
234 235
234 337
234 340
234 342
236 340
237 295
237 298
237 287
239 248
241 308
241 314
242 272
242 280
242 277
242 313
242 325
242 309
246 272
246 280
246 277
246 313
246 325
246 309
248 267
249 272
249 280
249 277
249 313
249 325
249 309
250 292
250 270
250 279
251 312
251 285
251 335
256 299
256 297
256 301
257 314
258 295
258 298
258 287
259 289
259 293
259 271
260 312
260 285
260 335
261 289
261 293
261 271
262 308
262 314
265 297
265 301
268 316
268 297
270 278
270 300
270 332
270 304
271 281
273 327
273 333
273 319
278 292
278 279
279 300
279 332
279 304
281 289
281 293
282 327
282 333
282 319
283 326
283 338
283 311
286 327
286 333
286 319
291 330
291 317
291 318
292 300
292 332
292 304
297 299
297 316
299 316
301 316
302 326
302 338
302 311
305 308
305 314
308 323
310 330
310 317
310 318
311 315
314 323
315 326
315 338
317 344
318 344
330 344
