heur039_n_361_m_13593
1 20
1 133
1 40
1 138
1 331
1 205
2 313
2 316
2 334
2 129
2 149
2 199
2 137
2 148
2 150
3 226
3 217
3 69
3 82
3 57
3 58
3 182
3 128
3 108
3 127
4 72
4 6
4 234
4 283
4 124
4 317
5 17
5 22
5 165
5 157
5 173
6 72
6 53
6 44
6 356
6 295
6 234
6 283
6 124
6 317
7 98
7 41
7 48
7 210
7 211
7 244
7 212
7 337
7 291
7 315
8 117
8 109
8 118
8 141
8 132
8 110
8 119
8 96
8 67
8 13
9 273
9 271
9 95
10 299
10 292
10 26
11 361
11 298
11 355
11 282
11 300
11 255
11 193
11 190
11 167
12 165
12 157
12 173
13 35
13 132
13 109
13 141
13 110
13 119
13 117
13 118
13 183
15 269
15 278
15 152
15 349
15 59
15 204
16 20
16 133
16 359
16 40
16 138
16 331
16 205
17 330
17 165
17 157
17 173
18 104
18 75
18 297
18 42
18 241
18 146
18 245
18 55
19 226
19 217
19 69
19 82
19 57
19 58
19 182
19 128
19 108
19 127
20 352
20 133
20 359
20 40
20 138
20 331
20 205
20 351
22 330
22 165
22 157
22 173
23 66
23 196
23 169
23 77
23 306
23 275
23 249
23 188
23 61
24 115
24 65
24 228
24 265
24 236
24 79
24 176
24 272
24 51
24 247
25 354
25 260
25 230
25 153
25 130
25 107
25 322
25 318
26 292
26 266
26 299
26 43
27 345
27 347
27 332
27 214
29 292
29 299
29 43
30 70
30 232
30 78
30 242
30 213
30 246
30 215
30 92
30 222
31 226
31 217
31 69
31 82
31 57
31 58
31 182
31 128
31 108
31 127
32 269
32 278
32 152
32 349
32 208
32 59
32 204
33 88
33 90
33 86
33 224
33 258
33 320
33 135
33 172
33 84
33 60
33 221
34 154
34 125
34 93
34 164
34 166
34 136
34 142
34 112
34 159
35 117
35 109
35 118
35 141
35 132
35 110
35 119
35 96
35 67
36 269
36 147
36 278
36 152
36 349
36 208
36 59
36 204
37 361
37 298
37 355
37 282
37 300
37 255
37 193
37 190
37 167
38 229
38 296
38 200
38 268
38 113
38 179
38 346
38 171
38 181
38 195
38 71
39 257
39 262
39 170
39 274
39 151
39 285
39 251
39 253
39 158
40 205
40 138
40 133
40 352
40 359
40 351
41 244
41 210
41 211
41 212
41 284
41 286
41 337
41 291
41 315
42 101
42 297
42 241
42 245
42 252
42 94
42 104
42 75
42 87
42 89
43 299
43 292
43 52
44 234
44 283
44 124
44 317
45 227
45 294
45 233
45 304
45 338
45 243
45 340
45 250
45 254
47 115
47 65
47 228
47 265
47 236
47 79
47 176
47 272
47 51
47 247
48 244
48 210
48 211
48 212
48 284
48 286
48 337
48 291
48 315
49 347
49 332
49 214
50 273
50 271
50 95
51 228
51 236
51 247
51 176
51 65
51 79
51 272
51 265
51 131
51 115
51 100
52 292
53 356
53 295
53 234
53 283
53 124
53 317
54 227
54 294
54 233
54 304
54 338
54 243
54 340
54 250
54 254
55 101
55 297
55 241
55 245
55 252
55 94
55 104
55 75
55 87
55 89
56 354
56 260
56 230
56 153
56 130
56 107
57 58
57 82
57 69
57 182
57 128
57 108
57 127
58 226
58 217
58 182
59 208
59 219
59 204
59 269
59 147
59 278
59 152
59 156
59 349
60 172
60 221
60 135
60 224
60 161
60 258
60 320
60 86
60 88
60 90
61 306
61 275
61 188
61 73
62 303
63 288
63 353
63 68
63 324
63 326
63 293
63 186
64 280
64 168
64 192
64 279
65 228
65 272
65 265
65 131
65 115
65 100
66 306
66 275
66 73
67 132
67 109
67 141
67 110
67 119
67 117
67 118
67 183
68 288
68 324
68 293
68 289
68 314
68 353
68 76
68 85
69 226
69 217
69 182
70 80
70 116
71 171
71 181
71 195
71 229
71 296
71 200
71 268
71 175
71 144
71 113
71 179
71 346
72 295
72 234
72 283
72 124
72 317
73 196
73 169
73 77
73 306
73 275
73 249
73 188
74 257
74 262
74 170
74 274
74 151
74 285
74 251
74 253
74 158
75 89
75 297
75 146
76 353
76 326
76 293
76 186
77 306
77 188
77 196
78 222
78 242
78 80
78 116
79 272
79 265
79 131
79 115
79 100
80 232
80 242
80 213
80 246
80 215
80 92
80 222
81 227
81 294
81 233
81 304
81 338
81 243
81 340
81 250
81 254
82 226
82 217
82 182
83 276
83 303
84 172
84 221
84 135
84 224
84 161
84 258
84 320
84 86
84 88
84 90
85 288
85 324
85 326
85 186
86 161
86 224
86 258
86 320
86 135
86 172
86 221
87 89
87 297
87 146
88 161
88 224
88 258
88 320
88 135
88 172
88 221
89 104
89 101
89 297
89 241
89 146
89 245
89 252
89 94
90 161
90 224
90 258
90 320
90 135
90 172
90 221
91 239
91 277
91 191
91 259
91 184
91 155
92 222
92 242
92 116
93 126
93 350
93 136
93 142
93 112
94 146
94 104
95 139
96 132
96 109
96 141
96 110
96 119
96 117
96 118
96 183
97 256
97 303
98 244
98 210
98 211
98 212
98 284
98 286
98 337
98 291
98 315
99 103
99 239
99 114
99 277
99 191
99 259
99 184
99 155
100 115
100 131
100 228
100 265
100 236
100 176
100 272
100 247
101 146
101 104
102 321
102 290
102 310
102 344
102 333
102 358
102 225
102 264
102 206
102 309
102 185
102 319
103 239
103 277
103 191
103 259
103 184
103 155
104 297
104 241
104 146
104 252
105 239
105 114
105 277
105 191
105 259
105 184
105 155
106 257
106 262
106 170
106 274
106 151
106 285
106 251
106 253
106 158
107 354
107 260
107 230
107 218
107 322
107 318
107 287
108 226
108 182
108 217
109 183
109 141
109 132
109 110
109 119
110 141
110 183
111 239
111 114
111 277
111 191
111 259
111 184
111 155
112 164
112 166
112 159
112 126
112 125
112 154
112 350
113 229
113 200
113 346
113 268
113 144
113 175
113 171
113 181
113 195
114 239
114 277
114 191
114 259
114 328
114 329
114 184
114 155
115 228
115 265
115 236
115 176
115 272
115 247
116 232
116 242
116 213
116 246
116 215
116 222
117 183
117 141
117 132
117 119
118 183
118 141
119 141
119 183
121 197
121 177
121 341
121 123
122 197
122 177
122 341
122 123
123 177
123 197
123 207
123 134
124 283
124 356
124 295
125 126
125 350
125 164
125 166
125 136
125 142
125 159
126 154
126 164
126 166
126 136
126 142
126 159
127 226
127 182
127 217
128 226
128 182
128 217
129 199
129 313
129 316
129 334
129 137
129 148
129 150
130 354
130 260
130 230
130 218
130 322
130 318
130 287
131 228
131 236
131 176
131 247
132 141
132 183
133 331
133 352
133 359
133 351
134 341
135 224
135 161
135 258
135 320
136 164
136 166
136 159
136 154
136 350
137 163
137 199
137 334
137 149
137 313
137 316
138 331
138 352
138 359
138 351
139 273
139 271
140 160
140 162
140 248
140 305
140 307
141 183
142 164
142 166
142 159
142 154
142 350
143 361
143 298
143 355
143 282
143 300
143 255
143 193
143 190
143 167
144 229
144 296
144 200
144 268
144 179
144 346
144 171
144 181
144 195
145 321
145 290
145 310
145 344
145 333
145 358
145 225
145 264
145 206
145 309
145 185
145 319
146 297
146 241
146 245
146 252
147 349
147 269
147 278
147 208
148 163
148 199
148 334
148 149
148 313
148 316
149 199
149 313
149 316
149 334
149 150
150 163
150 199
150 334
150 313
150 316
151 274
151 251
152 349
152 269
152 278
152 208
152 204
153 354
153 260
153 230
153 218
153 322
153 318
153 287
154 350
154 164
155 328
155 329
155 343
155 239
155 277
156 349
156 269
156 278
157 330
158 262
158 274
159 350
160 178
160 327
160 248
160 305
160 307
160 261
160 174
160 238
161 224
161 258
161 320
161 172
161 221
162 178
162 327
162 248
162 305
162 307
162 261
162 174
162 238
163 199
163 313
163 316
163 334
164 350
165 330
166 350
167 355
167 361
167 298
167 300
167 282
168 312
168 360
168 302
168 280
168 216
170 257
170 262
170 274
170 251
171 229
171 296
171 200
171 268
171 175
171 179
171 346
172 224
172 258
172 320
173 330
174 327
174 305
174 307
174 248
175 229
175 296
175 200
175 268
175 179
175 346
175 181
175 195
176 228
176 247
176 272
176 265
177 341
178 248
178 305
178 307
179 229
179 200
179 346
179 268
179 181
179 195
180 202
180 357
181 229
181 296
181 200
181 268
181 346
182 226
182 217
184 328
184 329
184 343
184 239
184 277
184 191
185 264
185 309
185 206
185 321
185 290
185 325
185 358
185 333
185 310
185 344
186 288
186 324
186 293
186 289
186 314
186 353
187 267
187 301
187 263
187 323
187 308
187 311
187 240
187 237
187 223
189 267
189 301
189 263
189 323
189 308
189 311
189 240
189 237
189 223
190 355
190 361
190 298
190 300
191 259
191 328
191 329
191 343
192 312
192 360
192 302
192 280
192 216
193 355
193 361
193 298
193 300
193 255
194 201
194 357
195 229
195 296
195 200
195 268
195 346
196 249
197 341
198 357
199 313
199 316
199 334
200 296
200 229
201 202
201 357
201 281
202 357
202 231
202 235
202 335
202 281
204 269
204 278
204 349
205 331
205 352
205 359
205 351
206 225
206 319
206 321
206 290
206 325
206 358
206 333
206 310
206 344
207 341
208 269
208 278
208 349
209 347
210 244
210 284
210 286
210 337
211 244
211 284
211 286
211 315
212 244
212 284
212 286
214 332
214 336
214 345
214 347
215 242
216 280
216 360
216 302
216 279
218 354
218 260
218 230
218 322
218 318
218 287
219 269
219 278
219 349
221 224
221 258
221 320
222 232
222 242
222 246
223 267
223 270
223 311
225 264
225 309
225 321
225 290
225 325
225 358
225 333
225 310
225 344
227 294
227 304
227 338
227 243
227 254
228 272
228 265
229 296
229 346
229 268
230 322
230 318
230 287
233 338
234 283
234 356
234 295
236 272
236 265
237 263
237 270
237 308
237 311
238 327
238 305
238 307
238 248
239 259
239 328
239 329
239 343
240 301
240 270
240 311
243 338
243 340
244 284
244 286
244 337
244 291
244 315
245 297
247 272
247 265
248 327
248 261
250 338
250 340
251 257
251 262
252 297
254 304
254 338
254 340
255 355
255 361
255 298
257 274
259 328
259 329
259 343
259 277
260 322
260 318
260 287
261 327
261 305
261 307
262 274
263 270
263 311
264 319
264 321
264 290
264 325
264 358
264 333
264 310
264 344
267 270
268 296
270 301
270 323
270 308
270 311
277 328
277 329
277 343
279 312
279 360
279 302
279 280
280 312
281 357
281 335
282 355
282 361
282 298
283 317
284 337
284 291
284 315
286 337
286 291
286 315
287 354
288 326
288 314
289 326
290 325
290 344
290 333
290 358
290 309
290 319
293 326
294 340
295 317
296 346
298 300
300 355
300 361
301 311
302 312
304 340
305 327
307 327
309 319
309 321
309 325
309 358
309 333
309 310
309 344
310 325
310 344
310 333
310 358
310 319
312 360
314 324
314 326
317 356
318 354
319 321
319 325
319 358
319 333
319 344
321 325
321 344
321 333
321 358
322 354
324 326
324 353
325 344
325 333
325 358
326 353
331 352
331 359
331 351
332 345
332 347
336 347
338 340
