heur051_n_300_m_20122
3 246
3 272
3 211
4 152
4 243
4 246
4 272
4 211
4 213
5 209
5 218
5 221
5 168
5 162
5 165
6 280
6 288
6 285
6 283
6 286
6 255
6 205
6 206
6 273
6 269
6 223
7 209
7 218
7 221
7 168
7 162
7 165
8 288
8 285
8 283
8 255
8 205
8 206
8 273
8 269
8 223
9 209
9 218
9 221
9 168
9 162
9 165
10 280
10 288
10 285
10 283
10 286
10 255
10 205
10 206
10 273
10 269
10 223
11 231
11 219
11 252
11 248
11 220
11 253
12 195
12 203
13 231
13 219
13 252
13 248
13 220
13 253
14 231
14 219
14 252
14 248
14 220
14 253
15 195
15 197
15 203
16 195
16 197
16 203
17 232
17 215
17 217
18 152
18 242
18 246
18 272
18 211
18 213
19 192
19 193
19 196
19 178
19 189
19 183
19 241
19 245
19 247
19 216
19 251
20 294
20 296
20 299
20 172
20 179
20 182
21 232
21 215
21 217
22 232
22 215
22 217
24 294
24 296
24 299
24 172
24 179
24 182
26 294
26 296
26 299
26 172
26 179
26 182
27 192
27 193
27 196
27 178
27 189
27 183
27 241
27 245
27 247
27 216
27 251
28 192
28 193
28 196
28 178
28 189
28 183
28 241
28 245
28 247
28 216
28 251
29 240
29 235
29 239
29 153
29 149
29 157
29 208
29 210
29 204
30 240
30 235
30 239
30 153
30 149
30 157
30 208
30 210
30 204
32 259
32 261
33 225
33 132
33 261
34 240
34 235
34 239
34 153
34 149
34 157
34 208
34 210
34 204
36 212
36 277
36 214
36 279
38 201
38 212
38 277
38 214
38 279
38 284
40 201
40 212
40 214
41 232
41 217
41 215
42 166
42 169
42 170
43 166
43 169
43 170
44 200
44 198
44 199
44 185
44 187
44 191
45 200
45 198
45 199
45 185
45 187
45 191
46 232
46 217
46 215
47 232
47 217
47 215
48 225
48 226
48 229
48 259
48 260
48 261
50 200
50 198
50 199
50 185
50 187
50 191
51 166
51 169
51 170
52 166
52 169
52 170
54 294
54 296
54 299
54 172
54 179
54 182
56 294
56 296
56 299
56 172
56 179
56 182
58 297
58 298
58 233
58 238
58 244
58 180
58 181
58 184
59 296
59 299
59 172
59 179
59 182
60 169
60 170
60 166
61 169
61 170
61 166
62 232
62 215
62 217
65 297
65 298
65 300
65 233
65 238
65 244
65 180
65 181
65 184
66 198
66 199
66 200
66 185
66 187
66 191
67 166
67 169
67 170
68 198
68 199
68 200
68 185
68 187
68 191
69 215
69 217
70 169
70 170
70 166
72 232
72 215
72 217
73 166
73 169
73 170
74 226
74 225
74 229
74 259
74 260
74 261
77 201
77 212
77 277
77 214
77 279
78 201
78 212
78 277
78 214
78 279
79 226
79 225
79 229
79 259
79 260
79 261
80 201
80 212
80 277
80 214
80 279
82 225
82 132
82 259
82 261
83 297
83 298
83 300
83 233
83 238
83 244
83 180
83 181
83 184
84 219
84 220
84 231
84 248
84 252
84 253
85 219
85 220
85 231
85 248
85 252
85 253
86 243
86 246
86 272
86 211
88 198
88 199
88 200
88 185
88 187
88 191
90 271
90 144
90 145
90 147
90 275
90 278
90 281
90 228
90 236
90 230
91 219
91 220
91 231
91 248
91 252
91 253
92 271
92 144
92 145
92 147
92 275
92 278
92 281
92 228
92 236
92 230
93 242
93 243
93 246
93 272
93 211
93 213
94 271
94 144
94 145
94 147
94 278
94 281
94 228
94 236
94 230
95 259
95 261
95 226
95 225
95 229
96 195
96 197
96 203
97 195
97 197
97 203
98 202
98 173
98 174
98 207
98 186
98 265
98 270
98 148
98 276
98 150
98 155
99 197
99 203
100 259
100 260
100 261
100 226
100 225
100 229
101 160
101 161
101 156
101 249
101 274
101 287
101 227
101 234
101 175
101 176
101 177
101 222
102 160
102 161
102 156
102 249
102 274
102 287
102 227
102 234
102 175
102 176
102 177
102 222
103 259
103 260
103 261
103 226
103 225
103 229
104 159
104 151
104 256
104 257
104 258
105 292
105 194
105 188
105 190
105 267
105 262
106 160
106 161
106 156
106 249
106 274
106 287
106 227
106 234
106 175
106 176
106 177
106 222
107 282
107 292
107 290
107 194
107 188
107 190
107 267
107 268
109 256
109 257
109 258
109 151
109 154
109 159
111 202
111 171
111 173
111 174
111 207
111 186
111 265
111 270
111 148
111 276
111 150
111 155
112 159
112 154
112 151
112 256
112 257
112 258
113 256
113 257
113 258
113 151
113 154
113 159
114 159
114 154
114 151
114 256
114 257
114 258
115 128
115 120
118 256
118 257
118 258
118 151
118 159
121 256
121 257
121 258
121 151
121 154
121 159
123 256
123 257
123 258
123 151
123 154
123 159
125 256
125 257
125 258
125 151
125 159
131 259
131 260
131 261
131 226
131 225
131 229
132 259
132 260
132 261
132 226
132 225
132 229
133 209
133 218
133 221
133 168
133 162
133 165
134 209
134 218
134 221
134 168
134 162
134 165
136 209
136 218
136 221
136 168
136 162
136 165
137 195
137 197
137 203
138 195
138 197
138 203
139 259
139 260
139 261
139 226
139 225
139 229
140 195
140 197
140 203
141 205
141 206
141 223
141 273
141 269
141 255
141 288
141 280
141 283
141 285
142 205
142 206
142 223
142 273
142 269
142 255
142 288
142 283
142 285
142 286
143 205
143 206
143 223
143 273
143 269
143 255
143 288
143 285
144 281
144 275
144 278
144 271
145 275
145 278
145 271
146 282
146 292
146 290
146 268
147 281
147 275
147 278
147 271
148 276
148 270
150 276
150 270
150 207
152 272
155 276
155 270
156 274
156 287
158 270
158 276
160 274
160 287
161 274
161 287
163 289
163 293
163 295
164 289
164 293
164 295
167 289
167 293
167 295
171 270
171 276
172 296
172 299
172 294
173 270
173 276
174 270
174 276
175 274
176 274
176 287
177 274
177 287
179 296
179 299
179 294
180 298
180 300
181 297
181 298
181 300
182 296
182 299
182 294
183 193
186 276
188 290
188 292
188 282
188 267
188 268
190 290
190 292
190 282
190 268
193 241
194 290
194 292
194 282
194 268
201 284
201 279
202 276
205 273
205 288
205 291
205 280
205 283
205 285
205 286
206 273
206 288
206 291
206 280
206 283
206 285
206 286
207 270
207 276
212 284
212 277
212 279
214 284
214 277
214 279
222 274
222 287
223 273
223 269
223 288
223 291
223 280
223 285
223 286
224 247
227 274
227 287
228 271
228 275
228 278
228 281
230 271
230 275
230 278
233 297
233 298
233 300
234 274
234 287
236 271
236 275
236 278
237 289
237 295
238 297
238 298
238 300
244 297
244 298
244 300
246 272
250 289
250 293
250 295
254 289
254 293
254 295
255 288
255 291
255 280
255 283
255 285
255 286
262 290
262 292
262 282
263 289
263 293
263 295
264 289
264 295
266 289
266 293
266 295
267 290
267 292
267 282
