heur034_n_345_m_6830
2 39
2 242
2 275
5 321
6 136
6 77
6 61
11 311
11 239
15 333
16 313
17 282
23 252
26 111
27 319
28 47
30 118
30 56
31 50
36 92
39 242
39 275
40 334
41 286
42 220
43 248
43 205
44 247
46 278
49 69
52 295
53 75
54 146
54 241
54 297
56 118
61 136
61 77
64 143
66 217
66 91
70 316
71 209
72 163
73 74
77 136
78 117
79 281
91 217
98 228
99 238
100 112
102 123
102 300
103 267
109 299
109 294
114 140
115 273
120 223
121 203
122 211
123 300
132 177
132 224
134 150
139 152
145 336
146 241
146 297
151 330
157 306
159 276
162 212
164 199
168 215
170 221
176 298
177 224
180 237
180 309
183 190
185 186
188 257
191 230
191 272
191 210
196 338
196 255
197 254
202 283
210 272
210 307
210 230
213 235
216 326
219 277
219 263
222 288
222 244
230 307
230 272
239 311
241 297
242 275
244 288
255 338
263 277
264 345
272 307
291 332
294 299
301 304
