heur031_n_330_m_7270
1 49
1 136
1 97
1 138
1 304
1 306
1 316
2 152
2 188
2 151
2 195
2 134
2 171
2 172
2 239
2 175
2 92
2 94
2 159
3 226
3 290
3 292
3 296
3 184
3 186
3 320
3 225
3 227
3 231
3 281
3 283
4 136
4 97
4 138
4 304
4 306
4 316
5 223
5 261
5 91
5 56
5 219
5 220
5 221
5 222
5 95
6 226
6 290
6 292
6 296
6 184
6 186
6 320
6 225
6 227
6 231
6 281
6 283
7 223
7 261
7 91
7 56
7 219
7 220
7 221
7 222
7 95
8 136
8 97
8 138
8 304
8 306
8 316
9 223
9 261
9 91
9 56
9 219
9 220
9 221
9 222
9 95
10 64
10 63
10 256
10 257
10 51
10 52
10 53
10 255
11 226
11 290
11 292
11 296
11 184
11 186
11 320
11 225
11 227
11 231
11 281
11 283
12 160
12 124
12 165
12 224
12 228
12 229
12 243
12 116
12 121
13 280
13 278
13 279
13 96
13 131
13 133
13 210
13 211
13 212
14 160
14 124
14 165
14 224
14 228
14 229
14 243
14 116
14 121
15 176
15 178
15 215
15 48
15 47
15 40
15 43
15 39
16 68
16 256
16 257
16 51
16 52
16 53
16 255
17 160
17 124
17 165
17 224
17 228
17 229
17 243
17 116
17 121
18 256
18 257
18 51
18 52
18 53
18 255
19 196
19 237
19 198
19 102
19 73
19 114
20 196
20 237
20 198
20 102
20 114
21 44
21 297
21 266
21 267
21 268
21 301
21 206
21 208
21 209
21 307
22 44
22 297
22 266
22 267
22 268
22 301
22 206
22 208
22 209
22 307
23 44
23 297
23 266
23 267
23 268
23 301
23 206
23 208
23 209
23 307
24 196
24 237
24 198
24 102
24 104
24 105
24 114
25 216
25 177
25 214
25 207
25 129
25 130
25 161
25 132
25 203
25 246
26 216
26 177
26 214
26 207
26 129
26 130
26 161
26 132
26 203
26 246
27 216
27 177
27 214
27 207
27 129
27 130
27 161
27 132
27 203
27 246
28 173
28 174
28 135
28 258
28 259
28 260
28 145
29 173
29 174
29 135
29 258
29 259
29 260
29 145
30 104
30 105
30 102
30 196
30 198
30 237
31 104
31 105
31 102
31 196
31 198
31 237
32 232
32 248
32 194
32 230
32 168
32 233
32 235
32 146
32 87
33 173
33 174
33 135
33 258
33 259
33 260
33 145
34 217
34 218
34 263
34 291
34 285
34 295
34 250
34 140
34 213
34 245
34 247
34 58
34 284
34 287
35 104
35 105
35 102
35 196
35 198
35 237
36 217
36 218
36 263
36 291
36 285
36 295
36 250
36 140
36 213
36 245
36 247
36 58
36 284
36 287
37 232
37 248
37 194
37 230
37 168
37 233
37 235
37 146
37 87
38 232
38 248
38 194
38 230
38 168
38 233
38 235
38 146
38 87
39 176
39 178
39 50
39 215
39 57
40 176
40 178
40 50
40 215
40 57
41 297
41 266
41 267
41 268
41 301
41 206
41 208
41 209
41 307
42 217
42 218
42 263
42 291
42 285
42 295
42 250
42 140
42 213
42 245
42 247
42 58
42 284
42 287
43 176
43 178
43 50
43 215
43 57
44 297
44 266
44 267
44 268
44 301
44 206
44 208
44 209
44 307
45 136
45 97
45 138
45 304
45 306
45 316
46 136
46 97
46 138
46 304
46 306
46 316
47 176
47 178
47 215
47 57
48 176
48 178
48 215
48 57
49 136
49 97
49 138
49 304
49 306
49 316
50 176
50 178
50 215
50 57
51 256
51 257
51 255
51 64
51 68
51 63
52 256
52 257
52 255
52 64
52 68
52 63
53 256
53 257
53 255
53 64
53 68
53 63
54 201
54 197
54 199
54 169
54 170
54 90
54 123
54 126
55 201
55 197
55 199
55 169
55 170
55 90
55 123
55 126
56 261
56 221
56 222
56 219
56 220
56 223
57 176
57 178
57 215
58 245
58 213
58 247
58 250
58 284
58 287
58 291
58 263
58 295
58 217
58 218
58 285
59 280
59 278
59 279
59 96
59 131
59 133
59 210
59 211
59 212
60 305
60 308
60 303
60 137
60 179
60 139
60 80
60 77
60 111
61 305
61 308
61 303
61 137
61 179
61 139
61 80
61 77
61 111
62 305
62 308
62 303
62 137
62 179
62 139
62 80
62 77
62 111
63 256
63 257
63 255
64 256
64 257
64 255
65 192
65 189
65 190
66 192
66 189
66 190
67 192
67 189
68 256
68 257
68 255
69 103
69 189
69 190
70 192
70 103
70 189
70 190
71 192
71 103
71 106
71 189
71 190
72 297
72 266
72 267
72 268
72 301
72 206
72 208
72 209
72 307
73 102
73 104
73 105
73 196
73 198
73 237
74 192
74 103
74 106
74 189
74 190
75 293
75 327
75 299
75 236
75 238
75 240
75 162
75 205
75 127
76 102
76 104
76 105
76 196
76 198
76 237
77 137
77 139
77 303
77 305
77 179
77 308
78 252
78 253
78 254
78 325
78 326
78 328
78 309
78 312
78 315
79 293
79 327
79 299
79 236
79 238
79 240
79 205
79 127
80 137
80 139
80 303
80 305
80 179
80 308
81 329
81 298
81 294
81 200
81 204
81 167
81 241
81 202
81 242
82 249
82 251
82 244
82 187
82 149
82 142
82 112
82 107
82 109
83 233
83 235
83 230
83 146
83 115
83 110
83 194
83 232
83 248
84 293
84 327
84 299
84 236
84 238
84 240
84 162
84 205
84 127
85 252
85 253
85 254
85 325
85 326
85 328
85 309
85 312
85 315
86 249
86 251
86 244
86 187
86 149
86 142
86 112
86 107
86 109
87 233
87 235
87 230
87 146
87 115
87 110
87 194
87 232
87 248
88 252
88 253
88 254
88 325
88 326
88 328
88 309
88 312
88 315
89 249
89 251
89 244
89 187
89 149
89 142
89 112
89 107
89 109
90 169
90 123
90 126
90 98
90 197
90 199
90 201
91 261
91 221
91 222
91 219
91 220
91 223
92 239
92 195
92 159
92 171
92 172
92 175
92 152
92 188
92 151
93 169
93 123
93 126
93 98
93 197
93 199
93 201
94 239
94 195
94 159
94 171
94 172
94 175
94 152
94 188
94 151
95 261
95 221
95 222
95 219
95 220
95 223
96 210
96 211
96 212
96 141
96 278
96 279
96 280
97 304
97 306
97 316
98 201
98 197
98 199
98 169
98 170
98 123
98 126
99 272
99 273
99 271
99 193
99 234
99 191
99 300
99 269
99 270
100 272
100 273
100 271
100 193
100 234
100 191
100 300
100 269
100 270
101 272
101 273
101 271
101 193
101 234
101 191
101 300
101 269
101 270
102 114
102 196
102 198
102 237
103 192
103 190
104 114
104 196
104 198
104 237
105 114
105 196
105 198
105 237
107 142
107 244
107 249
107 251
108 258
108 259
108 260
108 135
108 173
108 174
109 187
109 142
109 244
109 249
109 251
110 230
110 168
110 235
110 248
111 137
111 139
111 303
111 305
111 179
111 308
112 187
112 142
112 244
112 249
112 251
113 258
113 259
113 260
113 135
113 173
113 174
114 237
115 230
115 168
115 233
115 235
115 232
115 248
116 224
116 228
116 229
116 165
116 124
117 329
117 298
117 294
117 204
117 167
117 241
117 202
117 242
118 128
118 164
118 153
118 148
118 183
118 185
119 322
119 317
119 319
119 288
119 321
119 324
119 143
119 144
119 147
120 322
120 317
120 319
120 288
120 321
120 324
120 143
120 144
120 147
121 224
121 228
121 229
122 329
122 298
122 294
122 200
122 167
122 241
122 242
123 170
123 197
123 199
124 224
124 228
124 229
124 243
125 322
125 317
125 319
125 288
125 321
125 324
125 143
125 144
125 147
126 170
126 197
126 199
126 201
127 293
127 327
127 299
127 236
127 238
127 240
128 153
128 156
128 166
128 154
128 150
128 148
128 183
128 185
128 155
128 157
128 158
129 161
129 203
129 246
129 207
129 177
129 214
129 216
130 161
130 203
130 246
130 207
130 177
130 214
130 216
131 210
131 141
131 278
131 279
131 280
132 161
132 203
132 246
132 207
132 216
133 210
133 211
133 212
133 141
133 278
133 279
133 280
134 239
134 195
134 159
134 171
134 152
134 188
134 151
135 258
135 259
135 260
135 145
136 304
136 306
136 316
137 303
137 305
137 308
138 304
138 306
138 316
139 303
139 305
139 308
140 245
140 213
140 247
140 250
140 284
140 287
140 291
140 263
140 295
140 217
140 218
140 285
141 280
141 278
141 279
141 210
141 211
141 212
142 244
142 249
142 251
143 288
143 321
143 324
143 322
143 317
143 319
144 288
144 321
144 324
144 322
144 317
144 319
145 258
145 259
145 260
145 173
145 174
146 168
146 233
146 235
146 194
146 248
147 288
147 321
147 324
147 322
147 317
147 319
148 155
148 157
148 158
148 163
148 164
148 166
148 153
148 154
148 156
149 244
149 249
149 251
150 163
150 164
150 166
150 156
150 183
150 185
150 155
150 157
150 158
151 171
151 172
151 239
151 175
151 159
152 171
152 172
152 239
152 175
152 159
153 163
153 164
153 183
153 185
153 158
154 163
154 164
154 166
154 183
154 185
155 185
155 183
155 163
155 164
155 166
156 163
156 164
156 183
156 185
157 185
157 183
157 163
157 164
158 185
158 183
158 164
158 166
159 171
159 172
159 175
159 188
160 224
160 228
160 229
161 207
161 177
161 214
161 216
162 293
162 327
162 299
162 236
162 238
163 166
163 183
163 185
164 166
164 183
164 185
165 224
165 228
165 229
165 243
166 183
166 185
167 294
167 329
167 298
167 241
167 202
167 242
168 233
168 235
168 230
168 194
168 232
168 248
169 197
169 199
169 201
170 197
170 199
170 201
171 195
171 239
171 188
172 195
172 239
172 188
173 258
173 259
173 260
174 258
174 259
174 260
175 195
175 239
175 188
177 207
177 203
177 246
179 303
179 305
179 308
180 330
180 318
180 311
180 323
180 262
180 264
180 265
180 282
180 302
180 313
180 314
180 286
181 330
181 318
181 311
181 323
181 262
181 264
181 265
181 282
181 302
181 313
181 314
181 286
182 330
182 318
182 311
182 323
182 262
182 264
182 265
182 282
182 302
182 313
182 314
182 286
184 296
184 290
184 292
184 320
184 231
184 281
184 283
186 296
186 290
186 292
186 320
186 231
186 281
186 283
187 244
187 249
187 251
188 195
188 239
191 300
193 300
193 269
194 230
200 294
200 329
200 298
202 294
202 329
202 298
203 207
203 214
203 216
204 294
204 298
205 293
205 327
205 299
205 236
205 238
205 240
206 266
206 267
206 268
206 297
206 307
206 301
207 216
207 214
207 246
208 266
208 267
208 268
208 297
208 307
208 301
209 266
209 267
209 268
209 297
209 307
209 301
210 278
210 279
210 280
211 278
211 279
211 280
212 278
212 279
212 280
213 284
213 245
213 287
213 291
213 263
213 285
214 246
216 246
217 291
217 285
217 250
217 245
217 247
217 284
217 287
218 291
218 285
218 295
218 250
218 245
218 247
218 284
218 287
224 243
225 320
225 281
225 283
225 290
225 292
225 296
226 296
226 290
226 292
226 320
226 231
226 281
226 283
227 320
227 281
227 283
227 290
227 292
227 296
228 243
229 243
230 248
231 320
231 281
231 283
231 290
231 292
231 296
233 248
234 300
235 248
236 299
236 293
236 327
238 299
238 293
238 327
240 299
240 293
241 294
241 329
241 298
242 294
242 298
245 263
245 295
247 284
247 263
247 295
250 284
250 263
250 285
252 325
252 326
252 328
252 309
252 312
252 315
253 325
253 326
253 328
253 309
253 312
253 315
254 325
254 326
254 328
254 309
254 312
254 315
262 323
262 314
262 282
262 286
262 318
263 291
263 285
263 295
263 284
263 287
264 323
264 314
264 313
264 282
264 286
264 330
264 318
265 323
265 314
265 302
265 313
265 282
265 286
265 330
265 318
266 297
266 301
267 297
267 301
268 297
268 301
272 300
273 300
276 289
276 310
277 289
277 310
281 290
281 292
281 296
282 313
282 314
282 302
282 330
282 311
282 318
283 292
283 296
284 291
284 295
286 313
286 314
286 302
286 330
286 311
286 318
287 295
288 322
288 317
288 319
290 320
292 320
296 320
302 323
302 318
309 328
309 325
309 326
311 323
312 328
312 325
312 326
313 323
314 323
315 328
315 326
323 330
