heur036_n_347_m_17983
1 136
1 289
1 287
1 332
1 177
1 117
1 310
1 95
3 148
3 154
3 180
3 333
3 243
4 72
4 149
4 229
4 302
4 252
5 40
5 17
5 55
5 146
5 107
5 142
6 136
6 289
6 287
6 332
6 177
6 117
6 310
6 95
7 251
7 222
7 230
7 242
7 275
7 215
8 148
8 154
8 180
8 333
9 40
9 17
9 55
9 146
9 107
9 142
10 150
10 103
10 77
10 32
10 35
10 36
10 111
10 52
10 54
11 109
11 110
11 79
11 16
11 256
11 51
12 151
12 48
12 160
12 158
12 18
12 30
13 109
13 16
13 256
13 51
14 48
14 50
14 151
14 158
15 209
15 227
15 217
15 130
15 131
15 101
15 171
15 139
15 60
15 114
15 28
16 195
16 110
16 79
16 184
16 157
16 31
17 294
17 303
17 81
17 313
17 146
17 107
17 142
18 48
18 50
18 151
18 158
19 185
19 179
19 181
19 99
19 200
19 105
19 141
19 178
19 276
19 213
19 187
19 93
19 159
20 204
20 38
20 281
20 282
21 185
21 179
21 181
21 99
21 200
21 105
21 141
21 178
21 276
21 213
21 187
21 93
21 159
22 151
22 48
22 158
23 50
23 158
24 132
24 170
25 204
25 206
25 207
25 314
25 316
25 318
25 38
25 44
25 45
25 281
25 282
25 284
26 52
26 54
26 32
26 36
26 111
26 144
26 150
27 88
27 262
27 244
27 250
27 283
28 114
28 131
28 101
28 130
28 171
28 139
28 60
28 227
28 46
28 47
28 209
28 217
29 154
29 180
29 333
29 280
29 243
30 50
30 151
30 158
31 195
31 109
31 110
31 79
31 184
31 157
31 256
31 51
32 35
32 52
32 53
32 54
32 59
32 100
32 37
32 103
32 135
32 42
32 77
32 144
32 150
32 120
33 257
33 193
33 295
33 266
33 205
33 49
33 210
33 86
33 218
34 257
34 193
34 295
34 266
34 49
34 210
34 86
34 218
35 36
35 111
35 37
35 42
35 144
35 150
36 52
36 53
36 54
36 59
36 100
36 37
36 103
36 135
36 42
36 77
36 144
36 150
36 120
37 150
37 77
37 144
37 111
37 52
37 53
38 282
38 68
38 204
38 207
38 316
39 136
39 113
39 289
39 66
39 287
39 332
39 177
39 117
39 310
39 95
40 294
40 303
40 81
40 313
40 146
40 107
40 142
41 96
41 263
41 270
41 236
41 246
42 150
42 103
42 144
42 111
42 52
42 53
42 54
43 116
43 132
43 170
43 121
44 281
44 68
45 281
45 68
45 207
46 209
46 227
46 217
46 130
46 131
46 101
46 171
46 139
46 60
46 114
47 209
47 227
47 217
47 130
47 131
47 101
47 171
47 139
47 60
47 114
48 50
48 160
48 158
48 74
48 75
48 80
49 257
49 266
49 295
49 210
49 87
50 151
50 160
50 158
50 74
50 75
50 80
51 195
51 110
51 79
51 184
51 157
52 53
52 111
52 103
52 144
52 150
53 111
53 103
53 77
53 144
53 150
54 111
54 150
55 294
55 303
55 81
55 313
55 146
55 107
55 142
56 161
56 259
56 305
56 211
56 254
56 315
56 192
56 268
57 72
57 137
57 149
57 134
57 258
57 197
57 229
57 301
57 302
57 252
57 249
57 188
57 317
58 154
58 180
58 333
58 243
59 111
59 77
59 150
60 130
60 131
60 101
60 171
60 139
60 114
60 227
60 209
60 217
61 177
61 117
61 287
61 289
61 332
61 136
62 297
62 152
62 129
62 156
62 337
63 96
63 263
63 270
63 90
63 92
63 253
63 194
63 236
63 272
63 274
63 278
63 246
63 190
63 191
64 297
64 129
64 156
64 337
64 339
65 240
65 219
65 189
65 323
65 326
65 327
65 228
65 292
65 108
65 78
65 208
65 115
65 247
65 122
65 94
66 177
66 117
66 287
66 289
66 332
66 310
66 136
66 118
67 96
67 263
67 270
67 90
67 92
67 253
67 194
67 236
67 274
67 278
67 246
67 190
67 191
68 204
68 206
68 207
68 314
68 316
68 318
68 281
68 282
68 284
69 76
69 201
69 166
69 123
69 309
69 231
69 345
69 330
69 331
70 128
70 163
70 127
70 341
70 320
70 82
70 140
71 128
71 163
71 127
71 320
71 82
71 140
72 89
72 137
72 149
72 134
72 258
72 197
72 229
72 301
72 302
72 252
72 249
72 188
72 317
73 88
73 91
73 85
73 261
73 262
73 265
73 244
73 250
73 283
74 151
74 158
75 151
75 158
76 153
76 201
76 166
76 123
76 309
76 231
76 345
76 330
76 331
77 120
77 144
77 150
77 111
78 292
78 108
78 208
78 115
78 247
78 122
78 323
78 326
78 327
78 240
78 219
78 189
79 256
80 151
80 158
81 313
81 294
81 303
81 146
81 107
81 142
82 128
82 163
82 335
82 338
82 83
82 341
82 127
83 320
83 140
84 296
84 297
84 325
84 152
84 129
84 156
84 337
84 346
84 339
85 262
86 257
86 266
86 295
86 193
86 210
86 87
87 257
87 193
87 295
87 266
87 205
87 210
87 218
88 261
88 262
88 244
88 250
88 283
89 137
89 149
89 134
89 258
89 197
89 229
89 301
89 302
89 252
89 249
89 188
89 317
90 253
90 270
90 263
90 236
90 246
90 190
91 261
91 244
91 250
92 270
92 263
92 236
92 246
93 200
93 178
93 276
93 141
93 159
93 181
94 292
94 108
94 208
94 115
94 247
94 122
94 323
94 327
94 240
94 219
94 189
95 177
95 117
95 102
95 287
95 289
95 332
95 310
95 136
96 253
96 270
96 263
96 202
96 236
96 272
96 274
96 278
96 246
96 190
96 191
97 154
97 180
97 333
97 280
97 243
98 116
98 132
98 199
98 170
98 121
99 200
99 178
99 276
99 141
99 159
99 181
100 144
100 150
100 111
101 171
101 217
102 177
102 289
102 332
102 310
102 136
102 113
103 144
103 150
103 111
104 203
104 214
104 172
104 125
104 307
105 200
105 178
105 276
105 141
105 159
105 181
106 170
106 216
107 294
107 303
107 313
108 228
108 240
108 219
108 189
109 184
109 195
109 157
110 184
110 157
110 256
111 135
111 144
111 150
111 120
112 132
112 170
112 121
113 289
113 287
113 332
113 177
114 130
114 171
114 209
114 217
115 292
115 228
115 240
115 219
115 189
116 132
116 198
116 170
116 216
116 121
117 177
117 289
117 332
117 310
117 136
117 118
118 289
118 287
118 332
118 177
118 310
119 288
119 235
119 245
119 248
119 164
119 232
119 267
119 221
120 150
121 216
121 199
122 292
122 228
122 323
122 326
122 240
122 219
122 189
123 166
123 201
123 153
123 345
123 330
123 331
124 165
124 169
124 203
124 214
124 186
124 234
124 307
125 165
125 169
125 203
125 214
125 186
125 234
125 307
126 239
126 238
126 255
126 220
126 237
126 279
127 338
127 335
127 320
127 140
128 338
128 320
128 140
129 297
129 346
130 131
130 217
131 171
131 209
131 217
132 216
132 199
133 328
133 298
133 299
133 212
133 306
133 340
133 342
133 343
133 312
133 311
134 229
134 301
134 302
135 150
136 289
136 287
136 332
136 177
136 310
137 229
137 252
137 249
138 288
138 235
138 245
138 248
138 164
138 232
138 267
138 221
139 217
140 163
140 335
140 338
140 341
141 200
141 178
141 213
141 187
141 179
141 181
141 185
142 294
142 303
142 313
143 251
143 230
143 215
144 150
145 328
145 298
145 299
145 212
145 306
145 340
145 342
145 343
145 312
145 311
146 294
146 303
146 313
147 239
147 238
147 255
147 220
147 237
147 279
148 154
148 180
148 333
148 280
148 243
148 260
149 258
149 229
149 301
149 302
149 252
149 249
149 317
151 160
151 158
151 168
152 296
152 339
153 309
153 231
153 330
154 280
154 243
154 260
155 251
155 230
155 275
156 325
156 297
156 337
156 339
157 256
159 200
159 178
159 213
159 187
159 179
159 181
159 185
161 259
161 167
161 175
161 305
161 315
161 286
161 268
162 336
162 291
162 293
162 176
162 226
163 338
163 341
163 320
164 288
164 324
164 235
164 245
164 232
164 267
164 221
165 186
165 172
165 234
165 307
166 309
166 231
167 305
167 315
167 211
167 254
167 192
167 268
169 203
169 214
169 172
169 307
170 216
170 198
170 199
171 227
171 209
171 217
172 203
172 214
172 186
172 224
172 234
172 307
173 259
173 175
173 254
174 291
174 293
174 336
174 223
175 305
175 315
175 286
175 211
175 254
175 192
175 268
176 291
176 293
176 336
176 223
177 287
177 289
177 332
177 310
178 200
178 187
178 213
178 276
178 179
178 181
178 185
179 200
179 276
180 280
180 243
180 260
181 200
181 276
181 213
182 336
182 291
182 293
183 291
183 293
183 336
183 223
184 256
185 200
185 276
186 203
186 214
186 224
186 234
186 307
187 276
188 302
189 323
189 326
189 327
189 228
189 292
189 208
189 247
190 278
190 246
190 263
190 270
190 253
191 272
191 278
191 263
191 270
192 259
192 305
192 315
192 286
193 295
193 266
193 218
194 263
194 270
195 256
196 237
196 238
196 239
196 279
196 220
196 255
200 276
201 309
201 231
201 345
201 330
202 278
202 236
202 246
202 263
202 270
203 224
203 234
203 307
204 281
205 295
205 218
206 281
207 316
207 281
208 228
208 240
208 219
210 257
210 266
210 218
211 259
211 305
211 315
211 286
212 321
212 328
212 298
212 299
212 306
212 340
212 342
212 343
212 312
212 311
213 276
214 224
214 234
214 307
215 275
215 251
215 222
218 257
218 266
218 295
219 323
219 326
219 327
219 228
219 292
219 247
220 233
220 239
220 255
220 334
220 319
221 288
221 324
221 235
221 245
221 248
222 251
222 230
222 264
222 273
222 242
222 275
223 336
223 291
223 293
223 225
223 226
225 291
225 293
225 336
226 291
226 293
226 336
228 292
228 247
228 323
228 326
228 327
228 240
229 258
229 252
229 317
229 301
229 302
230 273
230 275
230 251
231 345
231 330
231 331
232 288
232 324
232 235
232 245
232 248
233 239
233 238
233 255
233 237
233 279
235 324
235 248
235 267
236 272
236 274
236 278
236 263
236 270
236 253
237 238
237 239
237 255
237 334
237 319
238 279
238 334
238 319
239 279
239 334
239 319
240 323
240 326
240 327
240 292
240 247
241 291
241 293
241 336
242 264
242 275
242 251
243 333
244 283
244 262
245 324
245 248
245 267
246 272
246 274
246 278
246 263
246 270
246 253
247 327
248 288
248 324
248 267
249 317
249 301
249 302
250 262
251 264
251 273
251 275
252 301
252 302
253 278
254 259
254 305
254 315
254 286
254 268
255 279
255 334
255 319
258 301
259 305
259 315
259 286
259 268
260 333
261 283
261 262
263 274
263 278
267 288
267 324
268 305
268 315
268 286
269 300
269 322
270 272
270 278
271 308
271 285
271 300
271 290
271 322
271 304
271 344
271 347
277 308
277 300
277 322
277 347
279 334
279 319
280 333
281 314
281 316
281 318
282 316
288 324
290 329
290 347
290 308
292 323
292 326
292 327
297 337
298 321
299 321
299 306
299 311
300 329
300 304
300 347
304 347
306 321
306 328
308 322
308 347
309 345
309 330
309 331
311 342
311 321
311 328
312 342
312 321
320 335
320 338
320 341
321 328
321 340
321 342
321 343
322 329
322 347
328 340
328 342
