heur010_n_250_m_4507
1 193
1 198
1 179
1 180
1 181
1 187
2 193
2 198
2 179
2 180
2 181
2 187
3 194
3 196
3 199
3 200
3 202
4 193
4 198
4 179
4 180
4 181
4 187
5 193
5 198
5 179
5 180
5 181
5 187
6 194
6 195
6 196
6 199
6 200
6 202
7 194
7 195
7 196
7 199
7 200
7 202
8 194
8 195
8 196
8 199
8 200
8 202
9 193
9 198
9 179
9 180
9 181
9 187
10 201
10 203
10 204
10 207
10 208
10 212
11 193
11 198
11 179
11 180
11 181
11 187
12 194
12 195
12 196
12 199
12 200
12 202
13 194
13 195
13 196
13 199
13 200
13 202
14 226
14 137
14 139
14 140
14 142
14 143
15 226
15 137
15 139
15 140
15 142
15 143
16 178
16 183
16 184
16 185
16 186
16 60
17 178
17 183
17 184
17 185
17 186
17 60
18 226
18 137
18 139
18 140
18 142
18 143
19 178
19 183
19 184
19 185
19 186
19 60
20 226
20 137
20 139
20 140
20 142
20 143
21 178
21 183
21 184
21 185
21 186
21 60
22 178
22 183
22 184
22 185
22 186
22 60
23 178
23 184
23 185
23 186
23 60
24 226
24 137
24 139
24 140
24 142
24 143
25 226
25 137
25 139
25 140
25 142
25 143
26 52
26 83
26 84
26 85
26 86
26 87
26 88
27 52
27 83
27 84
27 85
27 86
27 87
27 88
28 52
28 83
28 84
28 85
28 86
28 87
28 88
29 176
29 177
29 89
29 90
29 91
29 92
29 93
29 94
30 176
30 177
30 89
30 90
30 91
30 92
30 93
30 94
31 52
31 83
31 84
31 85
31 86
31 87
31 88
32 176
32 177
32 89
32 90
32 91
32 92
32 93
32 94
33 176
33 177
33 89
33 90
33 91
33 92
33 93
33 94
34 176
34 177
34 89
34 90
34 91
34 92
34 93
34 94
35 176
35 177
35 89
35 90
35 91
35 92
35 93
35 94
37 51
37 61
38 61
41 61
42 51
42 61
43 61
44 61
45 192
45 197
45 77
45 188
45 189
45 190
45 191
46 192
46 197
46 77
46 188
46 189
46 190
46 191
47 192
47 197
47 77
47 188
47 189
47 190
47 191
48 192
48 197
48 77
48 188
48 189
48 190
48 191
49 192
49 197
49 77
49 188
49 189
49 190
49 191
52 83
52 84
52 85
52 86
52 87
52 88
53 192
53 197
53 77
53 188
53 189
53 190
53 191
54 227
54 231
54 235
54 241
55 227
55 231
55 234
55 235
55 241
56 224
56 210
56 214
56 215
56 216
56 218
57 231
57 234
57 235
57 241
58 224
58 210
58 214
58 215
58 216
58 218
59 224
59 210
59 214
59 215
59 216
59 218
62 224
62 210
62 214
62 215
62 216
62 218
63 224
63 210
63 214
63 215
63 216
63 218
64 230
64 231
64 234
64 235
65 224
65 210
65 214
65 215
65 216
65 218
66 205
66 206
66 209
66 211
66 213
66 217
67 205
67 206
67 209
67 211
67 213
67 217
68 205
68 206
68 209
68 211
68 213
68 217
69 108
69 110
69 111
69 113
69 115
70 205
70 206
70 209
70 211
70 213
70 217
71 108
71 110
71 111
71 113
71 115
71 116
72 108
72 113
72 116
73 108
73 110
73 111
73 113
73 115
73 116
74 108
74 110
74 111
74 115
74 116
75 205
75 206
75 209
75 211
75 213
75 217
76 144
76 146
76 147
76 148
76 149
76 150
77 192
77 197
77 188
77 189
77 190
77 191
78 144
78 146
78 147
78 148
78 149
78 150
79 144
79 146
79 147
79 148
79 149
79 150
80 144
80 146
80 147
80 148
80 149
80 150
81 144
81 146
81 147
81 148
81 149
81 150
82 144
82 146
82 147
82 148
82 149
82 150
89 176
89 177
90 176
90 177
91 176
91 177
92 176
92 177
93 176
93 177
94 176
94 177
95 238
95 239
95 240
95 247
95 248
95 250
96 238
96 239
96 240
96 247
96 248
96 250
97 238
97 239
97 240
97 247
97 248
97 250
98 238
98 239
98 240
98 247
98 248
98 250
99 238
99 239
99 240
99 247
99 248
99 250
100 238
100 239
100 240
100 247
100 248
100 250
101 227
101 230
101 231
101 234
101 235
101 241
102 133
102 135
102 138
102 141
102 145
103 133
103 134
103 135
103 138
103 141
103 145
104 133
104 134
104 135
104 138
104 141
104 145
105 135
105 138
105 141
105 145
106 135
106 138
106 141
106 145
107 133
107 134
107 135
107 138
107 141
107 145
112 227
112 230
112 231
112 234
112 235
112 241
114 225
114 219
114 220
114 221
114 222
114 223
117 225
117 219
117 220
117 221
117 222
117 223
118 163
118 164
118 166
118 170
118 172
118 174
119 163
119 164
119 166
119 170
119 172
119 174
120 163
120 164
120 166
120 170
120 172
120 174
121 225
121 219
121 220
121 221
121 222
121 223
122 225
122 219
122 220
122 221
122 222
122 223
123 163
123 166
123 170
123 172
123 174
124 225
124 219
124 220
124 221
124 222
124 223
125 163
125 164
125 166
125 170
125 172
125 174
126 237
126 242
126 243
126 244
126 246
126 249
127 237
127 242
127 243
127 244
127 246
127 249
128 237
128 242
128 243
128 244
128 246
128 249
129 205
129 206
129 209
129 211
129 213
129 217
130 237
130 244
130 246
130 249
131 163
131 164
131 166
131 170
131 172
131 174
132 237
132 242
132 243
132 244
132 246
132 249
136 237
136 242
136 243
136 244
136 246
136 249
151 228
151 229
151 232
151 233
151 236
151 245
152 228
152 229
152 232
152 233
152 236
152 245
153 228
153 229
153 232
153 233
153 236
153 245
155 228
155 229
155 232
155 233
155 236
155 245
160 228
160 229
160 232
160 233
160 236
160 245
161 228
161 229
161 232
161 233
161 236
161 245
182 225
182 219
182 220
182 222
182 223
