heur050_n_300_m_19207
8 245
9 286
10 97
12 185
14 79
18 62
26 78
26 231
31 114
31 198
32 77
35 128
37 66
39 181
44 220
45 213
45 201
45 240
46 263
49 109
54 154
55 229
57 169
58 146
62 172
65 110
66 262
66 155
66 269
67 148
78 231
80 276
86 237
86 105
87 272
88 282
90 204
91 143
100 233
100 226
102 136
102 250
102 134
103 198
106 262
106 155
107 291
111 285
111 241
112 241
112 285
113 275
114 198
116 226
116 278
119 297
124 239
126 289
134 252
136 250
136 252
154 277
155 262
158 246
166 248
174 222
178 298
178 300
181 212
184 248
186 220
187 246
197 257
207 258
207 247
208 259
214 257
219 281
219 265
226 278
233 278
241 285
246 287
265 281
