heur026_n_330_m_1370
3 203
3 164
3 101
5 58
5 60
5 157
5 96
7 62
8 58
8 60
8 157
8 96
9 312
15 185
15 66
16 132
18 196
19 131
20 274
24 158
24 129
26 290
26 190
26 120
28 55
29 89
30 209
31 319
31 254
33 152
33 317
34 117
37 225
41 314
41 253
42 101
42 164
42 203
43 295
43 109
45 195
53 122
53 94
53 227
54 285
57 244
58 60
58 157
58 96
60 157
60 96
61 277
63 223
64 110
65 220
66 185
69 272
69 175
71 81
72 123
74 123
77 268
78 103
90 229
93 181
94 122
94 227
96 157
97 194
101 164
101 203
103 119
105 127
109 295
115 258
115 289
115 211
116 270
118 306
120 290
120 190
122 227
128 234
128 228
129 158
130 197
133 224
134 198
136 328
137 300
145 241
146 297
148 171
148 159
149 288
150 330
151 323
152 317
159 171
160 262
164 203
165 233
168 326
169 269
175 272
180 232
180 313
180 275
186 235
187 320
190 290
191 208
211 289
211 258
214 260
221 321
228 234
232 313
232 275
236 298
239 311
250 261
253 314
254 319
258 289
259 273
265 318
275 313
276 283
276 303
281 325
283 303
291 309
291 294
294 309
307 315
