heur004_n_140_m_3014
1 128
1 132
1 134
1 123
1 125
2 32
2 35
2 42
2 27
2 30
2 33
2 34
2 36
2 38
2 39
2 71
3 32
3 41
3 42
3 27
3 30
3 33
3 34
3 36
3 38
3 39
4 66
4 54
5 32
5 35
5 42
5 27
5 30
5 33
5 34
5 36
5 38
5 39
6 108
6 86
6 87
6 88
7 54
7 59
7 63
8 128
8 132
8 134
8 122
8 123
8 125
9 132
9 134
9 122
9 123
10 128
10 132
10 134
10 123
10 125
11 108
11 81
11 83
11 86
11 87
11 88
12 81
12 83
12 86
12 87
12 88
13 108
13 81
13 83
13 86
13 87
13 88
14 83
14 86
14 88
15 59
16 70
16 77
16 54
17 66
17 54
17 59
18 135
18 137
18 138
18 139
18 140
19 140
20 108
20 81
20 83
20 86
20 87
20 88
21 54
21 59
22 135
22 136
22 137
22 138
22 139
22 140
23 135
23 136
23 137
23 138
23 139
23 140
24 135
24 137
24 138
24 139
24 140
25 135
25 138
25 139
25 140
26 128
27 71
30 71
32 71
33 41
33 42
34 41
34 42
36 41
36 42
38 41
38 42
39 41
39 42
41 71
42 71
43 72
43 75
44 72
44 73
44 79
44 82
46 75
47 75
48 72
49 96
49 97
49 103
49 107
49 113
50 96
50 97
50 98
50 107
50 113
51 72
51 73
51 82
52 98
52 107
52 113
53 97
53 98
53 107
55 96
55 97
55 103
55 113
56 96
56 107
57 67
57 74
57 89
57 60
58 64
58 65
58 61
58 62
61 74
62 69
62 74
62 89
64 69
64 74
65 69
65 74
68 74
68 89
78 99
78 104
78 106
78 124
80 99
80 100
80 104
80 105
80 106
84 99
84 100
84 104
84 105
84 106
85 99
85 104
85 105
85 106
85 124
91 133
91 126
91 127
92 129
92 130
92 131
92 133
92 126
92 127
93 129
93 133
93 126
95 133
95 127
101 133
101 127
102 129
102 130
102 131
102 126
109 116
112 116
116 120
