heur033_n_330_m_13861
1 204
1 205
1 209
1 210
1 212
1 213
2 204
2 205
2 209
2 210
2 212
2 213
3 204
3 205
3 209
3 210
3 212
3 213
4 204
4 205
4 209
4 210
4 212
4 213
7 204
7 205
7 209
7 210
7 212
7 213
9 113
10 113
11 109
11 113
11 116
12 211
12 215
12 217
12 218
12 220
12 221
13 211
13 215
13 217
13 218
13 220
13 221
14 211
14 215
14 217
14 218
14 220
14 221
15 211
15 215
15 217
15 218
15 220
15 221
16 271
16 276
16 278
16 279
16 280
16 286
17 271
17 276
17 278
17 279
17 280
17 286
18 271
18 276
18 278
18 279
18 280
18 286
19 271
19 276
19 278
19 279
19 280
19 286
20 271
20 276
20 278
20 279
20 280
20 286
21 195
21 196
21 197
21 198
21 199
21 207
22 195
22 196
22 197
22 198
22 199
22 207
23 195
23 196
23 197
23 198
23 199
23 207
24 195
24 196
24 197
24 198
24 199
24 207
25 195
25 196
25 197
25 198
25 199
25 207
26 195
26 196
26 197
26 198
26 199
26 207
33 288
33 290
33 291
33 292
33 293
33 294
34 288
34 290
34 291
34 292
34 293
34 294
35 288
35 290
35 291
35 292
35 293
35 294
36 288
36 290
36 291
36 292
36 293
36 294
37 89
37 90
38 89
38 90
39 288
39 290
39 291
39 292
39 293
39 294
40 89
40 90
41 89
41 90
42 89
42 90
43 288
43 290
43 291
43 292
43 293
43 294
45 261
45 229
45 263
45 239
45 248
45 254
46 261
46 229
46 263
46 239
46 248
46 254
47 261
47 229
47 263
47 239
47 248
47 254
48 261
48 229
48 263
48 239
48 248
48 254
49 90
50 271
50 276
50 278
50 279
50 280
50 286
52 141
52 142
52 143
52 145
52 179
52 183
52 138
52 139
52 140
55 211
55 215
55 217
55 218
55 220
55 221
56 211
56 215
56 217
56 218
56 220
56 221
57 91
57 92
58 323
58 311
58 312
58 316
58 317
58 318
59 323
59 311
59 312
59 316
59 317
59 318
60 323
60 311
60 312
60 316
60 317
60 318
61 281
61 282
61 283
61 284
61 285
61 287
62 160
62 161
62 163
62 164
62 165
63 160
63 161
63 163
63 164
63 165
64 281
64 282
64 283
64 284
64 285
64 287
65 160
65 161
65 163
65 164
65 165
66 261
66 263
66 239
66 248
66 254
67 160
67 161
67 163
67 164
67 165
68 281
68 282
68 283
68 284
68 285
68 287
69 281
69 282
69 283
69 284
69 285
69 287
70 261
70 229
70 263
70 239
70 248
70 254
71 281
71 282
71 283
71 284
71 285
71 287
72 214
72 216
72 249
72 219
72 253
72 223
73 214
73 216
73 249
73 219
73 253
73 223
74 214
74 216
74 249
74 219
74 253
74 223
75 164
75 165
76 214
76 216
76 249
76 219
76 253
76 223
77 214
77 216
77 249
77 219
77 253
77 223
78 214
78 216
78 249
78 219
78 253
78 223
80 281
80 282
80 283
80 284
80 285
80 287
87 154
87 187
87 156
87 157
87 190
88 162
88 154
88 187
88 156
88 157
88 190
94 130
96 130
97 130
98 323
98 311
98 312
98 316
98 317
98 318
99 323
99 311
99 312
99 316
99 317
99 318
100 323
100 311
100 312
100 316
100 317
100 318
101 153
101 125
101 158
101 159
102 153
102 158
102 159
103 167
103 168
103 169
103 173
103 206
103 208
104 153
104 158
104 159
105 153
105 158
105 159
106 167
106 168
106 169
106 173
106 206
106 208
107 167
107 168
107 169
107 173
107 206
107 208
108 158
108 159
110 167
110 168
110 169
110 173
110 206
110 208
111 167
111 168
111 169
111 173
111 206
111 208
114 167
114 168
114 169
114 173
114 206
114 208
115 187
117 256
117 259
117 246
117 250
117 251
117 252
118 256
118 259
118 246
118 250
118 251
118 252
119 256
119 259
119 250
119 251
119 252
120 256
120 259
120 250
120 251
120 252
121 154
121 187
121 190
122 154
122 187
122 190
123 265
123 266
123 267
123 268
123 269
123 270
124 265
124 266
124 267
124 268
124 269
124 270
126 265
126 266
126 267
126 268
126 269
126 270
127 154
127 187
127 156
127 157
127 190
128 265
128 266
128 267
128 268
128 269
128 270
129 265
129 266
129 267
129 268
129 269
129 270
131 265
131 266
131 267
131 268
131 269
131 270
132 141
132 142
132 143
132 145
132 183
133 141
133 142
133 143
133 145
133 183
134 241
134 242
134 243
134 244
134 245
134 247
135 241
135 242
135 243
135 244
135 245
135 247
136 241
136 242
136 243
136 244
136 245
136 247
137 141
137 142
137 143
137 145
137 183
138 142
138 143
138 145
138 183
139 143
139 145
139 183
140 143
140 145
144 256
144 259
144 246
144 250
144 251
144 252
148 324
148 325
148 326
148 327
148 329
148 330
149 324
149 325
149 326
149 327
149 329
149 330
150 256
150 259
150 246
150 250
150 251
150 252
151 324
151 325
151 326
151 327
151 329
151 330
152 324
152 325
152 326
152 327
152 329
152 330
155 324
155 325
155 326
155 327
155 329
155 330
170 241
170 242
170 243
170 244
170 245
170 247
171 241
171 242
171 243
171 244
171 245
171 247
172 241
172 242
172 243
172 244
172 245
172 247
174 200
174 201
174 202
174 203
174 236
174 237
175 200
175 201
175 202
175 203
175 236
175 237
176 200
176 201
176 202
176 203
176 236
176 237
177 200
177 201
177 202
177 203
177 236
177 237
178 200
178 201
178 202
178 203
178 236
178 237
180 200
180 201
180 202
180 203
180 236
180 237
181 228
181 230
181 231
182 228
182 230
182 231
185 324
185 325
185 326
185 327
185 329
185 330
188 299
188 301
188 302
189 299
189 301
189 302
189 303
191 299
191 301
191 302
191 303
192 299
192 301
192 302
192 303
192 305
193 299
193 301
193 302
193 303
193 305
194 299
194 301
194 302
194 303
194 305
222 230
222 231
232 295
232 296
233 295
233 296
233 297
233 298
233 300
233 304
234 295
234 296
234 297
234 298
234 300
234 304
235 295
235 296
235 297
235 298
235 300
235 304
238 295
238 296
238 297
238 298
238 300
238 304
240 295
240 296
240 297
240 298
240 300
240 304
255 272
255 273
255 274
255 275
255 277
257 272
257 273
257 274
257 275
257 277
258 273
258 274
258 275
258 277
260 274
260 275
260 277
262 277
264 277
306 320
306 321
306 322
306 328
306 319
307 320
307 321
307 322
307 328
307 319
308 320
308 321
308 322
308 328
308 319
309 320
309 321
309 322
309 328
309 319
310 320
310 321
310 322
310 328
313 320
313 328
