heur003_n_120_m_2588
1 60
1 53
1 70
1 65
1 66
1 87
1 89
1 91
1 61
2 60
2 53
2 70
2 87
2 89
3 60
3 53
3 70
3 65
3 66
3 87
3 89
3 91
3 61
4 112
4 50
4 54
4 62
4 32
4 34
4 99
4 38
4 103
4 45
4 29
4 31
5 33
5 112
5 50
5 54
5 30
5 62
5 32
5 34
5 99
5 38
5 103
5 45
5 29
5 31
6 106
6 116
6 109
6 35
6 117
6 118
6 120
7 106
7 116
7 109
7 117
7 118
8 49
8 98
8 83
8 94
8 64
8 67
8 23
8 24
8 27
9 64
9 67
9 42
9 23
9 24
9 27
9 98
9 39
9 49
9 83
9 94
10 64
10 67
10 42
10 23
10 24
10 98
10 41
10 49
10 83
11 106
11 116
11 109
11 35
11 117
11 118
11 120
12 49
12 98
12 83
12 94
12 64
12 67
12 42
12 23
13 67
13 42
13 23
13 24
13 27
13 98
13 49
13 83
13 94
14 58
14 51
14 52
15 92
16 58
16 51
16 52
16 68
16 88
17 51
18 92
19 75
19 82
20 92
20 101
20 95
20 75
23 64
23 42
23 98
23 39
23 40
23 41
23 49
23 94
24 64
24 42
24 98
24 39
24 49
24 94
25 36
25 37
25 63
26 48
26 47
26 36
26 37
26 55
26 63
27 64
27 42
27 98
27 39
27 40
27 41
27 49
27 94
28 63
29 99
29 103
29 112
29 54
30 112
30 50
30 54
30 99
30 38
30 103
30 107
30 45
31 99
31 38
31 103
31 107
31 112
31 50
31 54
31 62
32 99
32 103
32 107
32 112
32 54
32 62
33 112
33 54
33 99
33 38
33 45
34 107
34 99
34 103
34 45
34 50
34 54
35 120
35 117
35 118
35 106
35 109
35 116
36 56
36 59
36 55
36 46
36 47
36 48
37 56
37 59
37 55
37 46
37 47
37 48
38 107
38 99
38 103
38 45
38 112
38 50
38 54
38 62
39 98
39 83
39 42
40 49
40 98
40 83
40 94
40 67
41 98
41 83
41 94
41 64
41 67
42 98
42 49
42 83
42 94
43 120
43 117
43 118
43 106
43 109
43 116
44 120
44 117
44 118
44 106
44 116
45 99
45 103
45 112
45 62
46 63
47 63
48 63
49 98
49 94
49 64
50 62
50 103
51 68
51 69
51 73
51 78
51 88
52 76
52 88
53 65
53 66
53 89
53 61
54 62
54 99
54 103
55 63
56 63
57 104
57 97
57 108
57 79
57 80
57 113
57 114
57 115
57 111
57 86
58 73
58 88
59 63
60 65
60 66
60 89
60 91
60 61
61 89
61 70
62 112
62 99
62 103
62 107
64 98
64 83
64 94
65 89
65 91
65 70
66 89
66 91
66 70
70 89
70 91
71 102
71 96
71 77
71 93
72 90
72 93
72 110
73 88
74 105
74 110
74 90
75 92
77 96
77 93
77 110
79 113
79 114
79 111
79 97
80 113
80 111
80 97
84 110
84 90
84 93
85 96
85 93
85 105
85 110
86 113
86 115
86 119
86 114
86 108
86 111
86 100
86 97
93 102
93 105
97 113
97 114
97 115
97 111
97 119
99 112
100 113
100 114
103 112
104 113
104 111
106 117
106 118
106 120
107 112
108 113
108 119
109 118
111 113
111 115
