heur014_n_300_m_14191
1 262
2 262
4 294
5 259
5 260
5 13
7 293
8 25
8 185
8 189
8 120
8 113
9 25
9 185
9 120
9 113
11 98
11 138
11 220
11 221
11 160
11 157
12 96
12 103
12 180
12 224
12 202
12 114
12 110
12 282
12 285
14 296
15 98
15 138
15 220
15 221
15 160
15 157
17 260
18 96
18 103
18 184
18 180
18 202
18 114
18 110
18 282
18 285
19 88
19 82
19 112
19 231
19 223
19 107
19 100
19 67
19 36
19 40
19 74
19 248
19 57
19 252
19 61
20 68
20 76
20 105
20 140
20 46
20 48
20 183
21 88
21 82
21 179
21 107
21 67
21 36
21 40
21 74
21 248
21 57
21 252
21 61
22 133
23 269
25 185
25 120
25 113
26 133
27 52
27 54
30 199
30 145
30 151
30 284
30 287
31 200
31 199
31 136
31 145
31 164
31 151
31 284
31 287
32 54
33 120
33 113
36 248
36 100
36 231
36 179
36 223
37 68
37 76
37 193
37 105
37 140
37 183
39 235
39 237
39 195
39 198
39 186
39 279
39 263
39 175
40 248
40 57
40 252
40 100
40 231
40 107
40 82
40 179
40 223
42 269
42 271
45 235
45 237
45 195
45 198
46 193
46 183
46 105
46 140
46 68
47 129
47 131
47 201
47 300
47 93
47 127
48 193
48 183
48 105
48 140
49 81
49 91
50 239
50 153
50 161
50 227
50 273
50 178
50 274
50 222
51 241
53 129
53 131
53 201
53 300
53 188
53 93
53 127
55 144
55 141
55 291
55 256
55 172
55 214
55 217
55 218
55 253
56 163
56 156
57 74
57 67
57 248
57 252
57 231
57 107
57 112
57 179
57 223
58 169
58 165
59 148
59 150
59 216
59 258
59 192
59 97
59 139
59 207
59 111
59 143
59 116
59 94
60 210
60 149
60 134
61 248
61 100
61 231
61 112
61 82
61 88
61 223
62 169
62 165
63 153
63 161
63 273
63 274
63 222
64 81
65 81
65 91
66 194
66 196
66 281
66 278
67 248
67 252
67 100
67 107
67 82
67 88
68 193
68 105
68 140
68 183
69 144
69 141
69 247
69 289
69 256
69 171
69 172
69 215
69 217
69 218
69 253
70 281
70 278
71 278
71 281
72 278
72 194
72 196
73 101
73 146
73 147
74 248
74 100
74 231
74 107
74 82
74 88
74 223
75 281
76 193
76 105
76 140
76 183
77 128
77 101
77 295
77 147
78 281
78 278
78 194
78 196
79 95
79 293
80 163
80 156
82 179
82 231
82 223
82 107
82 248
82 252
83 95
86 117
87 204
87 205
87 167
87 142
87 244
87 187
88 112
88 179
88 231
88 223
88 107
88 100
88 248
88 252
90 117
93 131
93 127
93 129
93 298
93 132
93 300
93 201
93 188
94 192
94 207
94 118
94 258
94 216
95 299
95 293
96 184
96 180
96 224
96 202
96 110
96 282
96 285
97 192
97 207
97 139
97 143
97 116
97 148
97 150
98 220
98 221
98 160
98 157
99 204
99 205
99 170
99 174
99 142
99 244
99 121
99 187
100 231
100 179
100 223
100 248
101 295
101 191
101 146
102 148
102 216
102 192
102 207
102 111
103 184
103 180
103 224
103 114
105 193
105 183
107 231
107 112
107 179
107 223
107 248
107 252
108 116
108 192
108 207
108 258
108 148
108 216
110 224
110 202
110 180
110 184
110 282
110 285
111 139
111 192
111 216
112 248
112 252
113 185
113 189
114 224
114 202
114 180
114 184
114 282
114 285
115 125
115 182
115 162
115 159
116 139
116 143
116 192
116 148
116 150
116 216
118 139
118 143
118 207
118 258
118 148
118 150
118 216
119 125
119 182
119 162
119 159
120 185
120 189
121 173
121 174
121 236
121 167
121 170
121 204
121 205
122 137
122 275
122 283
122 254
122 255
124 137
124 275
124 283
124 254
124 255
127 298
127 300
127 188
128 146
128 147
129 298
129 201
129 188
130 254
130 255
131 298
131 300
131 201
131 188
132 298
132 201
134 241
134 210
134 245
136 200
136 199
136 287
137 275
137 254
137 255
138 220
138 221
138 160
138 157
139 192
139 207
139 258
139 216
140 193
140 183
141 246
141 247
141 256
141 171
141 172
141 214
141 215
141 217
141 218
142 173
142 174
142 244
142 168
142 167
142 170
142 187
142 204
142 205
143 192
143 207
143 258
143 216
144 246
144 247
144 256
144 171
144 172
144 214
144 217
144 218
144 253
145 164
145 200
145 199
146 295
146 191
147 295
147 191
148 216
148 258
148 192
149 206
149 241
149 210
149 245
150 216
150 258
150 192
150 207
151 164
151 200
151 199
152 286
152 249
152 243
153 240
153 239
153 227
153 273
153 178
153 274
153 181
153 222
155 265
155 261
157 220
157 221
158 208
158 288
158 212
159 182
160 221
161 240
161 239
161 227
161 273
161 178
161 181
161 222
162 182
164 199
164 284
164 287
166 208
166 297
166 288
166 212
167 236
167 244
167 187
167 204
167 205
168 187
168 205
170 236
170 173
170 244
170 204
170 205
171 256
171 253
171 217
171 214
171 215
171 291
172 256
172 253
172 217
172 218
172 214
172 215
172 289
172 291
172 246
172 247
173 244
173 187
173 204
173 205
174 236
174 187
174 204
174 205
178 273
178 274
178 227
178 222
178 239
178 240
179 223
179 248
179 252
180 224
180 282
180 285
181 273
181 274
184 282
184 285
187 204
188 300
192 258
192 216
194 281
194 278
195 235
195 279
195 263
196 281
196 278
197 229
197 230
198 279
198 263
199 284
199 287
200 284
200 287
201 298
201 300
202 282
202 285
203 264
203 229
204 236
205 236
205 244
207 258
207 216
208 288
210 241
210 245
212 288
212 297
214 256
214 217
214 253
214 289
214 291
214 246
214 247
215 289
215 291
217 256
217 253
217 289
217 291
217 246
217 247
218 253
218 289
218 291
218 247
222 273
222 274
223 248
223 252
224 282
224 285
225 264
227 273
227 274
228 257
228 267
229 264
230 264
231 248
231 252
232 257
232 267
234 270
235 279
235 263
237 279
237 263
238 266
238 270
239 273
239 274
240 273
240 274
243 290
243 276
243 286
243 280
243 277
246 289
246 291
247 289
247 291
249 290
249 276
249 286
249 280
249 277
253 289
253 291
254 283
254 275
255 283
255 275
256 289
256 291
