heur016_n_300_m_15456
1 258
1 261
1 121
1 125
1 109
1 134
2 105
2 50
2 98
2 266
3 230
3 239
3 56
3 97
3 94
3 55
5 200
5 205
5 258
5 261
5 121
5 125
5 109
5 134
6 144
6 241
6 255
6 135
6 250
6 53
6 54
6 246
7 105
7 50
7 96
7 98
7 266
7 244
8 221
8 231
8 40
8 35
9 230
9 239
9 56
9 97
9 94
9 55
10 144
10 241
10 255
10 135
10 250
10 53
10 246
11 172
11 173
11 228
11 36
11 37
11 104
11 110
11 217
12 185
12 198
12 208
12 89
12 189
12 95
12 132
12 123
12 139
12 118
13 42
13 107
13 119
14 61
15 142
15 84
15 226
15 227
15 212
15 215
15 248
15 253
16 172
16 173
16 228
16 36
16 37
16 104
16 110
16 217
17 49
17 42
17 107
17 119
18 221
18 231
18 40
18 35
19 89
19 189
19 95
19 132
19 123
19 139
19 118
20 232
20 219
20 34
22 232
22 219
22 32
22 34
23 150
23 142
23 84
23 85
23 226
23 227
23 212
23 215
23 248
23 253
24 161
24 174
24 235
29 161
29 174
29 235
31 264
31 274
32 232
32 219
33 264
33 274
34 232
34 219
35 221
35 231
36 217
36 228
36 104
36 110
36 172
36 173
37 217
37 228
37 104
37 110
38 192
38 193
38 126
39 192
39 193
41 234
41 229
41 120
41 117
41 288
41 294
42 107
44 224
44 222
46 224
46 222
47 234
47 229
47 120
47 117
47 288
47 294
48 62
48 290
48 285
49 107
49 119
50 96
50 98
50 244
51 256
51 259
51 196
51 207
51 69
52 256
52 259
52 196
52 69
53 250
53 246
53 79
53 144
53 241
53 255
54 250
54 246
54 135
54 79
54 144
54 241
54 255
55 94
55 230
55 239
56 97
56 94
56 239
57 249
57 243
57 260
57 263
57 267
57 280
58 249
58 243
58 260
58 263
58 267
59 186
62 290
64 296
65 296
68 186
69 256
69 259
69 196
69 207
70 92
70 93
70 202
70 204
70 115
70 149
70 122
71 92
71 202
71 115
71 122
72 256
72 259
73 241
73 255
73 135
73 250
73 246
74 275
74 235
75 190
76 290
77 190
78 179
78 176
78 166
79 241
79 255
79 135
79 250
79 246
80 275
80 235
81 190
82 190
83 168
83 146
84 142
84 150
84 226
84 227
84 212
84 215
84 248
84 253
85 142
85 226
85 227
85 212
85 215
85 248
85 253
87 168
87 146
89 185
89 189
89 208
89 198
89 132
89 123
89 139
89 118
91 194
91 191
91 113
91 116
92 202
92 204
92 115
92 149
92 153
92 122
93 202
93 115
93 147
93 153
93 122
94 230
94 239
95 189
95 208
95 198
95 132
95 123
95 139
95 118
96 105
96 266
96 244
97 230
97 239
98 105
98 266
98 244
101 112
101 114
102 112
102 114
103 163
103 195
103 199
103 273
103 252
103 254
104 217
104 228
104 172
104 173
105 244
108 270
108 209
108 180
109 261
109 200
109 205
110 217
111 262
111 265
111 209
111 180
113 194
113 140
113 191
115 152
115 153
115 149
115 202
115 204
116 194
116 140
116 191
117 234
117 229
117 294
118 198
118 208
118 185
118 189
120 294
121 200
122 152
122 149
122 202
122 204
123 198
123 208
123 185
123 189
125 258
125 200
125 205
126 193
128 184
128 183
128 216
128 218
128 203
128 197
129 154
129 159
129 300
129 293
130 192
130 193
131 183
131 216
131 203
131 197
132 198
132 208
132 185
132 189
133 154
133 159
133 177
133 188
133 300
133 293
134 258
134 200
134 205
135 241
136 237
136 247
136 164
136 175
136 160
136 151
138 164
138 175
139 198
139 208
139 189
140 194
143 278
143 271
143 298
144 241
144 255
144 250
144 246
148 199
148 252
148 254
149 202
150 227
150 212
150 215
150 248
150 253
154 177
154 300
154 293
155 260
155 263
155 243
155 249
156 242
156 236
159 300
159 293
161 286
161 235
161 276
161 282
162 260
162 249
163 195
163 199
163 273
163 279
163 252
163 254
164 247
165 195
165 273
165 279
165 252
165 254
169 245
169 289
170 272
171 245
171 289
171 214
171 287
172 228
173 228
174 291
174 286
174 235
174 276
174 282
175 237
175 247
177 293
178 213
180 268
180 270
182 213
182 281
183 216
184 216
187 272
188 300
188 293
195 273
195 252
195 254
196 256
197 216
197 218
199 273
199 252
199 254
200 258
200 261
203 216
203 218
205 258
205 261
206 272
206 281
207 256
207 259
209 262
209 268
209 270
210 289
210 245
211 289
211 245
212 253
213 272
214 289
214 287
214 251
220 289
220 287
220 245
220 251
226 253
229 288
229 294
234 288
234 294
235 282
235 275
235 286
236 283
236 284
242 284
243 280
245 289
245 287
246 255
249 260
249 263
249 267
249 280
251 289
251 287
252 273
252 279
254 279
260 280
263 280
265 270
275 286
282 286
