heur030_n_330_m_5613
1 164
1 85
1 86
1 144
1 146
1 149
1 150
2 107
2 257
2 259
2 263
2 248
2 57
2 122
3 107
3 257
3 259
3 263
3 248
3 57
3 122
4 164
4 85
4 86
4 144
4 146
4 149
4 150
5 164
5 85
5 86
5 144
5 146
5 149
5 150
6 179
6 220
6 181
6 182
7 179
7 220
7 181
7 182
8 264
8 233
8 267
8 270
8 88
8 89
9 264
9 233
9 267
9 270
9 88
9 89
10 179
10 220
10 181
10 182
11 80
11 164
11 85
11 86
11 144
11 146
11 149
11 150
12 240
12 241
12 242
12 244
12 118
12 87
12 121
12 124
12 304
12 300
12 302
12 303
13 51
13 52
13 53
13 183
13 184
13 185
13 186
13 94
14 51
14 52
14 53
14 183
14 184
14 185
14 186
14 94
15 51
15 52
15 53
15 183
15 184
15 185
15 186
15 94
16 51
16 52
16 53
16 183
16 184
16 185
16 186
16 94
17 264
17 233
17 267
17 270
17 47
17 48
17 88
17 89
18 179
18 220
18 181
18 182
19 264
19 233
19 267
19 270
19 47
19 48
19 88
19 89
20 297
20 260
20 261
20 262
20 229
20 225
20 228
20 189
21 297
21 260
21 261
21 262
21 229
21 225
21 228
21 189
22 296
22 299
22 309
22 295
22 212
22 211
22 252
22 251
23 177
23 180
23 133
23 219
23 221
23 222
23 223
24 297
24 260
24 261
24 262
24 229
24 225
24 228
24 189
25 280
25 281
25 284
25 321
25 208
25 209
25 250
25 247
26 280
26 281
26 284
26 321
26 208
26 209
26 250
26 247
27 177
27 180
27 133
27 219
27 221
27 222
27 223
28 179
28 220
28 181
28 182
29 177
29 180
29 133
29 219
29 221
29 222
29 223
30 179
30 220
30 181
30 182
31 177
31 180
31 133
31 219
31 221
31 222
31 223
32 298
32 166
32 207
32 256
32 258
32 314
32 315
32 316
32 317
32 254
32 255
33 298
33 166
33 207
33 256
33 258
33 314
33 315
33 316
33 317
33 254
33 255
34 128
34 129
34 168
34 305
34 306
34 307
34 308
34 126
35 179
35 220
35 181
35 182
36 298
36 166
36 207
36 256
36 258
36 314
36 315
36 316
36 317
36 254
36 255
37 298
37 166
37 207
37 256
37 258
37 314
37 315
37 316
37 317
37 254
37 255
38 178
38 138
38 139
38 176
38 320
38 322
38 318
38 319
39 179
39 220
39 181
39 182
40 128
40 129
40 168
40 305
40 306
40 307
40 308
40 126
41 128
41 129
41 168
41 305
41 306
41 307
41 308
41 126
42 178
42 138
42 139
42 176
42 320
42 322
42 318
42 319
43 178
43 138
43 139
43 176
43 320
43 322
43 318
43 319
44 178
44 138
44 139
44 176
44 320
44 322
44 318
44 319
45 96
45 98
45 99
45 95
45 312
45 313
45 310
45 311
46 128
46 129
46 168
46 305
46 306
46 307
46 308
46 126
47 264
47 233
47 267
47 270
48 264
48 233
48 267
48 270
49 96
49 98
49 99
49 95
49 312
49 313
49 310
49 311
50 96
50 98
50 99
50 95
50 312
50 313
50 310
50 311
51 184
51 185
51 186
51 183
52 184
52 185
52 186
52 183
53 184
53 185
53 186
53 183
54 193
54 196
54 197
54 199
54 224
54 226
54 227
54 213
54 216
54 187
54 253
55 193
55 196
55 197
55 199
55 224
55 226
55 227
55 213
55 216
55 187
55 253
56 106
56 109
56 112
56 145
56 147
56 148
56 151
56 188
57 81
57 82
57 78
57 122
57 248
57 257
57 259
57 263
57 65
57 68
57 69
57 107
58 169
58 170
58 172
58 167
58 162
58 198
58 202
58 120
58 154
58 156
58 158
58 159
59 296
59 299
59 309
59 295
59 212
59 211
59 252
59 251
60 296
60 299
60 309
60 295
60 212
60 211
60 252
60 251
61 297
61 260
61 261
61 262
61 229
61 225
61 228
61 189
62 280
62 281
62 284
62 321
62 208
62 209
62 250
62 247
63 296
63 299
63 309
63 295
63 212
63 211
63 252
63 251
64 249
64 291
64 245
64 246
64 288
64 294
64 292
64 286
65 257
65 259
65 263
65 78
65 81
65 82
65 248
65 122
66 329
66 325
66 326
66 327
66 114
66 115
66 116
67 249
67 291
67 245
67 246
67 288
67 294
67 292
67 286
68 257
68 259
68 263
68 78
68 81
68 82
68 248
68 122
69 257
69 259
69 263
69 78
69 81
69 82
69 248
69 122
70 83
70 119
70 203
70 204
70 205
70 243
71 83
71 119
71 203
71 204
71 205
71 243
72 83
72 119
72 203
72 204
72 205
72 243
73 273
73 274
73 277
73 279
74 249
74 291
74 245
74 246
74 288
74 294
74 292
74 286
75 273
75 274
75 277
75 279
76 203
76 204
76 205
76 243
77 273
77 274
77 277
77 279
78 248
78 257
78 259
78 263
78 107
79 96
79 98
79 99
79 95
79 312
79 313
79 310
79 311
80 144
80 146
80 149
80 150
81 248
81 257
81 259
81 263
81 107
82 248
82 257
82 259
82 263
82 107
83 203
83 204
83 205
83 243
84 203
84 204
84 205
84 243
85 144
85 146
85 149
85 150
86 144
86 146
86 149
86 150
87 240
87 241
87 242
87 244
87 304
87 300
87 302
87 303
88 264
88 233
88 267
88 270
89 264
89 233
89 267
89 270
90 165
90 235
90 236
90 237
90 206
90 239
90 210
90 127
91 165
91 235
91 236
91 237
91 206
91 239
91 210
91 127
92 165
92 235
92 236
92 237
92 206
92 239
92 210
92 127
93 265
93 266
93 268
93 269
93 289
93 290
93 323
93 324
93 293
93 328
93 330
93 301
93 272
94 184
94 185
94 186
94 183
95 312
95 313
95 310
95 311
96 312
96 313
96 310
96 311
97 193
97 196
97 197
97 199
97 224
97 226
97 227
97 213
97 216
97 187
97 253
98 312
98 313
98 310
98 311
99 312
99 313
99 310
99 311
100 169
100 170
100 172
100 167
100 162
100 198
100 202
100 120
100 154
100 156
100 158
100 159
101 329
101 325
101 326
101 327
101 114
101 115
101 116
101 111
102 280
102 281
102 284
102 321
102 208
102 209
102 250
102 247
103 329
103 325
103 326
103 327
103 114
103 115
103 116
103 111
104 175
104 171
104 173
104 135
104 160
104 161
104 214
104 215
104 217
104 218
104 123
104 157
105 175
105 171
105 173
105 135
105 160
105 161
105 214
105 215
105 217
105 218
105 123
105 157
106 112
106 137
106 131
106 134
107 257
107 259
107 263
107 248
107 122
108 249
108 291
108 245
108 246
108 288
108 294
108 292
108 286
109 145
109 137
109 131
109 134
110 175
110 171
110 173
110 135
110 160
110 161
110 214
110 215
110 217
110 218
110 123
110 157
111 325
111 326
111 327
111 329
111 142
112 145
112 147
112 148
112 137
112 131
112 134
113 273
113 274
113 277
113 279
114 325
114 326
114 327
114 329
114 142
115 325
115 326
115 327
115 329
115 142
116 325
116 326
116 327
116 329
116 142
117 203
117 204
117 205
117 243
118 240
118 241
118 242
118 244
118 304
118 300
118 302
118 303
119 204
119 205
119 243
120 198
120 167
120 169
120 170
120 140
120 141
120 172
121 240
121 241
121 242
121 244
121 304
121 300
121 302
121 303
122 248
122 257
122 259
122 263
123 217
123 218
123 214
123 215
123 135
123 171
123 173
123 175
123 143
124 240
124 241
124 242
124 244
124 304
124 300
124 302
124 303
125 256
125 258
125 314
125 315
125 316
125 317
125 254
125 255
126 305
126 306
126 307
126 308
127 235
127 236
127 237
127 239
128 305
128 306
128 307
128 308
129 305
129 306
129 307
129 308
130 265
130 266
130 268
130 269
130 289
130 290
130 323
130 324
130 293
130 328
130 330
130 301
130 272
131 145
131 147
131 148
131 151
131 188
132 265
132 266
132 268
132 269
132 289
132 290
132 323
132 324
132 293
132 328
132 330
132 301
132 272
133 219
133 221
133 222
133 223
134 145
134 147
134 148
134 151
134 188
135 143
135 160
135 161
135 214
135 215
135 217
135 218
135 157
136 193
136 196
136 197
136 199
136 224
136 226
136 227
136 213
136 216
136 187
136 253
137 145
137 147
137 148
137 151
137 188
138 320
138 322
138 318
138 319
139 320
139 322
139 318
139 319
140 169
140 170
140 172
140 167
140 162
140 198
140 202
140 154
140 156
140 158
140 159
141 169
141 170
141 172
141 167
141 162
141 198
141 202
141 154
141 156
141 158
141 159
142 329
142 325
142 326
142 327
143 175
143 171
143 173
143 160
143 161
143 214
143 215
143 217
143 218
143 157
144 164
145 151
146 164
149 164
150 164
152 200
152 201
152 163
152 238
152 282
152 283
152 285
152 287
153 200
153 201
153 163
153 238
153 282
153 283
153 285
153 287
154 162
154 159
154 167
154 169
154 170
154 172
155 230
155 231
155 232
155 271
155 275
155 276
155 278
156 162
156 167
156 169
156 170
156 172
157 217
157 218
157 214
157 215
157 171
157 173
157 175
158 167
158 169
158 170
158 172
159 167
159 169
159 170
159 172
160 217
160 218
160 214
160 215
160 171
160 173
160 175
161 217
161 218
161 214
161 215
161 171
161 173
161 175
162 167
162 169
162 170
162 172
163 190
163 191
163 282
163 283
163 285
163 287
165 235
165 236
165 237
165 239
166 256
166 258
166 314
166 315
166 316
166 317
166 254
166 255
167 198
167 202
168 305
168 306
168 307
168 308
169 198
169 202
170 198
170 202
171 214
171 215
171 217
171 218
172 198
172 202
173 218
174 265
174 266
174 268
174 269
174 289
174 290
174 323
174 324
174 293
174 328
174 330
174 301
174 272
176 320
176 322
176 318
176 319
177 222
177 223
178 320
178 322
178 318
178 319
187 216
187 253
187 213
187 193
187 196
187 197
187 199
189 260
189 261
189 262
189 297
190 200
190 201
190 238
190 282
190 283
190 285
190 287
191 200
191 201
191 238
191 282
191 283
191 285
191 287
192 278
193 224
193 226
193 227
193 213
193 216
193 253
194 230
194 271
195 230
195 231
195 232
195 271
195 275
196 224
196 226
196 227
196 213
196 216
196 253
197 224
197 226
197 227
197 213
197 216
197 253
199 224
199 226
199 227
199 213
199 216
199 253
200 287
201 287
206 235
206 236
206 237
206 239
207 256
207 316
207 317
207 254
207 255
208 321
208 281
208 280
208 284
209 321
209 281
209 280
209 284
210 235
210 236
210 237
210 239
211 295
211 296
211 299
211 309
212 295
212 296
212 299
212 309
213 224
213 226
213 227
216 224
216 226
216 227
224 253
225 260
225 261
225 262
225 297
226 253
227 253
228 260
228 261
228 262
228 297
229 260
229 261
229 262
229 297
230 276
230 278
231 278
232 278
238 285
238 287
240 304
240 300
240 302
240 303
241 304
241 300
241 302
241 303
242 304
242 300
242 302
242 303
244 304
244 300
244 302
244 303
245 294
245 292
246 294
246 292
247 321
247 281
247 280
247 284
249 294
250 321
250 281
250 280
250 284
251 295
251 296
251 299
251 309
252 295
252 296
252 299
252 309
254 314
254 315
254 316
254 317
255 314
255 315
255 316
255 317
256 314
256 315
256 316
256 317
258 314
258 315
258 316
258 317
265 289
265 290
265 323
265 324
265 293
265 328
265 330
265 301
265 272
266 289
266 290
266 323
266 324
266 293
266 328
266 330
266 301
266 272
268 289
268 290
268 323
268 324
268 293
268 328
268 330
268 301
269 289
269 290
269 323
269 324
269 293
269 328
269 330
269 301
272 290
272 323
272 324
272 293
272 328
272 330
272 301
289 328
289 323
290 330
293 330
293 323
293 324
298 316
298 317
301 328
301 323
301 324
