heur028_n_330_m_3253
1 193
1 274
1 191
1 231
1 236
1 237
1 275
1 276
1 223
2 78
2 125
3 193
3 274
3 191
3 231
3 236
3 237
3 275
3 276
3 223
4 224
4 183
4 184
4 185
4 187
4 289
4 323
4 259
4 260
4 324
4 295
4 325
4 326
4 298
4 327
5 78
5 125
6 78
6 125
7 261
7 294
7 296
7 297
7 305
8 75
8 76
8 78
8 125
9 193
9 274
9 191
9 231
9 236
9 237
9 275
9 276
9 223
10 75
10 76
10 78
10 84
10 125
11 261
11 294
11 296
11 297
11 305
12 32
12 27
12 28
12 29
12 30
12 162
12 212
12 213
12 214
12 215
12 120
12 121
12 122
12 123
12 216
13 32
13 27
13 28
13 29
13 30
13 162
13 212
13 213
13 214
13 215
13 120
13 121
13 122
13 123
13 216
14 32
14 27
14 28
14 29
14 30
14 162
14 212
14 213
14 214
14 215
14 120
14 121
14 122
14 123
14 216
15 32
15 27
15 28
15 29
15 30
15 162
15 212
15 213
15 214
15 215
15 120
15 121
15 122
15 123
15 216
16 134
16 64
16 67
16 69
16 70
16 103
16 72
16 74
16 144
16 60
16 63
17 134
17 64
17 67
17 69
17 70
17 103
17 72
17 74
17 144
17 60
17 63
18 261
18 294
18 296
18 297
18 305
19 291
19 292
19 293
19 328
19 329
19 54
19 55
19 56
19 57
20 134
20 103
20 72
20 74
20 144
20 60
21 134
21 103
21 72
21 74
21 144
21 60
22 291
22 292
22 293
22 328
22 329
22 54
22 55
22 56
22 57
23 134
23 103
23 72
23 74
23 144
23 60
23 63
24 291
24 292
24 293
24 328
24 329
24 54
24 55
24 56
24 57
25 291
25 292
25 293
25 328
25 329
25 54
25 55
25 56
25 57
26 291
26 292
26 293
26 328
26 329
26 54
26 55
26 56
26 57
27 50
27 162
27 212
27 213
27 214
27 215
27 120
27 121
27 122
27 123
27 216
28 50
28 162
28 212
28 213
28 214
28 215
28 120
28 121
28 122
28 123
28 216
29 50
29 162
29 212
29 213
29 214
29 215
29 120
29 121
29 122
29 123
29 216
30 50
30 162
30 212
30 213
30 214
30 215
30 120
30 121
30 122
30 123
30 216
31 78
31 125
32 50
32 162
32 212
32 213
32 214
32 215
32 120
32 121
32 122
32 123
32 216
33 166
33 207
33 112
33 113
33 248
33 155
34 166
34 207
34 112
34 113
34 248
34 155
35 125
36 166
36 207
36 112
36 113
36 248
36 155
37 125
38 125
39 125
40 166
40 73
40 207
40 112
40 113
40 248
40 155
41 140
41 141
41 116
41 118
41 182
42 140
42 141
42 116
42 118
42 182
43 166
43 73
43 207
43 112
43 113
43 248
43 155
44 140
44 141
44 116
44 118
44 182
45 193
45 274
45 191
45 231
45 236
45 237
45 275
45 276
45 223
46 261
46 294
46 296
46 297
46 305
47 193
47 274
47 191
47 231
47 236
47 237
47 275
47 276
47 223
48 321
48 322
48 281
48 282
48 319
48 192
48 150
48 151
48 189
48 190
49 261
49 294
49 296
49 297
49 305
50 162
50 212
50 213
50 214
50 215
50 120
50 121
50 122
50 123
50 216
51 100
51 101
51 142
51 58
51 59
51 307
51 312
51 315
51 317
51 318
52 100
52 101
52 142
52 58
52 59
52 307
52 312
52 315
52 317
52 318
53 100
53 101
53 142
53 58
53 59
53 307
53 312
53 315
53 317
53 318
54 291
54 292
54 293
54 328
54 329
55 291
55 292
55 293
55 328
55 329
56 291
56 292
56 293
56 328
56 329
57 291
57 292
57 293
57 328
57 329
58 91
58 92
58 307
58 312
58 315
58 317
58 318
59 91
59 92
59 307
59 312
59 315
59 317
59 318
60 67
60 69
60 70
60 72
60 74
60 134
61 228
61 229
61 230
61 267
61 270
61 242
61 243
61 244
61 245
61 284
62 299
62 300
62 301
62 302
62 304
62 128
62 129
62 130
62 169
62 170
62 171
62 210
62 211
62 127
63 69
63 70
63 72
63 74
63 134
64 69
64 70
64 72
64 74
64 134
65 228
65 229
65 230
65 267
65 270
65 242
65 243
65 244
65 245
65 284
66 228
66 229
66 230
66 267
66 270
66 242
66 243
66 244
66 245
66 284
67 103
67 144
67 134
68 228
68 229
68 230
68 267
68 270
68 242
68 243
68 244
68 245
68 284
69 103
69 144
69 134
70 103
70 144
70 134
71 248
71 166
71 207
72 103
72 144
72 134
73 248
73 166
73 207
74 103
74 144
74 134
77 140
77 141
77 182
79 140
79 141
79 182
80 140
80 141
80 182
81 140
81 141
81 182
82 320
82 174
82 175
82 176
82 177
82 238
82 240
82 179
82 278
82 279
83 140
83 141
83 182
85 320
85 174
85 175
85 176
85 177
85 238
85 240
85 179
85 278
85 279
86 320
86 174
86 175
86 176
86 177
86 238
86 240
86 179
86 278
86 279
87 321
87 322
87 281
87 282
87 319
87 192
87 150
87 151
87 189
87 190
88 321
88 322
88 281
88 282
88 319
88 192
88 150
88 151
88 189
88 190
89 321
89 322
89 281
89 282
89 319
89 192
89 150
89 151
89 189
89 190
90 96
90 136
90 137
90 138
90 178
90 194
90 195
90 196
90 197
90 198
91 100
91 101
91 142
91 307
91 312
91 315
91 317
91 318
92 100
92 101
92 142
92 307
92 312
92 315
92 317
92 318
93 232
93 233
93 234
93 273
93 277
93 161
93 199
93 200
93 241
93 159
94 232
94 233
94 234
94 273
94 277
94 161
94 199
94 200
94 241
94 159
95 232
95 233
95 234
95 273
95 277
95 161
95 199
95 200
95 241
95 159
96 132
96 133
96 172
96 173
96 194
96 195
96 196
96 197
96 198
97 232
97 233
97 234
97 273
97 277
97 161
97 199
97 200
97 241
97 159
98 102
98 104
98 105
98 106
98 143
98 167
98 168
98 206
98 208
98 209
99 102
99 104
99 105
99 106
99 143
99 167
99 168
99 206
99 208
99 209
100 307
100 312
100 315
100 317
100 318
101 307
101 312
101 315
101 317
101 318
102 139
102 180
102 181
102 167
102 168
102 206
102 208
102 209
103 134
104 139
104 180
104 181
104 167
104 168
104 206
104 208
104 209
105 139
105 180
105 181
105 167
105 168
105 206
105 208
105 209
106 139
106 180
106 181
106 167
106 168
106 206
106 208
106 209
107 201
107 202
107 203
107 204
107 205
107 160
107 225
107 226
107 163
107 164
107 165
107 265
107 268
107 186
107 158
108 256
108 258
108 330
108 303
108 306
108 311
108 314
108 253
108 254
108 255
109 201
109 202
109 203
109 204
109 205
109 160
109 225
109 226
109 163
109 164
109 165
109 265
109 268
109 186
109 158
110 228
110 229
110 230
110 267
110 270
110 242
110 243
110 244
110 245
110 284
111 201
111 202
111 203
111 204
111 205
111 160
111 225
111 226
111 163
111 164
111 165
111 265
111 268
111 186
111 158
112 248
112 166
112 207
113 248
113 166
113 207
114 119
114 227
114 266
114 269
114 271
114 272
115 235
115 152
115 153
115 227
115 266
115 269
115 271
115 272
116 140
116 141
116 182
117 235
117 152
117 153
117 154
117 227
117 266
117 269
117 271
117 272
118 140
118 141
118 182
119 235
119 152
119 153
119 154
119 227
119 266
119 269
119 271
119 272
120 212
120 213
120 214
120 215
120 216
121 212
121 213
121 214
121 215
121 216
122 212
122 213
122 214
122 215
122 216
123 212
123 213
123 214
123 215
123 216
124 320
124 174
124 175
124 176
124 177
124 238
124 240
124 179
124 278
124 279
126 320
126 174
126 175
126 176
126 177
126 238
126 240
126 179
126 278
126 279
127 129
127 170
127 130
127 299
127 300
127 301
127 302
127 304
128 171
128 210
128 211
128 299
128 300
128 301
128 302
128 304
129 210
129 299
129 300
129 301
129 302
129 304
130 169
130 210
130 211
130 299
130 300
130 301
130 302
130 304
131 321
131 322
131 281
131 282
131 319
131 192
131 150
131 151
131 189
131 190
132 136
132 137
132 138
132 178
132 194
132 195
132 196
132 197
132 198
133 136
133 137
133 138
133 178
133 194
133 195
133 196
133 197
133 198
134 144
135 232
135 233
135 234
135 273
135 277
135 161
135 199
135 200
135 241
135 159
136 172
136 173
136 194
136 195
136 196
136 197
136 198
137 172
137 173
137 194
137 195
137 196
137 197
137 198
138 172
138 173
138 194
138 195
138 196
138 197
138 198
139 143
139 167
139 168
139 206
139 208
139 209
142 307
142 312
142 315
142 317
142 318
143 180
143 181
143 167
143 168
143 206
143 208
143 209
145 256
145 258
145 330
145 303
145 306
145 311
145 314
145 253
145 254
145 255
146 256
146 258
146 330
146 303
146 306
146 311
146 314
146 253
146 254
146 255
147 201
147 202
147 203
147 204
147 205
147 160
147 225
147 226
147 163
147 164
147 165
147 265
147 268
147 158
148 256
148 258
148 330
148 303
148 306
148 311
148 314
148 253
148 254
148 255
149 201
149 202
149 203
149 204
149 205
149 160
149 225
149 226
149 163
149 164
149 165
149 265
149 268
149 186
149 158
150 321
150 322
150 281
150 282
150 319
151 321
151 322
151 281
151 282
151 319
152 156
152 157
152 227
152 266
152 269
152 271
152 272
153 156
153 157
153 227
153 266
153 269
153 271
153 272
154 227
154 266
154 269
154 271
154 272
155 248
155 166
155 207
156 235
156 227
156 266
156 269
156 271
156 272
157 235
157 227
157 266
157 269
157 271
157 272
158 225
158 226
158 265
158 268
158 186
158 202
158 203
158 204
158 205
159 232
159 233
159 234
159 273
159 277
160 225
160 226
160 265
160 268
160 186
160 204
160 205
161 232
161 233
161 234
161 273
161 277
162 212
162 213
162 214
162 215
162 216
163 225
163 226
163 265
163 268
163 186
163 201
163 202
163 205
164 225
164 226
164 265
164 268
164 186
164 201
164 202
165 225
165 226
165 265
165 268
165 186
165 201
165 202
165 203
167 180
167 181
168 180
168 181
169 170
169 299
169 300
169 301
169 302
169 304
170 210
170 299
170 300
170 301
170 302
170 304
171 299
171 300
171 301
171 302
171 304
172 178
172 194
172 195
172 196
172 197
172 198
173 178
173 194
173 195
173 196
173 197
173 198
174 320
174 238
174 240
174 278
174 279
175 320
175 238
175 240
175 278
175 279
176 320
176 238
176 240
176 278
176 279
177 320
177 238
177 240
177 278
177 279
178 194
178 195
178 196
178 197
178 198
179 320
179 238
179 240
179 278
179 279
180 206
180 208
180 209
181 206
181 208
181 209
183 289
183 323
183 259
183 260
183 324
183 295
183 325
183 326
183 298
183 327
184 289
184 323
184 259
184 260
184 324
184 295
184 325
184 326
184 298
184 327
185 289
185 323
185 259
185 260
185 324
185 295
185 325
185 326
185 298
185 327
186 201
186 202
186 203
186 204
186 205
187 289
187 323
187 259
187 260
187 324
187 295
187 325
187 326
187 298
187 327
188 256
188 258
188 330
188 303
188 306
188 311
188 314
188 253
188 254
188 255
189 321
189 322
189 281
189 282
189 319
190 321
190 322
190 281
190 282
190 319
191 236
191 237
191 275
191 276
191 223
192 321
192 322
192 281
192 282
192 319
193 237
193 276
193 223
199 232
199 233
199 234
199 273
199 277
200 232
200 233
200 234
200 273
200 277
201 225
201 226
201 265
201 268
202 225
202 226
202 265
202 268
203 225
203 226
203 265
203 268
204 225
204 226
204 265
204 268
205 225
205 226
205 265
205 268
210 299
210 300
210 301
210 302
210 304
211 299
211 300
211 301
211 302
211 304
217 262
217 263
217 264
217 222
217 246
217 247
217 250
217 251
217 252
218 262
218 263
218 264
218 222
218 246
218 247
218 250
218 251
218 252
219 257
219 262
219 263
219 264
219 222
219 246
219 247
219 250
219 251
219 252
220 257
220 264
220 246
220 247
220 250
220 251
220 252
221 257
221 246
221 247
221 250
221 251
221 252
222 246
222 247
222 250
222 251
222 252
223 231
223 236
223 237
223 275
223 276
223 274
224 289
224 323
224 259
224 260
224 324
224 295
224 325
224 326
224 298
224 327
227 235
228 242
228 243
228 244
228 245
228 284
229 242
229 243
229 244
229 245
229 284
230 242
230 243
230 244
230 245
230 284
232 241
233 241
234 241
235 266
235 269
235 271
235 272
236 274
237 274
239 288
239 290
239 249
239 285
239 286
239 287
239 308
239 309
239 310
239 313
239 316
241 273
241 277
242 267
242 270
243 267
243 270
244 267
244 270
245 267
245 270
246 257
246 262
246 263
246 264
247 257
247 262
247 263
247 264
249 285
249 280
249 283
249 308
249 309
249 310
249 313
249 316
250 257
250 262
250 263
250 264
251 257
251 262
251 263
251 264
252 257
252 262
252 263
252 264
253 330
253 303
253 306
253 311
253 314
254 330
254 303
254 306
254 311
254 314
255 330
255 303
255 306
255 311
255 314
256 330
256 303
256 306
256 311
256 314
258 330
258 306
258 311
258 314
259 323
259 324
259 325
259 326
259 327
260 323
260 324
260 325
260 326
260 327
267 284
270 284
280 288
280 290
280 285
280 286
280 287
280 308
280 309
280 310
280 313
280 316
283 288
283 290
283 287
283 308
283 309
283 310
283 313
283 316
285 308
285 309
285 310
285 313
285 316
286 308
286 309
286 310
286 313
286 316
287 308
287 309
287 310
287 313
287 316
288 308
288 309
288 310
288 313
288 316
289 323
289 324
289 325
289 326
289 327
290 308
290 309
290 310
290 313
290 316
295 323
295 324
295 325
295 326
295 327
298 323
298 324
298 325
298 326
298 327
