heur027_n_330_m_2256
3 161
4 49
6 304
7 158
9 116
9 319
15 88
15 288
19 147
19 103
20 200
20 201
20 241
20 55
23 179
24 189
26 267
28 322
31 237
32 161
33 265
34 208
34 202
34 59
35 310
36 215
37 68
40 160
41 135
43 58
45 60
45 167
53 129
53 137
55 200
55 201
55 241
58 74
59 202
59 208
60 167
62 150
62 143
63 198
64 325
64 164
64 95
75 176
75 282
77 262
78 293
82 303
83 154
85 153
85 173
86 297
86 186
86 330
86 313
88 288
90 178
93 307
94 291
95 164
95 325
97 206
97 251
101 244
101 290
105 111
110 311
110 214
114 301
115 260
116 319
120 308
121 281
127 211
129 137
130 181
134 246
136 239
139 184
139 317
143 150
146 216
146 261
146 318
149 233
153 173
157 234
159 271
164 325
165 193
165 250
165 188
170 236
170 224
172 295
176 282
177 274
180 294
184 317
186 297
186 330
186 313
188 250
188 193
193 250
194 321
194 247
202 208
206 251
214 311
216 261
216 318
220 323
224 236
229 240
229 258
232 287
235 272
240 258
244 290
247 321
253 285
253 278
255 264
261 318
278 285
297 313
320 329
