heur015_n_300_m_15035
1 156
8 70
9 115
9 249
10 146
10 262
12 80
14 204
17 121
19 247
20 300
21 166
22 283
23 161
23 164
24 72
24 248
31 152
32 254
33 166
36 126
36 196
36 122
38 101
40 233
40 282
41 299
46 124
47 280
48 263
55 144
55 180
56 134
57 193
61 125
67 255
72 248
73 167
76 233
76 282
76 128
77 238
78 234
82 251
83 98
85 208
85 245
88 204
97 173
100 165
102 196
106 217
106 249
111 261
115 249
116 260
117 199
118 271
122 196
127 197
128 233
128 282
129 148
130 148
134 200
144 180
146 262
147 195
151 205
151 231
151 209
153 172
163 251
168 296
169 201
179 211
182 299
186 274
192 281
192 219
210 241
213 266
213 294
217 249
219 281
228 285
233 282
235 284
244 290
