heur049_n_300_m_17695
1 257
1 252
1 253
1 254
1 255
1 293
1 299
2 96
2 97
2 99
2 104
2 95
2 98
2 112
2 124
2 115
2 116
2 121
2 92
2 94
3 257
3 252
3 253
3 254
3 255
3 293
3 299
4 96
4 97
4 99
4 104
4 95
4 98
4 124
4 115
4 116
4 92
4 93
4 94
5 257
5 252
5 253
5 254
5 255
5 298
5 299
6 257
6 252
6 253
6 254
6 255
6 298
6 299
7 96
7 98
7 112
7 124
7 116
7 121
7 92
7 94
8 96
8 98
8 112
8 124
8 121
8 92
9 96
9 97
9 95
9 98
9 112
9 116
9 121
9 91
9 92
9 93
9 94
10 130
10 133
10 136
10 148
11 130
11 131
11 133
11 136
11 148
12 50
12 84
12 52
12 55
13 18
13 50
13 52
13 53
13 55
13 57
14 130
14 131
14 133
14 136
14 148
15 133
15 136
15 148
16 50
16 52
16 53
16 55
16 57
16 31
17 50
17 84
18 50
18 52
18 53
18 55
18 31
19 130
19 131
19 133
19 136
19 148
20 50
20 52
20 53
20 55
20 31
21 50
21 52
21 53
21 55
21 57
21 31
22 50
22 84
22 52
22 53
22 55
22 57
23 130
23 131
23 133
23 136
23 148
24 130
24 131
24 133
24 136
25 130
25 133
25 136
25 148
26 130
26 131
26 133
26 136
26 148
27 130
27 131
27 133
27 136
27 148
28 274
28 275
28 276
28 278
28 285
28 159
29 179
29 180
29 182
29 184
29 185
29 234
29 236
29 237
29 268
29 239
29 270
29 271
29 242
29 272
29 273
30 179
30 180
30 182
30 184
30 185
30 234
30 236
30 237
30 268
30 239
30 270
30 271
30 242
30 272
30 273
31 84
32 172
32 173
32 174
32 181
32 183
32 153
32 154
32 156
33 179
33 180
33 182
33 184
33 185
33 234
33 236
33 237
33 268
33 239
33 270
33 271
33 242
33 272
33 273
34 172
34 173
34 174
34 181
34 183
34 161
34 153
35 179
35 180
35 182
35 184
35 185
35 234
35 236
35 237
35 268
35 239
35 270
35 271
35 242
35 273
36 224
36 214
36 216
36 217
36 218
36 100
36 101
36 102
36 103
36 105
37 224
37 214
37 216
37 217
37 218
37 100
37 101
37 102
37 103
38 172
38 173
38 174
38 181
38 183
38 161
38 152
38 153
38 154
39 172
39 173
39 174
39 181
39 183
39 161
39 152
39 153
39 154
40 224
40 216
40 218
40 100
40 101
40 105
41 224
41 214
41 216
41 217
41 218
41 100
41 101
41 102
41 103
41 105
42 179
42 180
42 182
42 184
42 185
42 234
42 236
42 237
42 268
42 239
42 270
42 271
42 242
42 273
43 172
43 173
43 174
43 181
43 183
43 161
43 152
43 153
43 154
44 224
44 214
44 218
44 100
44 101
44 105
45 75
45 149
46 81
46 146
46 149
47 81
47 145
47 146
47 149
47 150
47 158
48 81
48 145
48 158
49 145
49 149
49 158
50 84
51 226
51 166
51 175
51 176
51 177
51 178
51 220
51 221
51 222
51 223
52 84
53 84
54 226
54 166
54 175
54 176
54 177
54 178
54 220
54 221
54 222
54 223
55 84
56 226
56 166
56 175
56 176
56 177
56 178
56 220
56 221
56 222
57 84
58 226
58 175
58 176
58 177
58 178
58 220
58 221
58 222
58 223
59 205
59 206
59 208
59 209
59 212
59 225
59 227
59 230
59 231
59 238
60 205
60 206
60 208
60 209
60 212
60 225
60 227
60 230
60 231
60 238
61 226
61 166
61 175
61 176
61 177
61 178
61 220
61 221
61 223
62 291
62 244
62 248
62 251
62 163
62 164
62 165
62 117
62 119
63 291
63 297
63 244
63 248
63 251
63 163
63 164
63 165
63 117
63 119
64 144
64 147
64 262
64 263
64 264
64 265
64 267
65 262
65 263
65 264
65 265
65 267
66 262
66 263
66 264
66 265
66 267
67 291
67 297
67 244
67 248
67 251
67 163
67 164
67 165
67 117
67 119
68 291
68 297
68 244
68 248
68 251
68 163
68 164
68 165
68 119
69 262
69 263
69 264
69 265
69 267
70 262
70 263
70 264
70 265
70 267
71 291
71 297
71 244
71 248
71 251
71 163
71 164
71 165
71 119
72 145
73 145
73 146
73 149
74 145
74 149
74 150
74 158
75 145
75 146
75 149
75 150
75 158
76 129
76 125
76 126
77 205
77 206
77 208
77 212
77 225
77 227
77 230
77 231
77 238
78 205
78 206
78 208
78 209
78 212
78 225
78 227
78 230
78 231
78 238
79 134
79 135
79 125
79 258
79 259
79 261
79 266
80 129
80 134
80 125
80 126
80 258
80 259
80 261
80 266
80 269
81 145
81 146
81 149
81 150
82 129
82 125
82 126
82 258
82 259
82 266
82 269
83 205
83 206
83 208
83 212
83 225
83 227
83 230
83 231
83 238
85 292
85 296
85 300
85 279
85 281
85 288
85 284
85 286
85 287
86 292
86 296
86 300
86 279
86 281
86 288
86 290
86 284
86 286
86 287
87 129
87 134
87 135
87 125
87 126
87 269
88 296
88 300
88 279
88 281
88 290
88 284
88 286
88 287
89 292
89 296
89 279
89 281
89 284
89 287
90 292
90 296
90 300
90 279
90 281
90 284
90 287
91 121
91 124
92 115
92 121
92 124
93 115
93 121
93 124
94 115
94 121
94 124
95 112
95 124
95 121
96 124
96 121
97 124
97 121
98 121
98 124
99 121
100 224
100 217
100 218
101 224
101 214
101 216
101 218
102 224
102 216
102 217
102 218
103 214
103 216
103 218
104 124
104 121
105 224
105 217
105 218
106 258
106 261
106 266
106 269
106 129
106 135
106 125
106 126
107 258
107 259
107 261
107 266
107 269
107 129
107 134
107 135
107 125
107 126
108 128
108 123
108 127
108 256
108 289
108 235
108 241
108 277
108 246
108 280
108 282
109 128
109 123
109 127
109 256
109 241
109 243
109 277
109 246
109 280
109 282
109 283
110 258
110 261
110 266
110 269
110 129
110 134
110 135
110 125
110 126
111 123
111 127
111 289
111 235
111 241
111 243
111 277
111 280
111 282
111 283
113 261
113 266
113 134
113 135
113 125
113 126
114 258
114 259
114 261
114 269
117 297
117 244
118 122
118 123
118 127
118 256
118 289
118 235
118 241
118 243
118 277
118 246
118 280
118 282
118 283
119 297
120 128
120 123
120 127
120 256
120 241
120 243
120 277
120 246
120 280
120 282
120 283
122 256
122 289
122 241
122 243
122 277
122 246
122 280
122 282
123 289
123 235
123 241
123 243
123 277
123 246
123 280
123 282
123 283
125 258
125 259
125 261
125 266
126 258
126 259
126 261
126 266
127 289
127 235
127 241
127 243
127 277
127 280
127 282
127 283
128 256
128 289
128 235
128 241
128 243
128 277
128 246
128 280
128 282
129 258
129 259
129 261
129 266
132 256
132 289
132 235
132 241
132 243
132 277
132 246
132 280
132 282
134 258
134 259
134 261
134 266
135 258
135 259
135 261
135 266
137 210
137 213
137 215
137 219
137 167
137 168
137 169
137 171
138 210
138 213
138 215
138 219
138 167
138 168
138 169
138 170
138 171
139 210
139 211
139 213
139 215
139 219
139 167
139 168
139 169
139 170
139 171
140 210
140 213
140 215
140 219
140 167
140 168
140 169
140 170
140 171
141 262
141 263
141 264
141 265
141 267
142 262
142 263
142 264
142 265
142 267
143 210
143 211
143 213
143 215
143 219
143 167
143 168
143 169
143 170
143 171
144 262
144 263
144 264
144 265
144 267
147 262
147 263
147 264
147 265
147 267
151 262
151 263
151 264
151 265
151 267
152 172
152 173
152 181
153 172
153 173
153 181
153 183
154 172
154 173
154 174
154 181
154 183
155 274
155 275
155 278
155 285
156 172
156 173
156 174
156 181
156 183
157 274
157 275
157 285
159 274
159 275
159 276
159 278
159 285
160 274
160 285
161 172
161 173
161 174
161 181
161 183
162 274
162 276
162 278
162 285
163 291
163 297
164 291
164 297
165 291
165 297
171 211
176 222
177 222
180 234
180 237
180 239
180 270
180 271
180 242
194 240
198 207
200 260
209 230
240 247
252 293
252 294
252 295
252 298
253 293
253 294
253 295
253 298
253 299
254 293
254 294
254 295
254 298
255 293
255 294
255 295
255 299
257 293
257 298
281 290
284 292
284 296
284 300
286 292
286 296
286 300
287 292
287 296
287 300
288 292
288 296
288 300
290 292
290 296
290 300
