heur029_n_330_m_4329
1 267
1 269
1 123
1 124
1 325
1 326
2 96
2 55
2 104
2 281
2 282
2 101
3 96
3 55
3 104
3 281
3 282
3 101
4 64
4 248
4 207
4 256
4 294
5 64
5 248
5 207
5 256
5 294
6 267
6 269
6 123
6 124
6 325
6 326
7 90
7 92
8 90
8 92
9 152
9 201
9 154
9 242
9 87
12 240
12 285
13 163
13 93
13 94
13 165
14 163
14 93
14 94
14 165
16 240
16 285
17 117
17 159
18 152
18 201
18 154
18 242
18 87
19 324
19 327
19 52
19 53
20 324
20 327
20 52
20 53
21 117
21 159
22 185
22 183
22 296
22 255
22 224
22 226
22 262
22 263
22 114
22 115
22 118
22 156
23 248
23 207
23 256
23 294
25 253
25 205
25 126
25 192
25 230
25 143
25 146
25 246
25 311
25 313
25 286
26 260
26 261
26 264
26 265
26 304
26 307
26 177
26 138
26 180
26 135
27 185
27 183
27 296
27 255
27 224
27 226
27 262
27 263
27 114
27 115
27 118
27 156
28 112
28 116
29 81
29 128
29 127
29 113
29 151
30 253
30 205
30 126
30 192
30 230
30 143
30 146
30 246
30 311
30 313
30 286
31 272
31 274
33 112
33 116
34 260
34 261
34 264
34 265
34 304
34 307
34 177
34 138
34 180
34 135
35 100
35 175
35 284
35 214
35 283
35 60
36 58
36 59
36 160
36 119
36 290
36 291
36 198
36 200
36 85
36 120
36 121
37 128
37 127
37 113
37 151
38 58
38 59
38 160
38 119
38 290
38 291
38 198
38 200
38 85
38 120
38 121
39 272
39 274
40 161
40 225
40 266
40 203
40 210
40 250
41 122
41 164
41 56
41 97
41 147
41 148
45 164
45 56
45 97
45 147
45 148
47 234
47 275
47 105
47 103
48 234
48 275
48 105
48 103
49 98
49 95
49 84
49 79
50 98
50 95
50 84
50 79
51 212
51 173
52 327
52 324
53 327
53 324
54 212
54 173
55 104
55 281
55 282
55 101
56 122
56 164
56 147
56 148
57 193
57 277
57 190
57 279
57 297
57 295
58 160
58 119
58 290
58 291
58 198
58 200
58 83
58 85
58 120
58 121
59 160
59 119
59 290
59 291
59 198
59 200
59 83
59 85
59 120
59 121
60 283
60 284
60 214
60 175
60 74
61 125
61 166
62 288
62 287
62 129
62 170
62 244
62 202
63 73
63 155
63 268
63 229
64 248
64 207
64 256
64 294
65 73
65 155
65 268
65 229
67 125
67 166
70 161
70 225
70 266
70 203
70 210
70 250
73 268
73 229
74 100
74 175
74 284
74 214
74 283
75 130
75 131
76 128
76 127
76 151
77 176
77 218
77 153
77 191
78 176
78 218
78 153
78 191
79 98
79 95
80 130
80 131
81 128
81 127
81 113
81 151
82 320
82 322
83 290
83 291
83 200
83 198
83 160
83 119
84 98
84 95
85 120
85 291
85 290
85 200
85 198
85 160
85 119
86 320
86 322
87 201
87 242
87 152
87 154
88 133
88 134
89 133
89 134
93 163
93 165
94 163
94 165
96 104
96 281
96 282
96 101
97 122
97 164
97 147
97 148
99 136
99 174
99 169
99 211
100 283
100 284
100 214
100 175
101 281
101 282
102 110
103 234
103 275
104 281
104 282
105 234
105 275
106 142
108 162
108 158
109 228
109 270
109 194
109 196
110 142
111 162
111 158
113 128
113 127
114 224
114 226
114 262
114 263
114 296
114 183
114 185
114 255
115 224
115 226
115 262
115 263
115 296
115 183
115 185
115 255
118 224
118 226
118 262
118 263
118 296
118 183
118 185
118 255
119 290
119 291
119 198
120 290
120 291
120 198
121 291
121 290
121 200
121 198
122 147
122 148
123 267
123 269
123 325
123 326
124 267
124 269
124 325
124 326
126 253
126 192
126 230
126 143
126 146
126 246
126 311
126 313
126 286
127 151
128 151
129 202
129 244
129 288
129 287
135 180
135 260
135 261
135 264
135 265
135 304
135 307
136 140
136 169
136 211
137 171
137 172
138 260
138 261
138 264
138 265
138 304
138 307
139 171
139 172
140 174
140 169
140 211
143 313
143 311
143 246
143 286
143 192
143 230
143 205
143 253
145 232
146 313
146 311
146 246
146 286
146 192
146 205
146 253
147 164
148 164
150 228
150 270
150 194
150 196
152 201
152 242
153 176
153 218
154 201
154 242
155 268
155 229
156 224
156 226
156 262
156 263
156 296
156 183
156 185
156 255
160 290
160 291
161 225
161 266
161 210
161 250
169 174
170 202
170 244
170 288
170 287
174 211
175 283
175 284
176 191
177 260
177 261
177 264
177 265
177 304
177 307
178 292
178 293
178 280
178 278
179 312
179 251
179 252
179 308
179 258
179 259
180 260
180 261
180 264
180 265
180 304
180 307
182 305
182 315
183 296
183 255
183 262
183 263
184 232
184 189
185 296
185 255
185 262
185 263
186 232
187 232
190 277
190 279
190 297
190 295
191 218
192 205
192 253
192 246
192 311
192 313
192 286
193 277
193 279
193 297
193 295
194 228
194 270
196 228
196 270
198 290
198 291
200 290
200 291
202 288
202 287
203 225
203 266
203 210
203 250
205 253
205 230
205 311
205 313
205 286
207 256
207 294
210 266
210 225
213 314
213 317
213 257
214 283
214 284
215 314
215 317
216 292
216 293
216 280
216 278
217 252
217 308
217 312
217 251
217 222
219 252
219 308
219 312
219 251
220 312
220 251
220 252
220 308
222 312
222 251
222 252
222 308
222 258
222 259
224 262
224 263
224 296
224 255
225 250
226 262
226 263
226 296
226 255
230 253
230 246
230 311
230 313
230 286
231 321
231 323
233 321
233 323
235 249
235 247
236 249
236 247
246 313
246 311
246 253
248 256
250 266
251 312
251 308
251 258
251 259
252 312
252 308
252 258
252 259
253 311
253 313
253 286
254 314
254 317
255 262
255 263
257 314
257 317
258 308
258 312
259 308
259 312
260 265
260 307
261 265
261 307
263 296
265 304
267 325
267 326
269 325
269 326
271 289
277 297
277 295
278 292
278 293
279 297
279 295
280 292
280 293
286 313
286 311
289 309
302 318
302 319
302 328
302 329
310 318
310 319
310 328
310 329
318 328
318 329
319 328
319 329
