heur008_n_250_m_1045
1 189
1 225
1 236
1 239
1 218
1 219
1 220
1 222
1 223
2 67
2 76
2 32
2 36
2 37
2 42
2 30
2 31
3 10
3 116
3 66
3 69
3 72
3 75
3 45
3 55
3 57
3 62
4 10
4 116
4 66
4 69
4 72
4 75
4 45
4 55
4 57
4 62
5 233
5 129
5 138
5 139
5 142
5 147
5 148
6 168
6 169
6 170
6 171
6 173
6 175
6 177
6 132
6 102
6 109
6 117
6 120
6 122
6 125
7 43
7 44
7 47
7 48
7 49
7 50
7 238
7 230
7 194
7 196
7 199
7 181
7 184
7 186
8 233
8 129
8 138
8 139
8 142
8 147
8 148
9 233
9 129
9 138
9 139
9 142
9 147
9 148
10 12
10 13
10 14
10 116
10 66
10 69
10 72
10 75
10 45
10 55
10 57
10 62
11 189
11 225
11 236
11 239
11 218
11 219
11 220
11 222
11 223
12 116
12 66
12 69
12 72
12 75
12 45
12 55
12 57
12 62
13 116
13 66
13 69
13 72
13 75
13 45
13 55
13 57
13 62
14 116
14 66
14 69
14 72
14 75
14 45
14 55
14 57
14 62
15 233
15 129
15 138
15 139
15 142
15 147
15 148
16 189
16 225
16 236
16 239
16 218
16 219
16 220
16 222
16 223
17 233
17 129
17 138
17 139
17 142
17 147
17 148
18 189
18 225
18 236
18 239
18 218
18 219
18 220
18 222
18 223
19 189
19 225
19 236
19 239
19 218
19 219
19 220
19 222
19 223
20 233
20 129
20 138
20 139
20 142
20 147
20 148
21 189
21 225
21 236
21 239
21 218
21 219
21 220
21 222
21 223
22 67
22 76
22 32
22 36
22 37
22 42
22 30
22 31
23 25
23 79
23 81
23 82
23 83
23 85
23 94
23 144
23 145
23 235
23 108
24 67
24 76
24 32
24 36
24 37
24 42
24 30
24 31
25 79
25 81
25 82
25 83
25 85
25 94
25 144
25 145
25 235
25 108
26 39
26 77
26 78
26 207
26 80
26 84
26 86
26 246
26 95
27 178
27 198
27 200
27 176
27 180
27 185
27 191
27 41
27 35
27 28
27 46
28 198
28 200
28 176
28 178
28 180
28 185
28 191
29 39
29 77
29 78
29 207
29 80
29 84
29 86
29 246
29 95
30 67
30 76
31 67
31 76
32 67
32 76
33 39
33 77
33 78
33 207
33 80
33 84
33 86
33 246
33 95
34 39
34 77
34 78
34 207
34 80
34 84
34 86
34 246
34 95
35 198
35 200
35 176
35 178
35 180
35 185
35 191
36 67
36 76
37 67
37 76
38 39
38 77
38 78
38 207
38 80
38 84
38 86
38 246
38 95
39 207
39 77
39 78
39 80
39 84
39 86
39 246
39 95
41 198
41 200
41 176
41 178
41 180
41 185
41 191
42 67
42 76
43 238
43 230
43 194
43 196
43 199
43 181
43 184
43 186
44 238
44 230
44 194
44 196
44 199
44 181
44 184
44 186
45 66
45 69
45 72
45 75
45 55
45 62
45 57
45 116
46 198
46 200
46 176
46 178
46 180
46 185
46 191
47 238
47 230
47 194
47 196
47 199
47 181
47 184
47 186
48 238
48 230
48 194
48 196
48 199
48 181
48 184
48 186
49 238
49 230
49 194
49 196
49 199
49 181
49 184
49 186
50 238
50 230
50 194
50 196
50 199
50 181
50 184
50 186
51 107
51 113
51 114
51 121
51 124
52 241
52 244
52 224
52 70
52 135
52 208
52 213
52 214
52 217
52 58
52 221
53 107
53 113
53 114
53 121
53 124
54 107
54 113
54 114
54 121
54 124
55 57
55 116
56 241
56 244
56 224
56 70
56 135
56 208
56 213
56 214
56 217
56 58
56 221
57 66
57 69
57 116
58 224
58 208
58 213
58 214
58 217
58 221
58 135
58 65
58 241
58 244
59 107
59 113
59 114
59 121
59 124
60 192
60 179
60 182
60 197
60 237
60 242
60 243
60 247
60 249
60 250
61 107
61 113
61 114
61 121
61 124
62 116
63 192
63 179
63 182
63 197
63 237
63 242
63 243
63 247
63 249
63 250
64 107
64 113
64 114
64 121
64 124
65 241
65 244
65 224
65 70
65 135
65 208
65 213
65 214
65 217
65 221
66 116
67 76
68 192
68 179
68 182
68 197
68 237
68 242
68 243
68 247
68 249
68 250
69 116
70 224
70 208
70 213
70 214
70 217
70 221
70 135
70 241
70 244
71 192
71 179
71 182
71 197
71 237
71 242
71 243
71 247
71 249
71 250
72 116
73 192
73 179
73 182
73 197
73 237
73 242
73 243
73 247
73 249
73 250
74 192
74 179
74 182
74 197
74 237
74 242
74 243
74 247
74 249
74 250
75 116
77 246
77 207
78 246
78 207
79 144
79 145
79 235
79 108
80 246
80 207
81 144
81 145
81 235
81 108
82 144
82 145
82 235
82 108
83 144
83 145
83 235
83 108
84 246
84 207
85 144
85 145
85 235
85 108
86 246
86 207
87 202
87 203
87 204
87 205
87 210
87 212
88 160
88 164
88 137
88 140
88 143
88 146
88 150
88 190
89 202
89 203
89 204
89 205
89 210
89 212
90 160
90 164
90 137
90 140
90 143
90 146
90 150
90 190
91 160
91 164
91 137
91 140
91 143
91 146
91 150
91 190
92 160
92 164
92 137
92 140
92 143
92 146
92 150
92 190
93 202
93 203
93 204
93 205
93 210
93 212
94 144
94 145
94 235
94 108
95 246
95 207
96 202
96 203
96 204
96 205
96 210
96 212
97 202
97 203
97 204
97 205
97 210
97 212
98 202
98 203
98 204
98 205
98 210
98 212
99 160
99 164
99 137
99 140
99 143
99 146
99 150
99 190
100 160
100 164
100 137
100 140
100 143
100 146
100 150
100 190
101 163
101 165
101 172
101 174
101 155
102 132
102 168
102 169
102 170
102 171
102 173
102 175
102 177
103 163
103 165
103 172
103 174
103 155
104 130
104 131
104 134
104 149
104 127
105 163
105 165
105 172
105 174
105 155
106 163
106 165
106 172
106 174
106 155
108 144
108 145
108 235
109 132
109 168
109 169
109 170
109 171
109 173
109 175
109 177
110 163
110 165
110 172
110 174
110 155
111 130
111 131
111 134
111 149
111 127
112 130
112 131
112 134
112 149
112 127
115 130
115 131
115 134
115 149
115 127
117 132
117 168
117 169
117 170
117 171
117 173
117 175
117 177
118 130
118 131
118 134
118 149
118 127
119 130
119 131
119 134
119 149
119 127
120 132
120 168
120 169
120 170
120 171
120 173
120 175
120 177
122 132
122 168
122 169
122 170
122 171
122 173
122 175
122 177
123 163
123 165
123 172
123 174
123 155
125 132
125 168
125 169
125 170
125 171
125 173
125 175
125 177
126 226
126 228
126 229
126 201
126 206
126 209
126 211
126 245
126 215
126 216
128 226
128 228
128 229
128 201
128 206
128 209
128 211
128 245
128 215
128 216
129 233
132 168
132 169
132 170
132 171
132 173
132 175
132 177
133 226
133 228
133 229
133 201
133 206
133 209
133 211
133 245
133 215
133 216
135 224
135 208
135 213
135 214
135 217
135 221
135 241
135 244
136 226
136 228
136 229
136 201
136 206
136 209
136 211
136 245
136 215
136 216
137 146
137 160
137 164
137 190
138 233
139 233
140 146
140 160
140 164
140 190
141 226
141 228
141 229
141 201
141 206
141 209
141 211
141 245
141 215
141 216
142 233
143 146
143 160
143 164
143 190
144 145
144 235
145 235
146 150
146 160
146 164
146 190
147 233
148 233
150 160
150 164
150 190
152 162
152 167
152 159
153 167
153 159
154 158
156 167
157 166
160 190
164 190
168 177
169 177
170 177
171 177
173 177
175 177
176 178
178 198
178 200
178 180
178 185
178 191
179 197
179 237
179 242
179 243
179 247
179 249
179 250
181 230
181 238
182 197
182 237
182 242
182 243
182 247
182 249
182 250
183 193
183 227
183 231
183 232
183 234
183 240
183 248
184 230
184 238
186 230
186 238
187 193
187 227
187 231
187 232
187 234
187 240
187 248
188 193
188 227
188 231
188 232
188 234
188 240
188 248
189 225
189 236
189 239
189 218
189 219
189 220
189 222
189 223
192 197
192 237
192 242
192 243
192 247
192 249
192 250
193 195
193 227
193 231
193 232
193 234
193 240
193 248
194 230
194 238
195 227
195 231
195 232
195 234
195 240
195 248
196 230
196 238
197 237
197 242
197 243
197 247
197 249
197 250
199 230
199 238
201 245
201 226
201 228
201 229
206 245
206 226
206 228
206 229
207 246
208 241
208 244
209 245
209 226
209 228
209 229
211 245
211 226
211 228
211 229
213 241
213 244
214 241
214 244
215 245
215 226
215 228
215 229
216 245
216 226
216 228
216 229
217 241
217 244
218 236
218 239
219 236
219 239
220 236
220 239
221 241
221 244
222 236
222 239
223 236
223 239
224 241
224 244
225 236
225 239
230 238
241 244
