heur032_n_330_m_9770
1 143
3 262
6 51
9 253
10 263
11 161
11 145
12 303
15 215
18 184
23 53
24 268
24 139
27 302
30 297
31 129
31 211
34 214
34 90
36 100
37 330
38 250
39 327
40 290
46 154
47 271
52 278
54 89
54 254
54 223
54 144
55 83
56 213
59 185
59 201
59 317
67 128
68 95
69 306
71 323
76 164
76 177
76 284
76 300
78 283
79 192
80 90
80 214
81 272
82 244
85 288
89 254
89 223
89 144
90 214
93 282
94 160
96 324
101 325
104 176
105 306
106 198
109 276
109 316
110 176
114 218
115 165
125 277
127 216
132 138
132 305
138 305
139 268
142 210
144 254
145 161
148 286
149 248
153 312
157 326
159 260
164 177
164 284
164 300
167 173
167 267
167 229
171 183
173 267
173 229
175 289
177 284
177 300
178 189
182 261
185 201
185 317
186 237
188 235
195 308
201 317
207 245
209 265
212 318
217 289
223 254
227 247
232 287
284 300
299 320
