heur020_n_320_m_5905
8 253
10 114
18 297
18 67
18 299
21 258
23 219
23 294
24 105
24 292
24 285
27 192
27 269
28 243
30 211
31 300
34 115
34 202
34 95
36 108
36 222
37 93
38 130
39 315
42 219
42 294
45 111
49 218
49 174
49 62
51 201
55 313
56 317
58 116
58 70
58 79
62 218
62 174
67 297
67 299
68 282
70 79
70 116
72 187
75 82
76 311
77 113
79 116
80 170
86 158
86 198
87 128
91 276
92 228
95 202
95 115
102 181
103 210
105 292
105 285
108 222
115 202
118 147
118 140
119 209
119 236
122 266
124 178
124 307
125 272
127 185
127 171
128 164
129 166
132 273
132 179
134 231
136 282
137 250
137 304
137 188
140 147
140 224
142 162
146 273
146 179
147 224
149 320
149 290
149 230
156 165
158 198
160 226
161 275
161 316
163 200
171 185
172 223
174 218
175 189
178 307
179 273
188 304
192 269
194 216
194 229
199 296
208 251
209 236
216 229
219 294
225 264
230 290
230 320
241 260
245 246
250 304
261 270
261 295
262 264
264 265
270 295
275 316
283 315
285 292
297 299
