heur024_n_329_m_27115
1 243
1 246
3 283
3 289
4 243
4 246
5 64
5 68
6 157
6 10
6 122
7 17
7 201
7 181
7 135
8 138
8 261
9 311
9 264
10 217
10 13
10 276
10 310
10 151
10 214
10 313
10 157
10 255
11 153
11 146
12 290
12 269
12 260
12 263
12 88
12 177
12 133
12 174
13 313
13 310
13 255
13 157
13 151
13 217
13 214
13 122
14 283
14 289
14 123
14 163
15 237
17 201
17 147
17 135
18 311
18 264
19 126
19 167
20 126
20 167
21 132
21 129
21 305
22 245
22 237
23 126
23 167
26 73
26 75
27 132
27 56
27 129
27 197
27 145
27 179
27 305
29 251
29 258
30 126
30 167
32 208
33 138
33 261
33 154
33 191
35 268
35 262
35 288
35 321
35 99
35 295
35 329
35 94
37 138
37 261
39 199
39 111
39 109
39 110
42 328
42 324
44 213
45 81
45 92
47 132
47 129
47 145
47 305
48 132
48 145
48 305
49 66
49 328
49 324
50 195
50 187
51 328
52 160
52 156
52 184
52 159
54 132
54 305
55 156
55 159
56 132
56 145
56 305
59 161
60 189
60 230
62 249
62 202
63 189
63 230
64 79
65 161
65 194
65 257
65 254
66 328
66 324
68 79
76 112
76 108
77 228
77 158
78 132
78 145
78 305
80 281
80 267
80 322
80 195
80 303
80 314
80 187
80 316
84 228
85 96
85 95
87 211
87 222
91 274
91 114
91 216
93 211
93 222
94 329
94 176
94 175
95 224
95 291
95 294
95 273
95 277
95 220
95 282
95 287
95 148
96 224
96 291
96 294
96 273
96 277
96 220
96 282
96 287
96 148
97 274
97 114
97 216
99 176
99 175
101 161
102 232
102 124
103 216
103 274
104 207
105 161
105 257
105 254
109 199
110 199
113 305
113 132
115 256
115 312
115 121
115 127
116 252
116 318
118 211
118 222
119 252
119 318
120 211
120 222
121 275
121 312
122 217
122 276
122 310
122 151
122 214
122 313
122 157
122 255
123 283
123 163
124 206
124 297
124 279
126 323
126 200
126 209
126 308
127 275
127 312
128 248
128 244
129 132
129 197
129 145
129 179
129 305
132 197
132 304
132 145
132 179
132 305
133 177
133 174
133 290
133 260
133 263
133 269
135 201
136 188
136 249
136 203
138 154
138 191
139 188
141 278
143 233
143 227
145 304
145 305
145 179
145 197
147 201
148 224
148 291
148 287
148 294
148 277
148 282
148 220
150 233
150 227
152 278
154 261
155 228
156 160
156 184
157 276
157 214
158 228
159 160
159 184
161 240
161 239
161 257
161 254
162 274
163 289
163 182
163 283
165 285
167 323
167 200
167 209
167 308
169 231
173 236
173 259
175 288
175 321
175 262
175 295
175 329
175 268
176 288
176 321
176 262
176 295
176 329
176 268
179 305
180 299
182 289
187 314
187 303
187 322
187 316
187 281
187 267
188 249
188 202
188 203
188 238
189 306
189 301
191 261
195 314
195 303
195 322
195 316
195 281
195 267
196 299
196 270
197 305
206 232
206 279
210 252
210 318
212 251
216 266
216 271
219 252
219 318
224 294
225 248
225 244
230 306
230 301
231 259
232 297
232 279
251 258
256 275
264 311
266 274
275 312
280 311
283 289
287 294
