heur037_n_347_m_31752
1 76
1 175
2 67
2 175
2 172
5 203
5 219
6 244
6 193
6 227
6 203
6 219
7 218
8 321
8 276
8 309
9 276
9 309
10 321
10 276
10 309
11 145
11 267
12 266
12 267
13 321
13 276
13 309
14 267
15 145
15 155
15 132
15 134
15 264
15 265
15 266
15 267
16 231
16 332
16 301
16 310
16 123
16 317
16 263
16 138
16 250
16 252
17 152
18 148
18 212
18 236
18 237
19 152
19 159
19 216
20 148
20 212
20 236
20 237
21 216
22 231
22 332
22 123
22 263
22 138
23 148
23 212
23 240
24 46
24 109
25 242
25 244
25 261
25 193
25 194
25 227
25 203
25 218
25 220
25 190
26 40
26 46
26 109
27 148
27 212
28 231
28 332
28 301
28 123
28 317
28 260
28 263
28 138
28 250
28 252
29 66
29 52
29 54
29 63
29 325
29 182
29 188
30 259
30 196
30 233
30 180
30 151
30 154
31 259
31 196
31 233
31 180
31 154
32 50
32 119
32 197
32 198
32 108
32 109
32 191
33 224
33 221
33 295
34 290
34 295
35 119
36 259
36 196
36 233
36 180
36 118
36 151
36 154
36 124
39 259
39 196
39 233
39 180
39 151
39 154
40 50
40 119
40 197
40 198
40 191
41 320
41 107
41 334
41 307
42 66
44 107
44 334
45 153
46 50
46 119
46 197
46 198
46 199
46 108
46 109
46 110
46 113
46 191
47 152
47 216
48 231
48 332
48 310
48 123
48 317
48 263
48 138
48 250
48 252
49 338
50 109
51 339
51 343
51 345
51 82
51 146
51 147
51 140
51 142
52 84
53 320
53 97
53 107
53 334
53 303
54 322
55 224
55 225
55 221
55 223
55 304
55 290
55 302
55 295
56 164
56 288
56 289
56 292
56 287
56 121
56 120
56 251
57 102
57 98
57 86
57 281
57 282
57 278
58 248
58 324
58 87
58 94
59 171
59 163
60 312
60 313
60 315
60 326
60 166
60 328
60 139
60 338
60 340
60 149
60 153
61 248
61 324
61 88
61 94
62 136
63 84
63 327
64 65
64 96
65 81
65 75
65 111
65 130
65 115
65 116
65 96
65 71
65 200
65 201
65 207
65 215
65 90
65 93
66 84
67 160
67 175
68 136
68 103
69 136
69 114
69 103
69 165
70 129
70 131
70 248
70 324
70 209
70 87
70 88
70 94
71 200
71 201
71 215
71 207
71 75
71 111
71 81
72 204
72 175
72 172
72 167
73 176
73 181
73 184
73 297
73 305
75 96
75 93
76 202
76 204
76 206
76 175
76 172
77 160
77 172
78 164
78 292
78 121
78 238
78 117
78 120
78 249
78 251
78 127
79 181
80 320
80 334
80 178
81 130
81 115
81 116
81 90
81 93
82 192
82 268
82 339
82 211
82 342
82 343
82 345
82 254
83 320
83 307
83 334
83 303
83 178
84 322
84 327
84 182
84 188
85 248
85 324
85 126
86 89
87 248
87 209
87 210
87 324
87 131
87 122
87 126
88 248
88 209
88 210
88 324
88 129
88 131
88 122
88 144
88 126
89 102
89 98
89 282
89 278
90 130
90 111
91 239
92 239
93 200
93 201
93 215
93 207
93 128
93 111
93 115
93 116
94 248
94 209
94 210
94 324
94 129
94 131
94 122
94 144
94 126
96 111
97 320
97 307
97 334
97 178
99 176
99 181
99 184
99 297
99 305
101 319
101 333
101 291
101 293
103 171
105 319
105 333
105 311
105 291
105 293
105 279
106 213
106 214
106 239
107 178
108 119
109 199
109 197
109 198
109 191
109 119
110 119
111 128
111 130
111 115
111 116
111 200
111 207
111 215
112 319
112 333
112 291
112 293
113 119
114 171
117 251
117 238
117 289
117 164
117 177
118 259
118 233
118 154
118 180
118 196
119 197
119 198
119 199
119 191
120 251
120 245
120 288
120 289
120 164
120 177
120 150
120 287
121 249
121 251
121 245
121 288
121 289
121 164
121 292
121 177
121 150
121 287
122 126
122 248
122 324
123 317
123 332
123 301
123 310
123 260
123 263
123 138
123 250
123 252
124 259
124 233
124 180
124 196
125 222
126 144
126 129
126 131
126 248
126 324
126 209
126 210
127 249
127 251
127 245
127 164
127 292
127 177
127 150
127 287
129 248
129 324
131 248
131 324
131 209
132 267
133 319
133 333
133 318
133 291
133 293
133 279
135 212
135 240
136 171
136 162
136 165
137 259
137 154
137 180
138 250
138 252
138 260
138 263
138 231
138 332
138 301
138 310
138 317
139 338
140 192
140 268
140 339
140 211
140 342
140 343
140 345
140 254
141 216
141 222
142 192
142 268
142 339
142 211
142 342
142 343
142 345
142 254
143 212
143 240
144 248
144 324
144 209
145 264
145 265
145 266
145 267
146 192
146 268
146 339
146 211
146 342
146 343
146 345
146 254
147 192
147 268
147 339
147 211
147 342
147 343
147 345
147 254
148 212
148 240
148 243
148 236
148 237
150 164
150 288
150 289
150 292
150 287
150 238
150 245
150 249
150 251
151 259
151 233
151 154
151 180
151 196
152 228
154 259
155 267
156 256
156 271
156 255
157 212
157 236
157 237
158 346
158 256
158 271
158 255
161 255
164 177
164 288
164 289
164 292
164 287
164 238
164 245
164 249
164 251
167 202
167 204
168 256
168 271
169 336
169 316
170 336
170 316
172 202
172 205
172 206
173 270
174 336
174 275
175 202
175 205
175 206
177 288
177 289
177 292
177 287
177 238
177 245
177 249
177 251
178 320
178 334
178 303
178 307
180 259
181 297
181 305
185 322
186 230
186 272
186 241
186 274
186 277
186 247
186 280
187 322
189 230
189 241
189 274
189 277
189 280
190 219
192 339
192 343
193 218
193 219
194 219
195 230
195 280
196 259
203 218
203 219
203 227
203 261
203 244
211 345
211 339
211 343
212 240
212 243
212 236
212 237
213 330
214 337
218 242
218 253
219 261
219 242
219 244
223 290
223 302
223 295
226 300
229 296
229 285
229 300
230 272
231 317
231 332
231 301
231 310
231 260
231 263
231 250
231 252
233 259
234 300
235 296
235 285
238 288
238 289
238 287
239 330
245 292
246 321
246 309
249 289
249 292
251 288
251 289
251 292
251 287
252 332
252 310
254 345
254 339
254 343
255 347
256 341
256 344
256 346
258 321
258 309
260 332
262 321
262 309
262 294
263 332
263 301
263 310
268 345
268 339
268 342
268 343
269 336
270 336
271 341
271 344
271 346
273 336
275 336
275 316
275 314
276 321
276 298
276 309
276 294
283 333
283 319
291 311
291 318
293 311
293 318
312 338
313 338
315 338
326 338
