heur019_n_300_m_28765
1 259
1 240
1 241
1 242
1 246
1 247
2 240
2 241
4 242
5 241
9 259
9 239
9 240
9 241
9 242
9 246
9 247
14 259
14 241
14 243
14 246
29 256
29 258
29 248
29 251
29 255
30 258
31 257
31 258
31 245
31 248
31 249
31 254
32 258
33 245
33 251
34 245
34 248
37 245
37 249
37 251
38 256
38 258
38 245
38 248
39 256
39 257
39 258
39 245
39 248
39 249
39 251
39 254
70 271
70 274
70 275
70 276
70 278
70 279
71 271
71 272
71 273
71 274
71 275
71 276
71 278
71 279
71 280
72 271
72 274
72 275
72 276
72 277
72 278
72 279
74 271
74 274
74 277
74 278
74 280
75 272
75 273
75 276
75 277
75 278
76 273
76 277
76 278
76 279
78 277
79 274
79 277
79 278
80 194
80 195
80 196
80 198
80 188
80 189
80 191
81 192
81 194
81 195
81 196
81 197
81 198
81 188
81 189
81 190
81 191
82 271
82 274
82 277
82 278
82 280
83 194
83 195
83 196
83 197
83 198
83 188
83 189
83 190
83 191
84 192
84 194
84 195
84 196
84 197
84 198
84 188
84 189
84 190
84 191
85 194
85 195
85 196
85 198
85 188
86 194
86 195
86 196
86 198
86 188
86 190
86 191
87 194
87 196
87 198
87 188
87 190
87 191
88 192
88 194
88 195
88 196
88 198
88 188
88 189
88 190
88 191
89 194
89 195
89 196
89 198
89 188
89 190
89 191
90 263
90 266
91 262
91 263
91 266
91 268
91 269
91 270
92 262
92 263
92 264
92 265
92 266
92 268
92 269
92 270
93 263
94 262
94 263
94 264
94 265
94 266
94 268
94 269
95 261
95 262
95 267
95 270
96 264
96 265
97 194
97 196
97 198
97 188
97 189
97 190
97 191
98 266
98 270
99 261
99 263
99 266
99 268
99 269
100 229
100 231
100 232
100 233
100 238
101 231
101 233
101 234
101 236
101 238
101 252
102 238
102 252
103 234
104 231
104 232
104 233
104 236
104 237
104 252
105 262
105 263
105 266
105 269
106 233
106 234
106 236
106 238
110 229
110 231
110 232
110 233
110 234
110 237
110 238
110 244
110 252
139 210
139 211
139 214
139 216
139 217
140 207
140 209
140 210
140 211
140 212
140 213
140 214
140 216
140 217
140 218
141 210
141 211
141 212
141 213
141 214
141 216
141 217
142 209
142 210
142 211
142 213
142 214
142 216
142 217
143 209
143 210
143 212
143 213
143 214
143 216
143 218
144 207
144 210
144 211
144 212
144 216
144 217
144 218
146 210
146 211
146 212
146 213
146 216
146 218
148 210
148 211
148 216
148 217
149 209
149 210
149 211
149 212
149 213
149 214
149 216
150 170
150 171
150 172
150 173
150 175
150 177
150 178
151 171
151 172
151 173
151 177
151 178
152 171
152 175
152 176
152 178
153 210
153 211
153 212
153 213
153 214
153 216
153 217
158 290
158 291
158 292
158 294
158 295
158 296
158 297
158 298
158 299
158 300
159 290
159 291
159 292
159 294
159 295
159 296
159 297
159 298
159 299
159 300
160 290
160 291
160 292
160 294
160 295
160 296
160 297
160 298
160 299
160 300
161 290
161 291
161 292
161 294
161 295
161 296
161 297
161 298
161 299
161 300
162 290
162 291
162 292
162 294
162 295
162 296
162 297
162 298
162 299
162 300
163 290
163 291
163 292
163 294
163 295
163 296
163 297
163 298
163 299
163 300
164 290
164 291
164 292
164 294
164 295
164 296
164 297
164 298
164 299
164 300
165 290
165 291
165 292
165 294
165 295
165 296
165 297
165 298
165 299
165 300
166 290
166 291
166 292
166 294
166 295
166 296
166 297
166 298
166 299
166 300
167 170
168 290
168 291
168 292
168 294
168 295
168 296
168 297
168 298
168 299
168 300
169 221
169 223
170 221
170 223
171 221
171 223
172 221
172 223
173 221
173 223
174 221
174 223
175 221
175 223
176 221
176 223
177 221
177 223
178 221
178 223
181 200
181 201
181 206
181 208
193 199
