heur006_n_180_m_6067
1 128
1 129
1 133
1 136
1 142
1 145
1 127
2 128
2 129
2 133
2 136
2 142
2 145
2 127
3 141
3 143
3 149
3 150
3 151
4 141
4 143
4 147
4 149
4 150
4 151
4 155
5 96
5 98
5 99
5 95
6 128
6 129
6 142
6 145
6 127
7 96
7 98
7 99
7 94
7 95
8 128
8 129
8 133
8 136
8 142
8 145
8 127
9 161
9 148
9 152
9 154
9 156
10 96
10 99
10 101
10 94
10 95
11 97
11 98
11 99
11 101
11 95
12 171
12 148
12 152
12 154
12 156
13 161
13 148
13 152
13 154
13 156
14 141
14 143
14 147
14 149
14 150
14 155
15 96
15 97
15 98
15 101
15 95
16 161
16 148
16 152
16 154
16 156
17 161
17 148
17 152
17 154
17 156
18 97
18 98
18 99
18 101
19 128
19 129
19 133
19 136
19 142
19 145
19 127
20 96
20 98
20 101
20 94
20 95
21 161
21 148
21 152
21 154
21 156
22 141
22 143
22 147
22 149
22 150
22 151
22 155
23 160
23 162
23 168
23 169
23 157
23 158
23 159
24 161
24 152
24 153
24 154
24 156
25 160
25 162
25 168
25 169
25 157
25 158
25 159
26 160
26 162
26 169
26 158
26 159
27 160
27 162
27 168
27 169
27 157
27 158
27 159
28 141
28 143
28 147
28 149
28 150
28 155
29 160
29 162
29 169
29 158
29 159
30 41
30 44
30 77
30 53
32 44
32 77
32 53
33 160
33 162
33 169
33 157
33 158
33 159
34 40
34 44
34 77
34 53
36 77
37 40
37 44
37 77
37 53
38 40
38 41
38 44
38 77
38 53
42 128
42 129
42 133
42 136
42 142
42 145
42 127
43 160
43 162
43 168
43 169
43 158
43 159
45 141
45 149
45 150
45 151
45 155
47 79
48 79
49 79
52 79
54 173
55 75
55 144
55 86
56 173
60 75
60 144
60 86
62 75
62 144
62 86
63 75
63 144
63 86
64 76
65 100
65 76
65 78
67 100
67 76
67 78
72 173
74 76
74 78
75 100
76 144
76 86
80 163
80 170
81 164
81 165
81 166
81 170
82 163
82 165
82 166
82 167
82 170
83 163
83 165
83 170
84 167
84 174
85 130
85 131
85 134
85 135
85 137
85 146
85 180
86 100
87 163
87 165
87 166
87 170
88 130
88 131
88 135
88 137
88 146
88 180
89 130
89 131
89 135
89 137
89 180
90 137
91 131
91 137
92 131
92 135
92 137
92 146
93 131
93 135
93 137
93 146
100 144
102 125
103 113
103 121
103 125
106 125
108 124
109 132
109 138
109 139
109 140
110 132
110 138
110 139
110 140
110 120
110 123
111 132
111 138
111 139
111 140
112 132
112 138
112 139
112 140
113 124
114 124
116 124
117 132
117 138
117 139
117 140
117 120
118 132
118 138
118 139
118 140
118 120
121 124
122 132
122 138
122 139
122 140
126 164
126 174
