heur018_n_300_m_25919
1 160
1 232
2 200
2 255
4 264
11 149
18 175
20 123
20 197
20 139
22 289
28 241
31 143
32 290
32 294
32 162
34 243
38 257
39 160
39 232
43 155
45 156
47 284
50 295
61 200
65 165
66 251
66 278
67 151
69 160
69 232
71 284
72 175
73 235
75 139
75 197
75 123
80 156
81 165
82 188
82 223
82 245
82 259
82 173
84 255
84 200
85 120
85 216
85 275
85 230
85 238
90 134
92 164
96 187
96 195
99 159
101 139
101 197
101 123
103 161
104 241
105 214
105 137
105 253
106 129
108 234
111 163
116 274
136 271
