heur021_n_320_m_13507
1 315
1 309
1 270
1 175
2 230
2 54
2 16
3 246
3 165
3 291
3 100
4 65
4 53
4 56
5 53
5 71
5 65
5 56
6 10
6 140
7 93
7 209
7 113
7 41
8 167
8 311
8 316
8 55
9 10
9 25
10 140
10 25
10 98
11 72
11 149
11 128
12 290
12 158
12 253
13 59
13 245
13 275
13 191
14 302
14 40
14 156
14 119
15 216
15 317
15 204
16 84
16 230
16 54
17 312
17 226
17 174
17 148
18 138
18 238
18 267
18 169
19 78
19 247
19 215
19 91
19 189
20 255
20 228
20 142
20 224
21 147
21 127
21 254
21 126
21 131
22 74
22 120
22 284
22 168
23 160
23 207
23 285
24 70
24 172
24 86
25 140
26 249
26 229
26 240
26 308
27 290
27 158
27 253
28 77
28 296
29 241
29 30
29 210
29 61
29 69
30 241
30 210
30 69
31 37
31 115
31 139
31 157
32 294
32 33
32 193
32 75
32 121
33 294
33 193
33 121
34 73
34 243
34 182
34 101
35 219
35 292
35 258
35 185
35 239
36 234
36 184
37 176
37 157
37 115
37 139
38 133
38 212
38 60
38 114
39 47
39 97
39 92
40 302
40 119
40 76
41 113
41 209
41 117
41 93
42 70
42 86
42 172
43 298
43 214
43 279
43 236
43 220
44 281
44 318
44 225
45 210
46 307
46 306
46 273
47 51
48 288
48 314
48 194
48 134
48 111
49 235
49 105
49 87
49 67
50 58
50 263
50 62
50 319
51 232
51 97
51 92
51 262
52 278
52 223
52 264
52 116
53 65
54 230
54 188
54 84
55 316
55 311
55 299
56 65
56 71
57 104
57 200
57 195
57 180
57 102
58 136
58 319
58 263
58 62
59 275
59 245
59 196
59 191
60 277
60 133
60 114
60 212
61 241
61 210
61 69
62 319
63 88
63 197
63 261
64 250
64 81
64 251
64 202
64 82
65 71
66 208
66 300
66 80
66 159
66 143
67 105
68 172
68 70
69 241
69 210
70 86
72 128
72 146
73 101
73 227
73 182
74 132
74 284
74 168
74 120
75 294
75 121
75 193
76 302
76 156
76 119
77 296
77 269
78 189
78 247
79 106
79 203
79 155
80 208
80 143
80 159
80 300
81 202
81 82
81 250
81 251
82 250
83 286
84 230
85 295
85 244
85 233
85 181
86 172
87 105
88 197
88 261
88 129
89 273
89 307
89 306
89 161
90 199
90 313
90 201
91 189
91 247
93 209
93 113
93 117
94 170
94 310
94 107
94 211
95 192
95 287
95 177
96 305
96 296
98 140
99 281
99 225
99 318
100 165
100 246
101 227
101 243
101 182
102 200
102 195
103 177
103 192
103 287
104 200
104 195
105 235
106 203
106 155
106 179
107 211
107 166
107 310
108 124
108 313
108 201
108 199
109 163
109 112
110 226
110 174
110 148
110 312
111 288
111 314
111 194
112 301
112 283
113 209
114 212
114 133
115 176
115 139
115 157
116 278
116 223
116 264
117 209
118 183
118 266
118 145
119 302
119 156
120 132
120 284
120 168
121 193
121 294
122 125
122 272
122 274
122 320
122 206
123 285
123 160
123 207
124 313
124 199
125 206
125 320
126 127
126 254
126 147
127 147
127 131
128 149
128 146
129 261
130 293
130 276
130 259
131 254
131 147
132 284
132 168
133 212
133 277
134 194
134 314
134 288
135 183
135 266
135 145
136 263
136 319
137 221
137 187
137 289
137 297
138 256
139 157
139 176
141 318
141 225
141 281
142 228
142 268
142 255
143 300
143 208
143 159
144 234
144 184
145 265
145 266
146 149
147 254
148 312
148 226
148 174
150 204
150 317
150 216
151 165
151 246
152 276
152 259
152 217
152 293
153 216
153 204
153 317
154 225
154 281
155 179
156 302
157 176
158 290
158 190
159 300
159 208
160 285
160 213
160 207
161 306
161 307
161 273
162 303
162 282
162 271
162 237
163 301
163 283
164 233
164 244
164 181
165 246
166 211
166 310
167 316
167 299
167 311
168 284
169 256
170 310
170 211
171 301
173 286
173 242
173 231
174 312
174 226
175 270
175 315
175 252
175 309
177 287
177 205
177 192
178 186
178 280
178 257
178 218
179 203
180 195
180 200
181 233
181 295
182 227
182 243
183 265
183 266
184 234
184 304
185 239
185 219
185 258
186 218
186 257
186 280
186 260
187 289
187 222
188 230
189 215
190 253
190 290
191 245
191 196
191 275
192 287
192 205
193 294
194 288
194 314
195 200
196 275
196 245
197 261
198 308
198 229
198 249
198 240
199 201
199 313
201 313
202 250
204 216
204 317
205 287
206 274
206 272
206 320
207 213
207 285
208 300
210 241
211 310
212 277
213 285
214 279
214 236
214 298
214 220
215 247
216 317
217 293
217 259
218 257
218 280
218 260
219 258
219 292
220 298
220 236
220 279
221 222
221 289
222 297
222 289
223 264
223 278
224 228
224 255
225 281
226 312
227 243
228 255
228 268
229 240
229 308
229 249
231 286
233 295
233 244
234 304
236 298
236 279
237 271
237 303
237 248
237 282
238 256
239 292
239 258
240 249
242 286
244 295
245 275
246 291
248 303
248 282
248 271
249 308
252 270
252 309
252 315
253 290
255 268
256 267
257 280
257 260
258 292
259 293
259 276
260 280
264 278
265 266
269 296
270 315
270 309
271 303
271 282
272 320
273 306
273 307
274 320
276 293
279 298
281 318
283 301
288 314
289 297
296 305
299 316
299 311
306 307
311 316
