heur012_n_250_m_20035
1 115
1 101
2 117
2 37
3 56
3 59
5 166
5 163
7 70
7 28
10 152
10 157
11 39
12 111
12 40
13 165
13 65
13 32
13 123
14 36
14 104
15 101
15 115
16 101
16 115
17 51
17 62
19 108
19 34
19 46
20 59
20 82
21 44
21 169
22 102
22 91
22 106
22 67
22 80
22 95
23 116
23 64
23 42
24 118
24 173
24 49
25 154
25 30
26 174
26 241
26 103
27 68
27 219
27 207
27 74
28 248
28 197
28 183
28 70
29 200
29 59
29 56
30 239
30 180
30 187
30 154
30 142
31 219
31 68
31 207
31 74
32 123
32 165
32 65
32 238
32 149
33 209
33 143
33 231
33 196
33 235
33 244
34 108
34 222
34 247
35 192
35 236
35 73
35 107
36 230
36 60
36 176
36 104
36 215
37 117
37 178
37 130
38 109
38 184
38 125
38 63
39 141
39 242
39 234
39 211
39 135
39 128
39 201
40 111
40 156
40 237
40 246
40 127
41 55
41 243
41 245
41 185
41 204
42 144
42 116
42 136
42 64
43 153
43 226
43 120
43 72
44 249
44 53
44 169
44 179
45 132
45 157
45 152
45 206
45 133
46 247
46 108
46 222
47 164
47 139
47 250
48 63
48 184
48 125
48 109
49 173
49 126
49 52
49 118
49 228
50 73
50 192
50 107
50 236
51 85
51 218
51 203
53 100
54 88
54 96
54 98
55 78
55 204
56 200
56 82
57 89
57 99
57 93
58 77
58 86
59 200
59 82
60 215
61 83
61 224
62 85
62 218
62 203
63 184
64 76
66 85
66 203
66 218
67 95
67 80
67 91
68 207
68 79
68 219
69 86
69 77
70 84
71 224
71 83
72 92
73 236
74 219
74 79
74 207
75 195
75 202
75 110
75 175
75 145
76 116
77 161
77 155
78 185
80 106
81 174
81 103
82 200
83 122
83 160
85 203
86 161
86 155
87 113
87 112
87 168
88 105
88 189
89 182
90 103
90 174
90 241
92 120
93 240
93 229
93 182
94 121
94 193
94 119
94 114
95 102
95 106
96 189
96 105
97 164
98 105
99 229
99 240
100 169
101 138
101 137
103 241
104 215
104 176
105 233
107 236
108 222
108 186
109 184
110 195
110 171
110 202
110 145
111 127
112 214
112 199
113 199
113 129
113 214
114 225
114 212
114 193
115 138
115 137
116 136
116 144
117 130
117 178
117 221
118 228
119 193
119 225
119 212
121 193
121 212
121 225
122 224
123 238
123 149
124 188
124 205
124 150
124 213
125 184
126 173
127 156
131 160
132 152
132 157
133 152
133 157
134 162
134 159
134 167
139 151
139 164
142 154
145 171
148 163
148 166
149 165
150 158
150 172
150 170
151 208
152 210
152 206
154 180
154 187
154 239
155 227
157 210
157 206
158 205
158 213
159 220
159 217
160 224
161 227
162 217
162 220
163 216
163 223
164 208
165 238
166 223
166 216
166 177
167 220
167 191
167 217
169 249
169 179
170 205
170 213
171 195
171 232
171 202
172 205
173 228
174 241
175 202
175 232
177 223
185 204
186 247
186 222
192 236
195 202
195 232
