heur031_n_330_m_7270
1 213
1 268
2 166
2 311
3 325
3 246
5 52
5 266
6 279
6 250
7 190
7 302
7 202
8 167
8 162
10 316
10 161
11 71
11 106
12 159
12 245
13 327
14 274
14 132
15 134
16 327
17 143
18 229
18 73
19 313
19 292
20 90
20 255
22 56
22 154
24 187
24 318
25 276
25 260
26 123
26 183
27 186
27 330
28 153
28 273
29 244
29 137
30 103
30 314
32 89
33 267
33 295
34 270
35 181
35 170
36 184
36 139
37 234
37 226
38 242
38 298
39 143
40 204
41 305
42 148
42 221
43 322
43 207
44 96
45 319
45 222
46 275
46 118
47 92
47 113
48 91
48 104
49 320
49 188
50 124
50 212
51 238
51 176
52 266
53 66
53 168
54 237
54 152
55 310
55 155
56 154
57 134
58 239
58 271
59 324
60 324
61 88
61 194
62 75
62 175
63 211
63 191
64 112
64 97
65 195
65 173
66 168
67 80
67 328
68 259
68 93
69 89
70 177
70 243
70 141
71 106
72 189
72 278
73 229
74 178
74 227
75 175
76 172
76 230
77 144
77 277
78 261
78 140
79 96
80 328
81 305
82 208
82 281
83 206
83 185
84 179
84 263
85 236
85 290
86 258
86 108
87 303
87 174
88 194
90 255
91 104
92 113
93 259
94 272
94 201
94 218
95 288
95 100
97 112
98 210
98 122
99 197
100 288
101 214
101 240
102 269
102 198
103 314
105 169
105 115
107 164
107 285
108 258
109 157
109 280
110 317
110 205
111 293
111 127
114 248
114 129
115 169
116 209
116 312
117 270
118 275
119 150
119 135
120 219
120 297
121 192
121 291
122 210
123 183
124 212
125 217
125 306
126 231
126 136
127 293
128 138
129 248
130 265
130 180
131 289
131 223
132 274
133 224
133 199
135 150
136 231
137 244
138 252
139 184
140 261
141 177
141 243
142 321
144 277
145 321
146 216
147 249
148 221
149 216
151 171
151 215
151 307
152 237
153 273
155 310
156 262
157 280
159 245
160 308
160 326
161 316
162 167
163 329
163 233
164 285
165 232
165 196
166 311
170 181
171 215
171 307
172 230
173 195
174 303
176 238
177 243
178 227
179 263
180 265
182 253
182 241
185 206
186 330
187 318
188 320
189 278
190 302
190 202
191 211
192 291
193 251
193 304
196 232
198 269
199 224
200 287
200 228
201 218
201 272
202 302
205 317
207 322
208 281
209 312
213 268
214 240
215 307
217 306
218 272
219 297
220 296
220 301
222 319
223 289
225 249
226 234
228 287
233 329
235 299
235 282
236 290
239 271
241 253
242 298
246 325
247 300
250 279
251 304
254 286
256 315
256 309
257 286
260 276
264 284
267 295
282 299
283 294
292 313
294 323
308 326
