heur033_n_330_m_13861
1 232
1 203
1 182
2 261
2 94
2 169
2 249
3 55
3 140
3 57
4 299
4 126
4 234
5 317
5 321
5 175
5 276
5 220
6 98
6 238
7 289
7 156
7 298
7 174
8 229
8 227
8 59
8 138
8 151
9 185
9 239
9 263
9 237
10 195
10 290
10 129
11 161
11 97
11 112
12 318
12 230
12 130
13 142
13 255
13 27
13 280
14 235
14 313
14 85
14 315
14 74
15 292
15 171
15 272
15 46
15 37
16 269
16 228
16 217
16 157
16 327
17 309
17 216
17 113
17 159
18 264
18 242
18 183
19 183
19 242
19 264
20 274
20 324
20 101
21 318
21 230
21 130
22 165
22 323
22 58
23 323
23 58
23 165
24 141
24 275
24 246
24 296
24 194
25 288
25 186
25 135
26 133
27 255
27 142
27 137
27 280
28 203
28 232
28 182
29 330
30 316
30 259
30 190
30 198
30 300
31 254
31 53
31 277
32 181
32 281
32 303
32 134
33 236
33 291
33 200
33 180
33 170
34 299
34 126
34 234
35 233
35 219
35 268
35 208
36 88
36 144
36 240
36 189
37 171
37 272
37 292
38 324
38 274
38 101
39 288
39 186
39 135
40 254
40 277
40 53
41 244
41 184
41 308
41 206
41 149
42 91
42 146
42 301
42 224
42 106
43 330
44 131
44 248
45 57
45 55
45 140
46 272
46 292
46 171
47 98
47 108
47 238
47 67
48 52
48 241
48 95
48 192
49 318
49 230
49 130
50 267
50 111
50 297
50 226
51 218
51 250
51 207
51 266
52 118
52 192
52 241
53 254
53 84
53 277
54 66
54 243
54 304
54 153
54 287
55 125
56 154
56 223
56 145
56 148
57 125
58 116
58 323
58 165
59 227
59 151
59 229
60 309
60 216
60 159
60 113
61 244
61 206
61 308
62 88
62 240
63 169
63 249
63 94
63 261
64 135
64 288
65 271
65 222
65 284
65 295
66 287
66 243
66 304
67 98
67 238
68 174
68 298
68 289
69 204
69 211
69 265
69 178
70 268
70 208
70 219
71 167
71 322
71 172
71 325
72 310
72 257
72 306
73 126
73 299
74 313
74 235
74 315
75 168
75 326
75 213
75 312
75 202
76 283
76 285
76 225
76 270
76 139
77 330
77 102
78 173
78 210
78 177
78 311
79 129
79 195
79 290
80 271
80 222
80 295
80 284
81 252
81 193
81 279
81 262
82 155
82 306
82 310
82 257
83 195
83 290
83 129
84 277
84 254
85 235
85 315
85 313
86 267
86 111
86 226
86 297
87 161
87 97
87 112
88 144
88 240
88 189
89 305
89 221
89 121
89 179
89 110
90 107
90 286
90 302
91 301
91 224
91 146
91 106
92 294
92 147
92 278
92 104
92 119
93 103
93 251
93 128
93 293
93 143
94 249
94 169
94 261
95 192
95 241
95 118
96 196
96 282
96 273
96 314
96 187
97 112
97 161
98 108
98 238
99 273
99 187
99 196
99 314
99 282
100 319
100 256
100 197
100 136
100 209
101 324
101 274
102 330
103 293
103 128
103 251
104 278
104 294
104 119
105 115
105 205
105 215
106 301
107 214
107 132
107 302
107 286
108 238
109 330
110 179
110 121
110 221
110 305
111 226
111 267
111 297
112 161
113 309
113 216
114 212
114 260
114 245
114 320
115 205
115 215
116 323
116 165
117 264
117 183
119 278
119 294
119 147
120 211
120 178
120 265
121 221
121 179
121 305
122 131
122 248
123 307
123 329
123 188
124 185
124 239
124 263
124 237
125 140
126 234
126 299
127 329
127 188
127 307
127 201
128 293
128 143
129 290
129 195
130 318
130 230
131 164
131 162
131 248
132 302
132 286
134 303
134 181
134 281
135 288
135 186
136 197
136 319
136 256
136 209
137 142
137 280
137 255
138 227
138 229
138 151
139 225
139 285
139 283
139 270
141 296
141 275
141 246
141 194
142 280
142 255
143 251
143 293
144 240
145 154
146 301
147 278
147 294
149 206
149 244
150 199
150 258
150 253
150 247
150 163
150 328
152 215
152 205
153 287
153 243
153 304
154 223
155 310
155 257
155 306
156 298
156 174
156 289
157 217
157 228
157 327
157 269
158 172
158 167
159 309
159 216
160 210
160 173
160 177
160 311
162 248
163 258
163 253
164 248
165 323
166 252
166 279
167 172
167 322
167 325
168 326
168 312
168 202
169 261
170 291
170 236
170 200
170 180
171 272
171 292
172 325
172 322
173 311
174 289
174 298
175 276
175 317
175 321
176 266
176 207
176 250
177 311
177 210
178 204
178 265
178 211
179 305
180 236
180 200
180 291
181 303
181 281
182 232
182 203
183 242
184 206
184 244
185 239
185 237
186 288
187 196
187 282
187 314
188 329
188 201
189 240
190 259
190 300
190 198
191 212
191 320
191 260
191 245
192 241
193 279
193 252
193 262
194 296
194 246
195 290
196 314
197 209
197 256
198 300
198 259
199 258
199 253
199 247
200 291
201 307
202 312
202 213
203 232
204 265
204 211
205 231
205 215
206 308
207 250
208 233
208 268
208 219
209 256
209 319
210 311
211 265
212 245
212 320
213 312
213 326
214 286
215 231
216 309
217 327
217 269
217 228
218 266
218 250
219 268
219 233
220 317
220 321
220 276
222 284
222 271
222 295
224 301
225 283
225 285
226 297
228 327
234 299
236 291
237 263
239 263
242 264
243 304
244 308
245 320
245 260
246 275
246 296
247 258
249 261
250 266
252 279
252 262
254 277
255 280
256 319
258 328
259 316
260 320
262 279
267 297
269 327
270 285
270 283
271 295
271 284
272 292
273 282
275 296
278 294
281 303
282 314
284 295
286 302
287 304
307 329
312 326
