heur019_n_300_m_28765
1 265
1 155
1 196
1 100
4 189
5 177
5 191
6 162
7 138
9 247
9 191
10 298
10 240
10 189
11 173
11 159
11 168
13 276
13 256
13 245
14 236
16 195
16 180
16 231
16 294
16 172
17 162
18 60
18 250
20 56
22 210
22 203
23 160
23 209
23 169
23 252
23 175
25 189
26 203
26 210
27 300
27 295
27 273
27 246
27 229
27 218
27 283
28 230
28 162
30 271
31 268
31 210
31 267
31 203
32 174
32 208
32 226
33 204
34 177
35 185
35 187
35 259
36 289
36 243
36 163
36 182
36 161
37 204
38 234
38 181
38 156
39 203
39 210
39 227
39 268
40 236
40 271
41 157
41 205
41 194
42 179
42 220
42 217
43 204
45 204
46 289
46 182
48 284
49 204
50 172
50 195
51 284
52 162
54 259
54 200
54 185
54 187
55 236
55 271
56 284
58 257
58 217
58 258
58 296
58 179
61 243
61 289
61 163
61 161
61 182
62 189
65 271
66 189
66 240
66 298
66 197
67 201
67 211
67 190
67 206
68 289
68 163
68 182
68 161
68 243
69 159
69 173
69 238
69 168
70 284
71 252
71 297
71 160
72 293
72 276
72 256
72 225
72 245
73 212
74 237
75 162
75 230
76 214
76 199
76 278
76 178
76 299
77 222
77 194
77 205
78 209
78 175
78 169
79 185
79 274
79 259
79 187
80 284
81 154
81 164
81 228
82 284
83 212
84 196
84 275
84 100
84 155
85 194
85 157
85 222
85 205
86 171
86 188
87 159
87 173
87 168
88 173
88 168
88 238
88 159
89 234
89 181
89 156
89 282
90 198
90 272
91 239
91 254
91 262
91 213
91 158
91 269
92 178
92 299
92 287
92 278
92 214
92 199
93 284
94 276
94 256
94 293
94 225
95 172
95 280
95 195
96 236
96 264
97 212
97 202
99 256
99 245
100 155
100 224
100 196
101 191
101 177
101 247
102 284
103 242
103 154
103 228
104 224
104 265
104 196
105 212
106 186
106 192
106 216
107 193
107 213
107 158
108 217
108 179
109 249
109 226
109 208
109 174
110 296
110 220
110 257
110 258
110 217
110 179
111 250
112 212
112 202
113 264
113 271
114 260
114 162
115 175
115 160
116 181
116 156
117 168
117 232
117 173
117 238
118 194
118 205
118 157
119 194
119 205
119 157
120 188
120 171
120 176
122 186
122 216
122 281
122 192
123 281
123 192
123 186
123 216
124 164
124 241
124 242
124 228
124 154
125 181
125 156
126 170
126 272
126 198
127 208
127 249
127 226
128 208
129 185
129 187
130 199
130 178
130 214
131 172
131 195
131 294
133 211
133 190
134 242
134 241
134 154
135 205
135 194
135 157
135 222
136 166
136 215
137 230
137 162
139 177
139 247
139 253
139 191
140 206
140 190
140 211
141 166
141 215
141 266
141 167
142 241
142 228
142 154
142 242
142 164
143 212
144 234
144 156
145 161
145 243
145 163
145 289
146 185
146 200
146 187
146 259
147 176
147 290
147 248
147 171
147 188
149 270
149 170
149 198
150 266
150 215
150 167
151 193
151 158
151 254
151 269
151 262
151 213
152 216
152 286
152 281
153 177
153 253
153 247
153 191
154 228
154 241
154 242
155 279
155 275
155 265
156 234
156 282
157 222
158 269
158 254
158 262
158 239
159 238
159 232
160 297
160 252
161 243
161 289
162 230
162 260
163 243
163 289
164 242
164 228
164 241
165 295
165 246
165 229
165 300
165 273
165 283
166 221
166 266
166 285
166 219
167 285
167 221
167 266
167 219
168 232
168 238
169 252
169 297
170 233
170 272
170 223
170 198
170 270
171 248
171 290
171 251
172 231
172 294
173 238
173 232
174 261
174 291
174 249
174 226
175 297
175 252
176 248
176 251
176 290
177 247
177 253
178 287
178 278
178 244
178 299
179 258
179 257
179 296
179 220
180 280
180 294
180 231
181 282
181 234
182 289
182 243
183 248
183 290
183 251
184 229
184 300
184 283
184 246
185 259
185 274
186 277
186 286
186 281
187 259
187 274
188 248
188 251
188 290
189 240
189 298
189 255
190 288
190 235
190 263
191 253
191 247
192 277
192 281
192 286
193 254
193 269
193 262
193 239
195 231
195 280
195 294
196 279
196 275
196 265
196 224
197 240
197 255
197 298
198 223
198 270
198 272
198 233
199 244
199 299
199 278
199 287
200 274
200 259
201 263
201 288
203 267
203 227
203 268
205 222
206 235
206 263
206 288
207 229
207 273
207 283
207 295
207 246
207 300
208 291
208 261
208 249
208 226
209 297
209 252
210 267
210 268
210 227
211 263
211 235
211 288
213 254
213 239
213 269
213 262
214 278
214 299
214 287
214 244
215 219
215 266
215 221
215 285
216 281
216 286
216 277
217 258
217 220
217 257
217 296
218 300
218 273
218 283
218 246
218 229
218 295
270 272
