heur016_n_300_m_15456
1 199
2 136
3 101
4 256
5 260
6 241
7 77
8 187
9 264
10 265
11 94
12 142
13 295
14 281
15 148
16 210
17 55
18 32
19 174
20 141
21 166
22 69
23 139
24 269
25 215
26 38
28 192
29 106
30 219
31 176
31 195
33 253
34 297
35 178
36 212
36 168
37 92
39 158
40 250
41 204
42 127
43 283
44 89
45 189
46 279
47 118
48 131
49 190
50 144
51 222
53 183
54 258
56 96
57 209
58 198
59 138
60 229
61 188
62 177
63 164
64 275
65 200
66 239
67 139
68 277
70 145
71 113
72 108
74 231
75 288
76 235
78 259
79 251
80 202
81 225
82 203
83 248
84 125
84 151
85 109
85 270
86 232
87 268
88 117
90 236
91 290
93 214
95 171
97 184
99 167
100 182
102 173
103 153
104 252
105 242
107 191
109 270
110 234
111 217
112 245
114 194
115 221
116 196
119 255
120 285
121 179
122 140
123 206
124 278
125 151
126 230
128 175
129 162
130 170
132 149
133 294
134 146
135 163
137 287
143 271
147 240
150 229
152 238
154 274
156 213
157 246
160 185
161 286
165 262
169 263
172 292
186 284
193 299
197 233
201 261
205 223
207 228
208 227
211 298
218 300
220 280
224 244
226 273
243 272
247 293
254 276
257 296
266 291
267 282
