heur051_n_300_m_20122
1 178
1 160
2 230
2 179
3 250
4 235
5 198
6 276
6 207
7 183
8 264
8 227
9 145
9 251
10 279
10 181
11 236
12 209
13 144
14 206
15 209
16 200
17 262
18 223
19 147
20 268
21 197
22 222
23 164
23 221
24 284
24 280
25 211
26 270
27 149
28 243
29 270
30 249
30 184
31 243
32 257
33 174
34 266
35 237
35 255
36 238
37 158
38 199
39 267
39 269
40 168
41 282
41 188
42 229
42 155
43 169
43 275
44 250
45 261
46 273
46 194
47 199
48 148
49 226
49 272
50 153
50 152
51 214
52 177
52 256
53 174
54 189
55 217
55 167
56 238
57 147
58 190
59 246
60 214
61 252
62 219
63 266
64 287
65 261
66 240
66 165
67 293
68 277
68 247
69 171
70 233
70 254
71 190
72 200
73 260
74 285
74 212
75 151
76 300
76 187
77 299
77 239
78 220
79 201
79 258
80 151
81 234
82 189
83 292
84 203
85 246
86 173
87 218
88 268
89 166
90 235
91 206
92 232
92 156
93 213
93 182
94 170
94 248
95 200
96 149
97 231
98 294
98 225
99 171
100 262
101 154
102 283
103 220
104 283
105 185
105 180
106 236
107 163
108 204
108 295
109 252
110 203
111 171
112 218
113 197
114 211
115 231
116 223
117 159
117 296
118 144
119 253
120 259
120 172
121 234
122 293
123 257
124 205
124 215
125 158
126 292
128 245
128 281
129 148
130 288
130 191
131 228
131 241
132 161
132 195
133 166
134 154
135 253
136 192
136 263
137 287
138 157
139 173
140 146
140 208
141 176
141 193
142 162
142 278
143 222
150 271
157 289
159 296
162 278
169 275
175 290
181 279
187 300
188 282
191 288
194 273
196 298
202 290
204 295
207 276
210 274
212 285
216 297
224 286
225 294
226 272
228 241
237 255
239 299
242 297
244 286
245 281
247 277
260 291
267 269
280 284
