heur005_n_160_m_4015
1 66
2 66
3 36
5 145
6 24
7 92
7 60
8 123
9 23
9 81
10 38
10 72
11 21
11 79
12 122
12 75
13 49
13 137
14 111
14 67
15 80
15 139
16 155
17 34
17 85
18 150
18 117
19 115
19 56
20 145
21 79
22 155
23 81
24 107
25 74
25 120
26 31
27 68
27 69
28 116
28 98
29 106
30 104
31 131
32 64
33 146
33 128
35 124
35 65
36 105
37 114
37 63
38 72
39 96
39 73
40 106
41 70
42 112
42 157
43 149
43 54
43 141
44 64
45 125
45 95
46 129
46 118
47 77
47 97
48 82
49 137
50 82
51 132
51 61
52 112
52 157
53 119
54 149
54 141
55 136
56 115
57 94
57 99
58 147
59 89
59 152
60 92
62 136
63 114
65 124
67 111
71 143
72 134
73 96
74 120
75 122
76 156
77 97
78 102
80 139
83 102
84 101
86 100
87 153
87 126
88 101
89 152
90 160
90 159
91 104
93 127
93 142
94 99
95 125
98 116
100 144
103 158
103 113
108 110
113 158
117 150
118 129
119 135
121 151
123 154
126 153
127 142
128 146
130 138
130 140
133 151
148 156
