heur004_n_140_m_3014
2 40
2 120
2 129
2 107
2 125
3 40
3 107
3 120
3 129
4 90
4 114
4 99
4 39
5 95
5 34
5 9
6 62
6 87
6 121
6 93
6 135
7 112
7 55
7 56
7 36
8 90
8 99
8 114
8 39
9 95
9 63
9 34
9 137
10 75
10 58
10 29
10 133
11 103
11 100
11 73
11 35
12 74
12 31
12 59
12 88
12 47
13 113
13 68
13 136
13 46
14 113
14 136
14 46
14 68
15 124
15 102
15 38
16 70
16 79
16 53
16 78
17 56
17 36
17 112
17 55
18 38
18 102
18 80
18 124
19 64
19 42
20 96
20 109
20 86
20 45
21 44
21 43
22 77
22 98
22 118
22 117
23 132
23 48
23 37
23 111
23 94
23 83
24 126
24 50
24 131
24 92
24 57
25 115
25 54
25 91
25 105
25 60
26 58
26 75
27 72
27 61
27 65
28 119
28 51
28 106
29 58
29 133
29 75
30 41
30 108
30 127
31 88
31 59
31 47
31 74
32 42
32 108
32 127
32 41
33 65
33 61
33 97
33 72
34 137
34 95
34 63
35 103
35 73
36 55
36 112
37 132
37 94
37 111
37 48
37 83
38 124
39 90
39 114
39 99
40 107
40 129
40 120
41 64
41 108
41 127
42 108
42 64
42 127
43 66
44 66
44 69
45 96
45 109
46 68
46 136
47 59
48 132
48 111
49 138
49 134
49 139
50 126
50 131
51 106
51 82
51 119
52 119
53 122
53 140
54 130
54 115
54 60
55 112
56 112
57 92
57 131
57 126
58 133
59 74
59 88
60 130
60 115
61 72
61 97
62 121
62 93
62 135
62 87
64 127
64 108
65 72
65 97
66 69
67 110
67 71
67 84
67 123
68 113
68 136
70 140
71 89
71 110
71 123
72 97
73 103
73 100
75 133
76 101
76 116
76 104
77 118
77 98
78 140
78 122
79 122
79 140
80 102
81 139
81 138
81 134
82 119
82 106
83 132
84 110
84 89
84 123
85 104
85 116
85 101
86 109
86 96
87 121
87 135
87 93
89 110
90 114
91 115
92 126
92 131
93 135
93 121
94 132
94 111
96 109
98 117
98 118
99 114
101 116
101 128
102 124
104 116
104 128
105 115
106 119
107 129
107 125
108 127
110 123
111 132
113 136
115 130
116 128
120 129
120 125
121 135
