heur029_n_330_m_4329
1 62
2 324
4 253
5 146
6 300
7 225
8 13
9 226
10 245
11 137
12 158
14 34
15 192
16 40
17 186
18 199
19 189
20 263
21 125
22 245
23 293
24 115
24 73
25 202
26 63
27 56
28 206
29 47
30 269
31 150
32 64
33 301
35 269
36 136
37 275
38 135
38 249
39 290
41 183
42 211
43 318
44 201
45 138
46 168
48 177
49 57
50 284
51 149
52 188
53 313
54 296
55 292
58 108
59 261
65 260
66 239
67 311
68 197
69 96
70 330
71 217
72 107
74 323
76 303
78 114
79 227
80 298
81 173
82 238
83 319
84 289
85 104
86 191
87 203
88 220
89 93
90 272
91 312
92 291
94 295
95 276
97 122
98 266
98 212
99 143
100 196
101 288
102 304
102 195
103 204
105 131
109 127
110 250
111 241
112 159
113 251
116 163
117 318
118 219
119 274
121 193
123 277
124 256
126 216
128 287
129 278
130 310
132 161
133 236
134 240
135 249
139 169
140 178
141 302
142 237
144 230
145 255
147 205
148 167
151 175
152 268
153 326
154 179
155 247
156 274
157 187
160 294
162 273
164 264
165 257
170 223
171 176
172 248
174 325
180 281
181 270
182 328
184 208
185 322
190 262
190 297
194 286
195 304
198 232
200 252
207 309
209 271
210 307
212 266
213 316
214 233
215 320
221 280
222 242
224 243
228 235
229 279
234 315
244 321
246 267
254 283
258 308
259 329
265 327
282 314
285 305
306 317
