heur006_n_180_m_6067
1 170
1 46
1 54
1 90
1 95
2 154
2 24
2 65
3 55
3 106
3 98
4 155
4 142
4 18
4 135
4 166
5 168
5 53
5 129
5 160
5 42
6 132
6 126
7 116
7 174
7 134
7 67
7 105
8 121
8 31
8 124
8 104
8 51
9 60
9 156
9 93
9 91
9 177
10 28
10 103
10 63
10 139
10 125
11 159
11 133
11 112
11 77
12 138
12 49
12 68
12 79
13 66
13 150
13 57
14 147
14 66
14 150
14 115
15 159
15 77
15 152
15 133
15 112
16 41
16 30
16 137
16 96
16 64
17 119
17 143
17 101
17 128
17 107
18 23
18 155
18 142
18 166
18 135
19 123
19 69
19 65
19 24
20 48
20 149
20 130
20 22
20 58
21 32
21 70
21 25
21 97
21 175
21 81
22 58
22 130
22 149
23 166
23 135
23 142
23 155
24 154
25 87
25 175
26 109
26 132
26 126
26 171
27 170
27 90
27 54
28 63
28 103
28 139
28 76
28 125
29 109
29 171
29 126
29 132
30 137
30 64
30 41
30 96
31 124
31 88
31 104
32 175
32 97
32 70
32 87
32 81
33 72
33 157
33 111
33 131
33 89
34 44
34 92
34 141
34 59
35 163
35 110
35 102
36 75
36 169
36 136
36 108
37 169
37 75
37 136
37 82
38 56
38 86
38 113
38 100
39 50
39 114
39 144
39 117
39 62
39 164
40 98
41 96
41 137
42 158
42 168
42 160
42 129
43 176
43 165
44 80
44 141
45 165
45 118
45 85
46 170
47 149
47 130
48 130
48 149
49 79
49 138
50 144
50 164
50 117
51 104
51 88
51 124
51 121
52 140
52 146
52 120
53 129
53 158
53 168
53 160
54 170
54 95
54 90
55 172
55 98
56 100
56 86
57 147
57 115
57 150
58 149
58 130
59 80
59 141
60 91
60 93
60 156
60 177
61 140
61 146
61 120
62 144
62 114
63 103
63 139
63 125
63 76
64 96
65 154
66 150
66 147
67 151
67 134
67 105
68 145
68 138
69 123
70 87
70 81
71 98
71 106
72 131
72 111
72 157
72 78
72 89
73 165
73 85
74 165
74 176
75 108
75 169
76 125
76 139
76 103
77 112
78 111
79 145
80 94
80 92
80 141
81 97
82 169
82 136
82 108
83 110
83 102
83 178
83 163
84 138
84 145
85 118
85 165
86 100
86 113
87 97
88 104
88 121
88 124
89 131
89 157
89 111
90 170
91 156
92 141
93 156
94 141
95 170
96 137
98 172
99 146
99 140
101 143
101 128
102 178
102 163
102 148
103 139
103 125
104 124
105 134
105 151
106 172
107 143
107 128
108 169
108 136
109 132
109 171
109 126
110 178
110 163
110 148
111 131
111 157
112 159
112 133
112 152
112 167
115 150
115 147
116 134
116 174
116 151
117 144
117 164
118 165
119 128
119 143
120 140
120 146
120 180
121 124
122 173
122 162
122 127
122 179
122 161
125 139
127 161
127 179
127 173
131 157
132 171
133 159
133 152
133 167
134 151
135 155
135 166
138 145
140 180
140 146
144 164
147 150
148 178
151 174
156 177
161 173
162 179
162 173
163 178
165 176
