heur025_n_329_m_32168
1 201
1 192
2 240
2 26
4 210
4 262
5 200
5 57
7 248
7 167
8 22
10 76
10 291
11 78
11 111
12 190
13 149
13 162
14 89
15 43
16 283
17 88
17 278
20 145
22 314
24 148
25 132
26 240
27 39
28 77
29 144
30 79
31 267
31 188
33 168
35 226
35 118
36 81
38 218
39 105
41 311
43 257
44 207
49 296
50 126
51 158
51 74
53 302
55 285
55 185
58 115
58 228
62 71
64 204
65 176
66 282
66 92
67 243
68 123
68 220
70 75
71 172
72 247
72 112
73 311
74 158
75 215
76 291
77 120
79 281
80 116
80 191
81 209
82 156
84 305
85 245
86 198
87 187
88 278
89 290
94 187
95 170
96 203
96 108
99 133
99 312
100 206
101 150
102 165
104 121
106 283
107 318
109 183
113 243
114 234
114 322
115 228
117 305
119 286
121 166
122 174
122 219
124 239
124 142
125 232
125 171
126 184
128 235
128 231
130 186
130 163
132 254
133 312
134 180
134 233
136 196
137 204
138 269
138 213
139 175
140 252
143 152
144 276
145 164
146 261
147 157
147 194
148 295
150 317
152 160
156 258
159 304
159 303
161 311
163 186
165 199
167 248
168 253
171 232
173 296
175 277
176 249
177 225
179 195
181 189
182 302
183 229
185 285
188 267
189 299
192 201
193 286
195 280
196 289
198 270
202 242
204 241
206 287
207 264
211 212
211 288
216 307
218 316
221 284
222 292
222 273
223 274
225 309
227 307
230 271
230 327
242 293
245 315
261 323
272 275
274 298
275 324
284 300
318 329
