heur009_n_250_m_1450
1 117
1 221
2 55
3 114
4 107
5 32
6 63
7 126
8 10
9 75
11 69
12 50
13 29
14 97
14 244
15 123
16 20
17 52
18 92
19 132
21 128
22 146
23 116
24 243
25 245
26 119
27 84
28 238
30 233
31 157
33 203
34 155
35 131
36 80
37 57
38 190
39 57
40 226
41 109
42 71
43 113
44 45
46 78
47 51
48 139
49 135
53 141
54 89
56 112
59 183
60 138
61 247
64 160
65 235
66 169
67 179
68 133
70 95
72 193
74 161
76 100
77 158
79 145
79 111
81 209
82 172
83 171
83 205
86 130
87 188
88 237
90 137
91 101
93 163
94 184
96 234
97 244
98 186
99 102
103 173
104 211
105 152
106 124
108 194
111 145
115 207
117 221
118 227
120 147
121 192
122 162
125 217
127 156
129 212
134 230
136 208
140 242
142 177
143 218
144 220
148 182
149 219
150 224
151 216
153 222
154 170
159 215
164 248
165 166
167 204
168 181
171 205
174 189
175 198
176 214
178 228
180 213
185 210
187 229
191 197
195 225
196 236
199 246
200 240
201 239
202 249
206 232
223 241
