heur010_n_250_m_4507
1 49
1 167
1 64
1 176
1 42
2 36
2 197
2 65
2 215
2 157
3 211
3 189
3 145
3 53
3 70
4 34
4 185
4 57
5 216
5 120
5 172
5 105
6 97
6 109
6 46
6 83
6 182
6 217
7 166
7 106
7 235
7 191
7 140
8 40
8 122
8 126
8 91
8 47
9 56
9 35
9 227
9 192
10 238
10 119
10 127
10 61
10 96
11 228
11 50
11 79
11 67
11 58
12 34
12 57
12 185
13 52
13 124
13 151
13 85
13 130
14 185
14 57
14 34
15 105
15 172
15 216
15 120
16 172
16 105
16 216
16 120
17 52
17 151
17 124
17 85
17 130
18 200
18 163
18 194
18 123
19 169
19 81
19 45
19 108
20 35
20 56
20 192
20 227
21 128
21 129
21 112
21 33
22 184
22 198
22 146
22 224
22 63
23 33
23 128
23 129
23 112
24 161
24 77
24 218
24 59
24 54
25 169
25 108
25 81
25 45
26 209
26 240
26 177
26 138
26 174
27 115
27 111
27 237
27 203
27 233
28 99
28 183
28 205
28 136
28 78
29 116
29 202
29 90
29 114
30 225
30 74
30 229
30 98
30 226
31 107
31 220
31 207
31 75
31 73
32 165
32 210
32 84
33 129
33 112
33 128
34 57
34 185
35 56
35 227
36 215
36 197
36 157
36 65
37 125
37 62
38 62
39 147
39 208
39 88
40 91
40 122
41 82
41 204
41 118
41 156
41 186
42 64
42 176
42 167
43 165
43 84
43 210
44 147
44 88
44 208
45 169
45 108
45 81
46 83
46 109
46 97
46 182
46 217
47 126
47 91
48 110
48 80
48 93
48 179
48 55
49 167
49 176
49 64
50 58
50 79
50 228
50 67
51 202
51 116
51 90
52 124
52 85
52 151
52 130
53 189
53 211
53 145
54 161
54 77
54 218
55 80
55 93
55 179
56 192
56 227
57 185
58 79
59 161
59 218
59 77
60 170
60 181
60 132
60 100
61 119
61 96
61 238
62 125
63 198
63 184
63 224
63 146
64 167
64 176
65 215
65 197
65 157
66 187
66 212
66 164
66 159
66 190
67 228
67 79
68 247
68 206
68 101
68 193
68 154
69 245
69 221
69 199
69 158
70 189
70 211
71 199
71 245
71 158
71 221
72 201
72 196
72 95
72 223
72 162
73 220
73 207
74 98
74 225
74 226
74 229
75 107
75 207
75 220
76 144
76 160
76 195
76 102
76 103
77 218
77 161
78 205
78 136
78 183
79 228
80 179
80 110
81 108
81 169
82 204
82 156
82 118
82 186
83 109
83 217
83 182
84 210
84 165
85 151
85 124
85 130
86 175
86 219
86 243
86 148
86 135
87 241
87 222
87 231
87 232
87 152
88 147
88 208
88 117
89 239
89 250
89 150
89 134
90 114
90 202
90 116
91 126
91 122
92 141
92 234
92 142
92 178
93 179
93 110
94 178
94 141
94 234
94 142
95 162
95 223
95 201
95 196
96 119
96 238
96 127
97 217
97 182
97 109
98 225
98 229
98 226
99 205
99 183
99 136
100 170
100 181
100 230
100 132
101 206
101 154
101 247
101 193
102 195
102 144
102 160
103 195
103 160
103 144
104 168
104 143
104 244
104 139
104 131
105 172
105 216
106 191
106 166
106 235
107 207
107 220
108 169
109 217
109 182
110 179
111 233
111 203
111 237
112 128
112 129
113 248
113 180
113 173
113 249
113 246
114 202
115 237
115 203
115 233
116 202
117 208
117 147
118 156
118 204
118 186
119 238
119 127
120 172
120 216
121 188
121 133
121 153
121 242
121 214
123 194
123 163
123 200
124 151
127 238
130 151
131 168
131 244
132 170
132 230
132 181
133 153
133 242
133 188
133 214
134 250
134 239
135 243
135 219
135 175
136 183
136 205
137 213
137 155
137 171
138 174
138 240
138 209
138 177
139 168
139 244
140 235
140 191
140 166
141 178
141 234
142 178
142 234
143 244
143 168
144 160
144 195
145 189
145 211
146 224
146 184
146 198
147 208
148 243
148 219
148 175
149 213
149 171
149 155
150 250
150 239
152 231
152 241
152 222
152 232
153 214
153 242
153 188
154 247
154 206
154 193
155 236
155 213
156 204
156 186
157 215
157 197
158 245
158 221
158 199
159 190
159 187
159 212
160 195
161 218
162 201
162 196
162 223
163 200
163 194
164 212
164 190
164 187
165 210
166 191
166 235
167 176
168 244
170 181
170 230
171 236
171 213
172 216
173 248
173 249
173 180
173 246
174 177
174 209
174 240
175 219
175 243
177 209
177 240
178 234
180 248
180 246
181 230
182 217
183 205
184 224
186 204
187 212
188 214
188 242
189 211
190 212
191 235
192 227
193 206
193 247
196 201
196 223
197 215
198 224
199 221
199 245
203 237
203 233
206 247
209 240
213 236
214 242
219 243
221 245
222 232
222 241
222 231
225 229
225 226
231 241
