heur030_n_330_m_5613
1 257
1 273
1 271
2 104
2 191
2 12
3 228
3 154
3 217
4 112
4 263
4 244
5 249
5 214
6 250
6 296
6 199
7 189
7 281
10 107
10 157
10 131
11 121
11 81
12 104
12 191
13 28
13 127
14 254
14 291
14 208
15 297
15 63
15 307
16 256
16 149
16 132
17 87
17 253
17 266
17 52
18 325
18 188
18 205
19 81
19 121
20 283
20 213
21 220
21 312
21 150
22 259
22 234
22 117
23 245
23 277
23 230
24 128
24 138
24 159
25 283
25 213
26 169
26 158
27 298
27 265
27 317
28 127
29 237
29 60
29 173
30 281
30 189
31 328
31 181
32 249
32 214
33 276
33 243
33 109
34 58
34 124
34 144
34 261
35 293
35 184
35 231
36 255
36 305
36 53
37 181
37 328
39 198
40 186
40 316
40 201
41 136
41 327
41 192
42 129
42 86
42 163
43 269
43 212
43 92
44 65
44 225
44 165
45 216
45 299
45 280
46 294
46 246
47 172
47 61
47 93
48 215
48 176
48 68
49 64
49 111
49 260
50 168
50 210
50 164
51 160
51 233
51 147
52 266
52 253
52 87
53 305
53 255
54 89
54 85
54 113
55 235
55 195
55 262
56 211
56 194
56 152
57 106
57 120
57 319
58 144
58 124
58 261
59 88
59 115
59 105
60 173
60 237
61 93
61 172
62 169
62 158
63 297
63 307
64 260
65 165
65 225
66 183
66 90
66 329
67 202
67 227
68 176
68 215
69 198
70 282
70 171
71 95
71 185
71 177
72 175
72 140
72 290
72 313
73 227
73 202
74 275
74 161
74 170
75 247
75 286
75 137
76 315
76 122
77 122
77 315
78 103
78 240
78 330
79 151
79 285
79 274
80 301
80 96
80 278
82 311
82 241
82 108
83 116
83 279
83 239
84 320
84 248
84 174
85 113
85 89
86 129
87 266
87 253
88 115
88 105
89 113
90 183
90 329
91 306
91 218
91 100
92 212
92 269
93 172
94 156
94 130
95 185
95 177
96 301
96 278
97 204
97 118
97 229
98 264
98 270
98 133
99 224
99 251
99 114
100 218
100 306
101 219
101 232
101 207
102 321
102 141
103 330
103 240
104 191
105 115
106 120
106 319
107 131
107 157
108 311
108 241
109 243
109 276
110 289
110 221
110 326
111 260
112 244
112 263
114 224
114 251
116 279
116 239
117 259
117 234
118 229
118 204
119 295
119 267
119 139
120 319
122 315
123 246
123 294
124 144
124 261
125 268
125 252
125 322
126 222
126 303
126 287
128 138
128 159
129 163
130 156
130 135
131 157
132 149
132 256
133 270
133 264
134 146
134 167
134 200
135 156
136 192
136 327
137 247
137 286
138 159
139 267
139 295
140 290
140 175
140 313
141 321
142 309
142 258
143 258
143 309
144 261
145 242
145 304
145 209
146 167
146 200
147 160
147 233
148 324
148 223
148 206
149 256
150 220
150 312
151 285
151 274
152 211
153 187
153 308
154 228
154 217
155 314
155 182
155 284
158 169
160 233
161 275
161 170
162 323
162 272
162 190
164 210
164 168
165 225
166 318
166 300
166 292
167 200
170 275
171 282
173 237
174 248
174 320
175 290
175 313
177 185
178 226
178 193
178 288
179 196
179 203
179 302
180 310
180 236
180 238
181 328
182 284
182 314
183 329
184 231
184 293
186 201
186 316
187 308
187 197
188 205
188 325
189 281
190 323
192 327
193 226
193 288
194 211
195 262
196 203
196 302
197 308
199 250
199 296
201 316
202 227
203 302
204 229
205 325
206 324
206 223
207 219
208 291
208 254
209 242
209 304
212 269
213 283
214 249
216 299
216 280
217 228
218 306
219 232
220 312
221 289
221 326
222 287
222 303
223 324
224 251
226 288
230 245
230 277
231 293
234 259
235 262
236 310
238 310
240 330
241 311
242 304
243 276
244 263
245 277
246 294
248 320
250 296
252 322
252 268
253 266
255 305
257 271
257 273
258 309
265 298
265 317
267 295
268 322
272 323
274 285
278 301
280 299
284 314
287 303
289 326
290 313
292 300
292 318
297 307
298 317
300 318
