heur024_n_329_m_27115
1 290
2 149
4 321
5 251
7 216
9 129
10 303
11 43
12 323
13 308
14 136
15 269
17 61
18 79
22 283
24 62
26 237
27 217
29 82
30 35
31 37
33 193
36 238
39 55
40 132
41 81
42 328
44 185
45 306
48 175
49 90
51 130
53 227
54 296
57 104
58 72
65 145
66 135
68 252
73 329
74 205
75 138
76 77
80 179
84 265
89 260
93 285
94 137
95 243
96 197
99 248
102 218
103 274
105 257
110 215
111 141
114 255
115 292
116 324
117 133
119 123
121 122
124 273
125 184
126 320
128 147
140 277
143 201
144 161
148 191
150 177
152 322
153 294
156 266
157 213
158 186
159 196
160 316
163 278
164 233
165 262
166 250
168 194
170 286
171 212
172 192
173 245
176 310
180 249
183 304
187 253
188 256
189 293
190 198
195 247
200 211
202 280
204 229
206 302
208 231
222 291
225 315
226 289
228 240
230 319
232 298
234 287
235 311
239 281
241 261
254 307
258 318
264 301
275 299
276 312
284 295
300 327
