heur014_n_300_m_14191
2 11
3 199
4 120
5 203
6 75
7 271
8 158
9 284
10 85
11 57
12 215
13 92
14 165
15 256
16 183
17 82
18 268
19 117
20 35
21 225
22 280
23 74
24 277
25 282
26 149
27 41
28 36
29 89
30 61
32 261
34 279
37 131
38 98
39 238
40 244
42 233
43 295
44 121
44 109
45 270
46 287
47 113
48 242
49 123
50 220
51 118
53 87
54 222
55 84
56 159
58 206
59 240
60 140
62 96
63 258
64 257
65 241
66 168
67 291
70 107
71 152
72 275
73 100
76 114
77 154
78 205
79 221
80 217
81 111
83 103
86 272
88 179
90 228
91 99
93 160
94 129
95 124
97 209
101 112
102 249
104 174
105 164
106 200
108 195
110 201
110 155
115 214
116 191
119 263
122 173
125 230
126 187
127 245
128 229
130 198
132 202
133 188
134 234
135 216
136 264
137 273
138 260
139 251
141 156
142 232
143 294
144 296
145 163
146 181
147 190
148 286
150 193
151 266
153 227
157 211
161 231
162 281
166 192
169 283
170 194
170 247
171 299
172 239
175 207
176 243
177 259
178 269
180 255
182 300
184 248
185 274
186 252
196 285
197 276
204 292
208 289
210 235
213 237
218 288
219 254
223 246
224 267
226 253
236 297
250 290
262 293
