heur008_n_250_m_1045
1 181
1 164
1 176
1 45
1 229
2 73
2 46
2 119
2 220
2 108
3 69
3 33
3 123
3 28
4 105
4 201
4 43
4 226
4 139
5 91
5 200
5 172
5 34
5 66
5 170
5 100
6 124
6 158
6 228
6 15
6 84
7 87
7 246
7 222
7 67
7 9
8 99
8 242
8 159
8 12
8 115
9 246
9 67
9 87
9 222
10 54
10 204
10 13
10 64
11 82
11 240
11 36
11 160
12 99
12 242
12 159
12 115
13 64
13 204
13 54
14 22
14 103
14 57
14 215
14 125
15 228
15 124
15 158
15 84
16 141
16 249
16 184
16 152
16 26
17 150
17 156
17 192
17 166
17 188
18 116
18 114
18 75
18 195
19 25
19 175
19 20
19 211
19 130
20 130
20 211
20 25
20 175
21 152
21 184
21 141
21 249
21 26
22 215
22 125
22 57
22 103
23 79
23 31
23 151
23 144
23 48
24 88
24 104
24 98
24 49
24 162
25 211
25 130
25 175
26 141
26 152
26 249
26 184
27 233
27 129
27 47
27 241
27 52
28 69
28 33
28 123
29 59
29 209
29 117
29 244
30 94
30 131
30 74
30 71
30 56
31 48
31 151
31 144
31 79
32 198
32 60
32 95
32 78
32 61
32 90
33 69
33 123
34 172
34 66
34 91
34 200
34 170
34 100
35 190
35 145
35 187
35 134
35 68
36 240
36 82
36 160
37 189
37 80
37 197
37 250
37 149
38 41
38 63
38 81
38 62
39 214
39 237
39 179
39 83
39 106
39 85
40 112
40 182
40 234
40 221
41 62
41 81
41 63
42 202
42 230
42 232
42 97
43 139
43 105
43 201
43 226
44 126
44 92
44 143
44 127
45 181
45 176
45 164
45 229
46 108
46 73
46 119
46 220
47 241
47 52
47 129
47 233
48 144
48 151
48 79
49 104
49 98
49 162
49 88
50 208
50 142
50 177
50 102
50 183
51 65
51 132
51 110
51 146
51 86
51 154
52 241
52 233
52 129
53 238
53 138
54 204
54 64
55 173
55 122
55 109
56 74
56 71
56 94
56 131
57 103
57 125
57 215
58 140
58 167
58 217
58 93
59 117
59 244
59 209
60 198
60 95
60 61
60 78
60 90
61 198
61 95
61 78
61 90
62 81
63 81
64 204
65 154
65 86
65 146
65 110
65 132
66 200
66 172
66 91
66 170
66 100
67 87
67 246
67 222
68 145
68 187
68 190
68 134
69 123
70 171
70 199
70 191
70 89
70 101
71 94
71 131
72 219
72 193
72 165
72 155
72 147
73 108
73 220
73 119
74 131
74 94
75 114
75 116
75 195
76 153
76 186
76 235
76 247
77 161
77 224
77 118
77 121
77 213
78 95
78 198
79 144
79 151
80 250
80 149
80 197
80 189
82 240
82 160
83 179
83 237
83 214
83 106
84 124
84 158
84 228
85 106
85 237
85 179
85 214
86 132
86 146
86 154
86 110
87 222
87 246
88 104
88 162
89 171
89 101
89 199
89 191
90 198
90 95
91 200
91 172
91 170
92 143
92 127
92 126
93 140
93 217
93 167
94 131
95 198
96 157
96 206
96 163
96 212
96 196
97 232
97 202
97 230
98 104
98 162
99 242
99 159
99 115
100 200
100 170
100 172
101 171
101 199
101 191
102 142
102 183
102 177
102 208
103 215
103 125
104 162
105 226
105 139
105 201
106 237
106 179
106 214
107 111
107 223
107 236
107 180
107 169
108 220
108 119
109 173
110 154
110 132
110 146
111 169
111 180
111 236
111 223
112 182
112 221
112 234
113 128
113 178
113 174
113 207
113 194
114 116
114 195
115 242
115 159
116 195
117 244
117 209
118 161
118 224
118 213
118 121
119 220
120 216
120 248
120 136
120 239
120 185
121 161
121 213
121 224
122 173
124 228
124 158
125 215
126 127
127 143
128 178
128 207
128 194
128 174
129 241
129 233
130 211
130 175
132 154
132 146
133 231
133 135
133 203
133 243
133 245
133 218
134 187
134 145
134 190
135 218
135 203
135 243
135 231
135 245
136 216
136 239
136 248
136 185
137 168
137 205
137 227
137 210
137 148
137 225
138 238
139 226
139 201
140 167
140 217
141 152
141 249
141 184
142 177
142 208
142 183
144 151
145 187
145 190
146 154
147 165
147 155
147 193
147 219
148 168
148 205
148 210
148 227
148 225
149 250
149 189
149 197
150 166
150 192
150 156
150 188
152 184
152 249
153 235
153 247
153 186
155 219
155 193
156 188
156 192
157 163
157 206
157 212
157 196
158 228
159 242
160 240
161 213
161 224
163 206
163 212
163 196
164 176
164 181
164 229
165 219
165 193
166 188
166 192
167 217
168 227
168 205
168 210
168 225
169 180
169 236
169 223
170 200
171 199
171 191
172 200
174 178
174 207
174 194
175 211
176 229
177 208
177 183
178 207
178 194
179 214
179 237
180 236
180 223
181 229
182 221
182 234
183 208
184 249
185 216
185 239
185 248
186 235
186 247
187 190
188 192
189 250
189 197
191 199
193 219
194 207
196 212
196 206
197 250
201 226
202 230
202 232
203 243
203 245
203 231
205 227
206 212
209 244
210 227
214 237
216 239
216 248
218 243
218 231
218 245
221 234
222 246
223 236
225 227
231 245
231 243
233 241
235 247
239 248
243 245
