heur007_n_200_m_6731
1 84
1 31
2 33
4 141
5 75
6 162
7 161
8 141
9 133
9 200
10 162
11 106
12 143
13 69
14 75
15 39
15 86
16 199
16 82
16 48
17 120
17 104
18 143
19 97
20 77
21 107
23 43
23 148
24 77
25 99
26 163
28 106
29 87
30 163
31 84
32 53
33 179
34 151
34 73
35 90
35 173
36 152
37 125
37 167
38 140
38 76
39 86
40 53
41 157
41 134
42 178
42 55
43 148
44 152
45 70
45 139
45 194
46 114
46 135
47 175
47 81
47 57
48 82
49 128
50 68
50 174
51 129
51 91
52 144
52 95
54 186
54 113
55 178
56 195
57 81
58 124
58 67
59 94
59 155
60 116
61 195
62 65
62 172
63 176
65 172
67 124
70 139
71 146
72 191
72 100
73 151
74 158
76 140
78 126
78 147
79 138
79 150
80 158
81 175
82 199
83 128
85 117
85 182
87 96
88 145
88 181
89 142
89 119
92 164
92 193
94 155
95 144
97 171
98 168
99 187
101 176
102 131
102 188
103 166
103 127
104 120
105 137
108 137
110 123
110 154
111 197
112 177
112 149
113 186
114 135
115 153
115 184
116 132
117 182
118 156
119 142
121 183
121 160
122 159
123 154
125 167
126 147
127 166
131 188
133 200
134 157
136 197
138 150
139 194
145 181
146 165
149 177
153 184
156 185
160 183
161 170
164 193
168 192
169 190
180 189
180 198
