heur039_n_361_m_13593
1 304
1 160
2 246
2 149
3 351
3 22
4 231
4 237
5 40
5 58
6 308
6 150
7 215
7 9
8 163
8 344
9 215
10 62
10 140
11 131
11 100
12 181
12 122
13 264
13 233
14 327
17 257
17 220
18 69
18 355
19 67
19 137
20 112
20 81
22 351
23 339
23 228
24 263
24 123
26 227
26 82
27 357
27 189
28 337
29 48
30 204
30 328
31 148
31 184
32 170
32 272
33 313
33 288
34 109
34 208
35 111
35 247
36 135
36 271
37 95
37 251
38 145
38 301
39 172
39 158
40 58
41 285
42 195
42 155
43 324
43 176
44 317
44 147
45 318
45 336
46 102
47 77
47 311
48 85
49 200
49 260
50 66
50 298
51 325
51 266
52 54
53 203
53 293
54 190
55 168
55 352
56 183
57 295
57 265
59 188
59 206
60 302
60 223
61 361
62 140
63 129
64 94
64 105
65 278
66 298
67 137
68 124
68 126
69 355
70 338
71 175
71 186
72 310
72 169
73 182
73 291
74 253
74 235
75 216
75 132
76 187
77 311
78 114
79 321
79 277
80 192
80 221
81 112
82 227
83 349
84 359
84 283
86 244
86 274
88 178
89 133
89 356
90 129
91 202
91 230
92 338
93 107
95 251
96 299
96 335
97 157
97 296
98 218
98 262
99 278
100 131
101 116
102 171
103 187
104 117
104 297
106 249
106 153
106 348
107 156
108 178
110 141
113 128
113 290
114 210
115 179
115 177
116 275
117 297
118 361
119 139
119 196
120 226
120 284
121 306
121 286
122 181
123 263
124 126
125 159
125 214
127 312
127 162
128 290
130 213
130 209
132 216
133 356
134 315
136 248
136 207
138 287
138 211
139 196
141 164
142 285
143 268
143 154
144 270
144 254
145 301
146 303
146 267
147 317
148 184
149 246
151 337
152 194
152 224
153 249
153 348
154 268
155 195
157 296
158 172
159 214
160 304
161 173
161 276
162 312
163 344
165 193
165 259
167 238
168 352
169 310
170 272
175 186
177 179
180 327
182 291
183 245
185 243
185 332
188 206
189 357
191 240
191 322
192 221
193 259
194 224
197 320
199 346
199 340
200 260
201 309
201 294
202 230
204 328
205 281
205 261
207 248
217 329
217 316
218 262
219 239
222 358
222 319
223 302
225 236
226 284
229 354
229 342
232 326
232 331
233 264
234 241
234 333
238 256
239 347
240 322
242 320
243 332
244 274
250 360
250 279
252 315
254 270
255 323
255 341
258 300
258 353
261 281
265 295
266 325
267 303
273 307
273 305
277 321
279 360
282 334
283 359
286 306
288 313
289 350
292 350
294 309
299 335
300 353
314 334
316 329
318 336
319 358
323 341
326 331
340 346
342 354
343 349
