heur003_n_120_m_2588
1 78
1 92
2 84
3 18
3 57
4 111
4 68
5 118
5 29
6 88
6 109
6 42
7 99
7 64
8 98
8 61
9 27
9 25
10 45
10 91
11 81
11 69
12 65
12 103
13 20
13 30
14 56
14 34
15 43
15 40
16 66
17 37
17 112
18 57
19 24
19 74
20 30
21 50
23 108
26 66
28 90
31 49
32 54
32 76
33 95
34 56
35 46
35 94
37 112
38 72
39 80
40 43
41 80
42 88
42 109
44 115
44 55
45 91
47 89
48 73
48 119
50 62
51 63
52 104
53 82
53 114
54 76
55 115
59 89
60 63
61 98
64 99
65 103
67 99
68 111
70 108
71 96
71 107
73 119
75 100
75 117
82 114
83 116
84 110
86 116
87 102
87 113
88 109
100 117
102 113
