heur022_n_322_m_14226
1 265
4 91
5 296
5 100
7 166
7 34
7 70
8 311
9 180
10 278
10 233
10 106
12 99
12 270
14 92
16 32
19 89
20 149
21 259
24 131
26 269
27 121
27 281
29 149
31 33
32 169
34 166
36 156
37 261
41 316
44 273
45 154
46 299
47 208
48 251
49 312
53 316
54 219
55 134
57 145
59 207
62 87
63 116
64 273
68 136
68 137
68 96
69 144
72 235
73 120
76 130
76 232
76 165
77 167
80 265
88 221
94 282
95 302
95 215
99 270
100 322
100 296
103 283
106 278
107 228
111 195
112 312
117 161
119 251
121 281
122 286
122 310
127 280
127 308
128 258
130 232
130 165
135 211
135 175
136 137
150 171
158 225
164 236
165 232
165 240
175 211
181 247
184 317
189 194
189 200
191 309
194 200
199 242
201 313
208 263
213 297
214 246
215 302
232 240
233 278
243 290
257 308
257 280
