heur007_n_200_m_6731
1 100
1 93
1 94
1 32
1 107
2 198
2 97
2 193
2 102
2 84
3 194
3 196
3 198
3 192
3 193
3 102
4 71
4 72
4 177
4 122
4 158
4 159
5 44
5 38
5 168
5 169
5 82
6 71
6 175
6 179
6 161
6 158
6 159
7 155
7 123
7 128
7 139
7 143
8 33
8 44
8 38
8 168
8 169
8 170
8 73
8 82
8 70
9 196
9 198
9 97
9 102
9 50
10 29
10 129
10 131
10 134
10 144
10 150
10 156
10 160
10 162
10 163
11 124
12 124
13 155
13 182
13 123
13 128
13 139
13 143
14 136
14 146
14 138
14 106
14 108
14 111
14 35
14 41
14 178
15 71
15 175
15 177
15 179
15 158
15 159
16 155
16 182
16 123
16 127
16 128
16 139
16 143
17 29
17 129
17 131
17 134
17 144
17 150
17 160
17 162
17 163
17 52
17 61
18 29
18 129
18 131
18 134
18 144
18 150
18 156
18 160
18 162
18 163
18 52
18 61
19 33
19 44
19 168
19 169
19 170
19 82
19 70
20 93
20 121
20 107
20 117
21 93
21 107
22 192
22 193
22 102
23 93
23 107
23 117
24 93
24 107
24 117
25 100
25 107
25 117
26 69
26 153
26 154
26 157
27 136
27 146
27 138
27 106
27 108
27 111
28 69
28 153
28 154
28 62
29 129
29 131
29 134
29 150
29 156
29 162
29 163
29 68
29 52
29 54
29 57
29 58
29 61
30 69
30 74
30 76
30 153
30 154
30 157
30 59
30 60
30 62
31 167
31 171
31 173
31 115
31 120
31 186
31 91
31 92
31 126
32 100
32 93
32 94
32 121
32 117
33 168
33 169
33 170
33 73
33 82
33 70
34 67
34 172
34 77
34 174
34 180
34 55
35 176
35 178
35 136
35 138
35 108
35 111
35 49
35 146
36 89
36 195
36 133
36 135
36 137
36 191
37 167
37 171
37 173
37 115
37 120
37 186
37 91
37 92
37 126
38 168
38 169
38 170
38 73
38 82
38 70
39 67
39 172
39 174
39 180
39 55
40 176
40 178
40 181
40 136
40 138
40 106
40 108
40 111
40 49
40 146
41 176
41 178
41 181
41 136
41 138
41 106
41 108
41 111
41 49
41 146
42 88
42 98
42 75
42 78
42 79
42 80
42 81
42 86
43 90
43 83
43 85
43 164
43 165
43 141
43 114
43 119
43 116
43 184
44 168
44 169
44 170
44 73
44 82
44 70
45 89
45 87
45 195
45 133
45 135
45 137
45 109
45 191
46 89
46 87
46 195
46 133
46 135
46 137
46 110
46 191
47 90
47 83
47 85
47 147
47 164
47 165
47 141
47 112
47 114
47 119
47 116
47 118
47 183
48 88
48 98
48 96
48 103
48 104
48 105
48 75
48 79
48 81
48 86
49 136
49 146
49 138
49 106
49 108
49 111
49 176
49 178
49 181
50 192
50 97
50 193
50 102
50 84
50 187
50 196
50 194
50 198
51 167
51 115
51 120
51 186
51 91
51 92
51 126
52 68
52 160
52 162
52 129
52 131
52 134
52 144
52 150
53 88
53 98
53 96
53 103
53 104
53 105
53 75
53 79
53 81
53 86
54 160
54 162
54 163
54 131
54 144
54 150
54 156
55 197
55 199
55 200
55 172
55 174
55 63
56 97
56 193
56 102
56 196
56 198
57 61
57 160
57 162
57 129
57 131
57 134
57 144
57 150
58 160
58 162
58 129
58 131
58 134
58 144
58 150
59 69
59 154
59 74
59 153
59 157
60 69
60 154
60 74
60 153
60 157
61 68
61 160
61 162
61 163
61 129
61 131
61 134
61 144
61 150
61 156
62 69
62 154
62 74
62 76
62 153
62 157
63 172
64 142
64 148
64 149
64 151
64 185
64 188
64 190
65 142
65 145
65 148
65 149
65 151
65 152
65 185
65 188
65 190
66 130
66 124
66 125
67 200
67 174
68 160
68 162
68 163
68 129
68 144
68 150
68 156
69 153
69 154
69 157
70 168
70 169
70 170
71 177
71 175
71 161
71 158
71 159
72 161
72 158
72 159
73 168
73 169
74 153
74 154
74 157
75 104
75 105
75 98
76 153
76 154
76 157
77 197
77 172
78 104
78 105
78 103
78 96
78 98
79 104
79 105
79 98
80 104
80 105
80 98
81 104
81 105
81 96
81 98
82 168
82 169
83 140
83 147
83 141
83 112
83 114
83 119
83 116
83 118
83 183
84 193
84 196
84 194
84 198
85 140
85 147
85 141
85 112
85 113
85 119
85 116
85 118
85 183
85 184
86 104
86 105
87 195
87 101
87 109
87 110
87 189
89 195
89 133
89 137
89 189
90 140
90 147
90 141
90 112
90 113
90 114
90 119
90 116
90 118
90 183
90 184
91 167
91 115
91 120
91 186
92 167
92 171
92 120
92 186
93 121
93 107
93 117
94 121
94 107
94 117
95 142
95 145
95 148
95 149
97 192
97 187
97 194
99 133
99 137
100 121
100 117
101 133
101 135
101 137
102 192
102 194
106 136
106 138
106 146
106 176
106 178
108 138
108 176
108 178
108 181
109 133
109 137
110 195
110 133
110 135
110 137
111 138
111 176
111 178
111 181
112 114
112 141
112 184
112 118
112 119
112 164
112 165
112 140
112 147
113 116
113 184
113 118
113 119
113 164
113 165
113 140
113 147
114 183
114 184
114 164
114 165
114 140
115 186
115 126
116 164
116 165
118 141
118 164
118 165
118 140
118 147
119 141
119 164
119 165
119 140
119 147
120 186
120 173
120 126
122 177
122 179
122 175
122 161
122 158
122 159
123 155
123 166
123 182
123 139
123 143
126 167
126 171
126 186
127 155
127 166
127 182
127 139
127 143
128 166
128 182
129 144
129 150
129 162
129 163
131 144
131 156
131 150
131 160
131 162
131 163
132 155
132 182
132 139
132 143
133 195
133 189
133 191
134 144
134 156
134 150
134 160
134 162
134 163
135 195
135 189
135 191
136 176
136 178
136 181
137 195
137 189
137 191
138 176
138 178
138 181
139 166
140 164
140 165
140 183
140 184
141 183
141 184
141 164
141 165
142 185
142 188
143 166
145 188
146 176
146 181
147 183
147 184
148 185
148 188
148 190
149 185
149 188
151 185
151 188
152 185
152 188
152 190
158 177
158 179
159 175
159 177
159 179
161 175
161 177
161 179
164 183
164 184
165 183
165 184
171 186
172 199
174 200
174 197
174 199
180 199
183 184
187 194
