heur017_n_300_m_15641
1 100
1 102
1 103
1 72
1 75
1 76
1 237
1 236
2 100
2 102
2 103
2 72
2 76
2 237
2 236
3 178
4 218
4 220
4 213
4 120
4 138
4 110
4 258
5 192
5 193
5 198
5 99
5 104
5 201
5 200
5 202
5 208
5 214
5 221
5 93
6 218
6 220
6 213
6 120
6 138
6 110
6 161
6 258
6 261
6 262
6 265
6 266
6 267
6 156
7 185
7 178
8 238
8 112
8 113
8 111
8 63
9 218
9 220
9 213
9 120
9 138
9 110
9 161
9 258
9 261
9 262
9 265
9 266
9 267
9 156
10 185
10 177
11 192
11 198
11 99
11 104
11 200
11 202
11 208
11 214
11 221
11 93
12 234
12 235
12 238
12 113
12 111
12 16
12 63
13 112
13 113
13 111
13 29
13 63
14 100
14 102
14 103
14 75
14 76
14 237
15 63
15 234
15 235
15 238
15 111
15 112
15 113
16 29
16 20
16 63
16 238
16 111
16 112
16 113
17 63
17 238
17 111
17 112
17 113
18 178
18 185
18 50
19 177
19 185
20 63
20 234
20 235
20 238
20 111
20 112
20 113
21 63
21 238
21 111
21 113
22 91
22 92
22 86
22 260
22 263
22 82
22 70
22 71
23 172
23 173
23 174
23 62
24 172
24 173
24 174
24 217
24 205
24 207
25 177
25 185
26 91
26 92
26 264
26 260
26 263
26 82
27 273
27 275
27 268
27 115
27 107
27 117
27 290
27 291
27 194
27 196
27 298
27 141
27 146
27 151
28 91
28 92
28 86
28 263
28 82
28 70
28 71
29 63
29 234
29 235
29 238
29 111
29 112
29 113
30 162
30 158
30 256
30 257
30 251
30 81
30 83
30 77
31 184
31 181
31 190
31 124
31 132
31 171
31 180
31 126
32 280
32 288
32 282
32 96
32 98
32 101
32 66
32 69
32 61
33 172
33 217
34 172
34 173
34 174
34 217
34 205
34 207
35 280
35 288
35 282
35 96
35 98
35 101
35 66
35 69
35 242
35 244
35 249
35 61
36 273
36 275
36 268
36 107
36 117
36 194
36 196
36 141
36 146
37 184
37 181
37 190
37 121
37 124
37 119
37 130
37 132
37 171
37 176
37 180
37 126
38 280
38 288
38 282
38 96
38 98
38 101
38 66
38 69
38 242
38 244
38 249
38 61
39 162
39 165
39 158
39 256
39 257
39 251
39 81
39 83
39 77
40 162
40 165
40 158
40 256
40 257
40 251
40 81
40 83
40 77
41 250
41 252
41 247
41 73
41 74
41 79
41 88
41 89
41 94
42 184
42 181
42 190
42 121
42 124
42 119
42 130
42 132
42 171
42 176
42 180
42 126
43 247
43 73
43 74
43 79
43 88
43 89
43 94
44 250
44 252
44 247
44 73
44 74
44 79
44 88
44 89
44 94
45 299
45 294
45 295
45 292
45 293
45 300
45 197
45 199
45 203
45 206
45 211
45 216
46 299
46 294
46 295
46 292
46 293
46 300
46 197
46 199
46 206
46 216
47 172
47 173
47 174
47 205
48 299
48 294
48 295
48 293
48 300
48 197
48 199
48 203
48 206
48 211
48 216
49 128
49 133
49 136
49 140
49 239
49 243
49 122
49 123
50 185
51 128
51 225
51 136
51 140
51 239
51 243
51 122
51 123
52 177
52 178
52 185
53 128
53 133
53 136
53 140
53 239
53 122
53 123
54 177
54 178
54 185
55 152
55 170
55 163
55 153
55 148
55 233
55 228
55 223
56 152
56 170
56 163
56 153
56 154
56 148
56 228
56 223
57 152
57 163
57 153
57 154
57 148
57 233
57 228
57 223
58 259
58 254
58 255
58 160
58 145
58 147
58 279
58 281
58 285
59 259
59 254
59 255
59 160
59 145
59 147
59 279
59 281
59 285
60 259
60 254
60 255
60 160
60 145
60 147
60 279
60 281
60 285
61 249
61 242
61 244
61 288
61 280
61 282
62 172
62 173
62 174
62 217
62 205
62 207
64 240
64 241
64 248
64 186
64 187
64 188
64 209
64 219
64 212
65 240
65 241
65 248
65 186
65 187
65 188
65 209
65 219
65 212
66 249
66 242
66 288
66 96
66 280
66 282
67 240
67 241
67 248
67 186
67 187
67 188
67 209
67 219
67 212
68 273
68 275
68 268
68 290
68 291
68 194
68 195
68 196
68 298
68 141
68 146
68 151
69 249
69 242
69 244
69 288
69 280
69 282
70 260
70 263
70 264
71 260
71 263
71 264
72 100
72 245
73 247
73 250
73 252
74 250
74 252
75 237
75 245
76 237
76 236
76 245
77 162
77 165
77 251
77 158
78 135
78 175
78 183
78 189
78 137
78 139
78 269
78 270
78 272
78 276
78 277
78 278
79 247
79 252
80 135
80 175
80 189
80 137
80 139
80 269
80 270
80 272
80 276
80 278
81 257
81 162
81 251
81 158
82 260
82 263
82 264
83 256
83 257
83 251
83 158
84 204
84 210
84 215
85 189
85 269
85 270
85 272
85 276
85 278
86 264
86 260
86 263
87 106
87 204
87 210
87 215
88 250
88 252
89 247
89 250
89 252
90 204
90 210
90 114
90 118
90 215
91 264
91 260
91 263
92 264
92 260
92 263
93 200
93 201
93 202
93 208
93 214
93 221
93 192
93 193
93 198
94 247
94 250
94 252
95 204
95 210
96 288
96 280
96 282
96 242
96 244
96 249
97 210
97 215
98 288
98 280
98 282
98 242
98 244
98 249
99 214
99 192
99 198
100 237
100 236
100 245
101 288
101 280
101 282
101 242
101 244
102 237
102 236
102 245
103 237
103 245
104 200
104 201
104 202
104 208
104 214
104 221
104 192
104 193
104 198
105 210
105 215
106 204
106 210
106 114
106 215
107 268
107 273
107 275
107 290
107 291
107 194
107 195
107 196
107 298
107 151
108 204
108 210
108 215
109 204
109 210
110 213
110 220
110 161
110 258
110 261
110 262
110 167
110 265
110 266
110 267
110 156
111 234
111 235
111 238
112 234
112 235
112 238
113 234
113 235
113 238
114 210
114 204
114 215
115 268
115 273
115 275
115 290
115 291
115 194
115 195
115 196
115 298
115 146
115 151
116 210
116 204
116 215
117 273
117 275
117 291
117 194
117 195
117 196
117 298
117 146
118 215
119 184
119 190
119 180
120 220
120 161
120 258
120 261
120 262
120 167
120 265
120 266
121 184
121 190
121 171
121 176
121 180
122 136
122 140
122 225
122 243
122 239
123 225
124 184
124 190
124 171
124 176
124 180
125 168
125 142
125 143
125 232
125 229
125 222
125 179
125 191
126 176
126 171
126 180
126 181
126 184
126 190
127 168
127 142
127 143
127 232
127 229
127 222
127 182
127 191
128 136
128 140
128 225
128 243
128 239
129 269
129 270
129 272
129 276
129 278
129 175
129 183
129 189
130 176
130 171
130 180
130 181
130 184
130 190
131 183
131 189
131 175
131 137
131 139
131 269
131 278
132 176
132 171
132 180
132 181
132 184
132 190
133 136
133 140
134 183
134 189
134 175
134 137
134 269
134 270
134 272
134 276
134 278
135 189
135 175
135 269
135 270
135 272
135 276
135 277
135 278
136 225
137 269
137 272
137 276
137 277
137 278
138 213
138 220
138 261
138 262
138 265
138 266
138 267
139 269
139 270
139 272
139 278
139 175
139 189
140 225
141 290
141 291
141 298
141 195
141 196
141 268
141 273
141 275
142 253
142 232
142 229
142 222
142 179
142 182
142 191
143 253
143 222
143 179
143 191
144 274
144 287
144 271
144 169
144 283
144 284
144 286
145 281
145 279
145 259
145 254
145 255
146 290
146 291
146 298
146 194
146 195
146 196
146 268
146 273
146 275
147 279
147 254
147 255
148 233
148 228
149 274
149 287
149 169
149 283
149 284
149 286
150 274
150 287
150 271
150 283
150 286
151 291
151 195
151 196
151 268
151 275
152 233
152 228
152 223
153 170
153 233
153 228
154 170
154 233
154 228
154 223
155 297
155 224
155 226
155 230
155 231
155 246
156 258
156 261
156 262
156 265
156 266
156 267
156 220
157 289
157 224
157 226
157 227
157 231
157 246
158 256
158 257
158 251
159 286
160 281
160 279
160 259
160 254
160 255
161 258
161 261
161 262
161 213
161 218
161 220
162 251
163 233
163 223
164 289
164 297
164 224
164 226
164 230
164 231
164 246
165 251
166 286
167 258
167 261
167 262
167 265
167 266
167 267
168 253
169 271
169 274
169 283
169 286
175 269
175 270
175 272
175 276
175 277
175 278
179 253
182 253
183 269
183 270
183 272
183 276
183 277
183 278
189 269
189 270
189 272
189 276
189 277
189 278
191 253
194 291
194 268
194 275
195 291
195 268
195 275
196 291
196 298
196 268
196 275
197 292
197 293
197 295
197 299
197 300
199 292
199 293
199 295
199 299
199 300
203 292
203 293
203 294
203 295
203 299
203 300
206 292
206 293
206 294
206 295
206 299
211 292
211 293
211 294
211 295
211 299
211 300
213 258
213 261
213 262
213 265
213 266
213 267
216 292
216 293
216 295
216 299
216 300
218 258
218 261
218 262
218 265
218 266
218 267
220 258
220 261
220 262
220 265
220 266
220 267
222 253
224 289
224 296
224 297
226 289
226 296
226 297
227 289
227 296
229 253
230 289
230 296
230 297
231 289
231 296
231 297
232 253
242 288
242 280
242 282
244 288
244 280
244 282
246 289
246 296
246 297
249 288
249 280
249 282
293 295
