heur033_n_330_m_13861
1 160
1 161
1 163
1 164
1 165
2 160
2 161
2 163
2 164
2 165
3 160
3 164
3 165
4 160
4 161
4 164
4 165
5 130
5 51
5 53
5 54
5 57
5 95
6 130
6 51
6 53
6 54
6 57
6 95
7 160
7 161
7 164
7 165
8 130
8 51
8 53
8 54
8 57
8 95
9 130
9 51
9 53
9 54
9 57
9 95
10 130
10 51
10 53
10 54
10 57
10 95
11 130
11 51
11 53
11 54
11 95
12 224
12 225
12 226
12 228
12 230
12 231
13 224
13 225
13 226
13 228
13 230
13 231
14 224
14 225
14 226
14 228
14 230
14 231
15 224
15 225
15 226
15 228
15 230
15 231
16 52
16 167
16 168
16 169
16 173
16 206
16 208
17 52
17 167
17 168
17 169
17 173
17 206
17 208
18 52
18 167
18 168
18 169
18 173
18 206
18 208
19 52
19 167
19 168
19 169
19 173
19 206
19 208
20 52
20 167
20 168
20 169
20 173
20 206
20 208
21 144
21 119
21 120
22 144
22 119
22 120
23 144
23 119
23 120
24 144
25 144
26 144
27 141
27 142
27 143
27 145
27 179
27 183
28 141
28 142
28 143
28 145
28 179
28 183
29 141
29 142
29 143
29 145
29 179
29 183
30 141
30 142
30 143
30 145
30 179
30 183
31 141
31 142
31 143
31 145
31 179
31 183
32 141
32 142
32 143
32 145
32 179
32 183
33 174
33 175
33 176
33 177
33 178
33 180
34 174
34 175
34 176
34 177
34 178
34 180
35 174
35 175
35 176
35 177
35 178
35 180
36 174
36 175
36 176
36 177
36 178
36 180
37 289
37 272
37 273
37 274
37 275
37 277
38 289
38 272
38 273
38 274
38 275
38 277
39 174
39 175
39 176
39 177
39 178
39 180
40 289
40 272
40 273
40 274
40 275
40 277
41 289
41 272
41 273
41 274
41 275
41 277
42 289
42 272
42 273
42 274
42 275
42 277
43 174
43 175
43 176
43 177
43 178
43 180
44 192
44 193
44 194
44 188
44 189
44 191
45 90
46 90
47 90
48 90
49 289
49 272
49 273
49 274
49 275
49 277
50 52
50 167
50 168
50 169
50 206
50 208
52 167
52 168
52 169
52 173
52 206
52 208
55 224
55 225
55 226
55 228
55 230
55 231
56 224
56 225
56 226
56 228
56 230
56 231
58 204
58 205
58 209
58 210
58 212
58 213
59 204
59 205
59 209
59 210
59 212
59 213
60 204
60 205
60 209
60 210
60 212
60 213
61 299
61 301
61 302
61 303
61 305
61 314
62 193
62 194
63 193
63 194
64 299
64 301
64 302
64 303
64 305
64 314
65 194
66 86
66 89
66 90
68 299
68 301
68 302
68 303
68 305
68 314
69 299
69 301
69 302
69 303
69 305
69 314
70 86
70 89
70 90
71 299
71 301
71 302
71 303
71 305
71 314
72 265
72 266
72 267
72 268
72 269
72 270
73 265
73 266
73 267
73 268
73 269
73 270
74 265
74 266
74 267
74 268
74 269
74 270
75 188
75 189
76 265
76 266
76 267
76 268
76 269
76 270
77 265
77 266
77 267
77 268
77 269
77 270
78 265
78 266
78 267
78 268
78 269
78 270
80 299
80 301
80 302
80 303
80 305
80 314
82 257
82 258
82 260
82 262
82 264
82 255
84 257
84 258
84 260
84 262
84 264
84 255
85 257
85 258
85 260
85 262
85 264
85 255
87 227
87 181
87 182
87 184
87 186
87 222
88 227
88 181
88 182
88 184
88 186
88 222
92 170
93 170
94 170
94 171
96 170
96 171
96 172
97 170
97 171
97 172
98 204
98 205
98 209
98 210
98 212
98 213
99 204
99 205
99 209
99 210
99 212
99 213
100 204
100 205
100 209
100 210
100 212
100 213
101 241
101 242
101 243
101 244
101 245
101 247
102 241
102 242
102 243
102 244
102 245
102 247
103 128
103 129
103 131
103 123
103 124
103 126
104 241
104 242
104 243
104 244
104 245
104 247
105 241
105 242
105 243
105 244
105 245
105 247
106 128
106 129
106 131
106 123
106 124
106 126
107 128
107 129
107 131
107 123
107 124
107 126
108 241
108 242
108 243
108 244
108 245
108 247
109 257
109 258
109 260
109 262
109 264
109 255
110 128
110 129
110 131
110 123
110 124
110 126
111 128
111 129
111 131
111 123
111 124
111 126
112 241
112 242
112 243
112 244
112 245
112 247
113 257
113 258
113 260
113 262
113 264
113 255
114 128
114 129
114 131
114 124
114 126
115 227
115 181
115 182
115 184
115 186
115 222
116 257
116 258
116 260
116 262
116 264
116 255
121 227
121 181
121 182
121 184
121 186
121 222
122 227
122 181
122 182
122 184
122 186
122 222
125 202
125 203
125 237
127 227
127 181
127 182
127 184
127 186
127 222
132 249
132 223
133 249
133 253
133 223
137 249
137 253
137 223
138 214
138 249
138 253
139 214
139 249
139 253
140 214
140 216
140 249
140 219
140 253
146 200
146 201
146 202
146 203
146 236
146 237
147 200
147 201
147 202
147 203
147 236
147 237
148 276
148 278
148 279
148 280
148 286
149 278
149 279
149 280
149 286
151 279
151 280
151 286
152 279
152 280
152 286
153 201
153 202
153 203
154 320
154 321
154 322
154 328
154 315
155 271
155 286
156 328
156 315
157 328
157 315
162 320
162 321
162 315
162 319
185 276
185 278
185 279
185 280
185 286
187 320
187 321
187 322
187 328
187 315
187 319
190 320
190 321
190 322
190 328
190 319
195 211
195 215
195 217
195 218
195 220
195 221
196 211
196 215
196 217
196 218
196 220
196 221
197 211
197 215
197 217
197 218
197 220
197 221
198 211
198 215
198 217
198 218
198 220
198 221
199 211
199 215
199 217
199 218
199 220
199 221
207 211
229 323
235 306
235 307
235 308
235 309
238 306
238 307
238 308
238 309
238 310
238 313
239 311
239 312
240 306
240 307
240 308
240 309
240 310
240 313
246 330
250 330
251 324
251 325
251 326
251 327
251 330
252 324
252 325
252 326
252 330
254 323
254 311
254 312
254 316
254 317
254 318
256 324
256 325
256 326
256 327
256 329
259 324
259 325
259 326
259 327
259 329
261 323
261 316
261 317
261 318
263 323
263 316
263 317
263 318
281 295
281 296
281 297
281 298
281 300
281 304
282 295
282 296
282 297
282 298
282 300
282 304
283 295
283 296
283 297
283 298
283 300
283 304
284 295
284 296
284 297
284 298
284 300
284 304
285 295
285 296
285 297
285 298
285 300
285 304
287 298
287 300
287 304
