heur012_n_250_m_20035
6 186
11 32
11 33
11 34
11 35
11 38
11 28
11 31
12 32
12 38
14 32
14 33
14 34
14 35
14 38
14 28
16 32
18 32
18 34
18 38
20 32
20 33
20 34
20 35
20 38
21 191
22 32
22 33
22 34
22 35
22 38
22 28
23 164
23 166
23 168
23 169
23 170
23 171
24 164
24 166
24 168
24 169
24 170
24 171
25 164
25 166
25 168
25 169
25 170
25 171
26 242
26 243
26 244
26 246
26 247
26 248
26 249
27 242
27 243
27 244
27 246
27 247
27 248
27 249
29 243
29 244
29 247
29 248
29 249
30 242
30 243
30 244
30 246
30 247
30 248
30 249
36 97
36 102
36 86
36 94
37 101
37 102
37 94
39 101
39 102
39 94
40 101
40 102
41 101
41 102
41 94
42 101
42 102
42 94
43 97
43 101
43 102
43 86
43 94
44 209
44 212
46 209
46 210
48 208
48 209
48 210
48 212
48 215
49 197
49 188
50 195
50 197
53 166
54 202
54 203
54 204
54 205
54 206
54 207
54 211
55 202
55 203
55 204
55 205
55 206
55 207
55 211
56 166
57 202
57 203
57 204
57 205
57 206
57 207
57 211
58 202
58 203
58 204
58 205
58 206
58 207
58 211
59 202
59 203
59 204
59 205
59 206
59 207
59 211
60 202
60 203
60 204
60 205
60 206
60 207
60 211
61 196
61 200
61 201
62 200
62 201
63 196
63 200
63 201
64 200
64 201
65 201
66 200
66 201
67 196
67 199
67 200
67 201
68 110
70 202
70 203
70 204
70 205
70 206
70 207
70 211
75 110
77 197
77 198
77 189
78 197
78 189
90 124
90 125
95 124
95 125
96 124
96 125
98 124
98 125
99 124
99 125
104 216
104 217
104 218
104 219
104 220
104 221
104 222
105 216
105 217
105 218
105 219
105 220
105 221
105 222
106 216
106 217
106 218
106 219
106 220
106 221
106 222
109 216
109 217
109 218
109 219
109 220
109 221
109 222
111 216
111 217
111 218
111 219
111 220
111 221
111 222
112 216
112 217
112 218
112 219
112 220
112 221
112 222
113 216
113 217
113 218
113 219
113 220
113 221
113 222
114 176
114 177
114 178
116 176
116 177
116 178
116 180
117 176
117 177
117 178
118 176
118 177
118 178
120 175
120 176
120 177
120 178
120 180
121 176
121 177
121 178
121 180
123 176
123 177
123 178
123 180
124 130
125 130
141 154
143 154
143 158
143 159
144 154
146 154
147 154
149 154
150 154
150 156
150 157
150 158
150 159
151 227
151 228
151 223
152 239
152 241
160 232
160 240
161 232
161 233
161 240
162 232
162 240
163 232
163 233
163 235
163 240
165 232
165 240
167 230
167 231
167 232
167 233
167 235
167 237
167 240
172 232
172 233
172 235
172 240
