heur004_n_140_m_3014
2 49
2 50
2 52
2 53
2 56
2 108
2 87
3 49
3 50
3 52
3 53
3 56
3 108
3 81
3 83
3 86
3 87
3 88
5 49
5 50
5 53
5 55
5 56
5 108
5 81
5 83
5 86
5 87
5 88
6 9
6 26
9 13
11 26
12 26
13 26
18 128
18 132
18 134
18 122
18 123
18 125
19 134
19 122
19 123
20 26
22 128
22 132
22 134
22 123
22 125
23 128
23 132
23 134
23 122
23 123
23 125
24 128
24 132
24 134
24 122
24 123
24 125
25 132
25 134
25 122
25 123
25 125
27 135
27 136
27 137
27 138
27 139
27 140
28 66
28 70
28 77
28 59
28 63
29 66
29 70
29 77
29 54
29 59
29 63
30 135
30 136
30 137
30 139
30 140
31 66
31 70
31 54
31 59
31 63
32 135
32 137
32 138
32 140
33 72
33 73
33 75
33 76
33 79
33 82
34 72
34 73
34 75
34 76
34 82
35 135
35 136
35 137
35 139
35 140
36 72
36 75
36 76
36 82
37 66
37 70
37 54
37 59
37 63
38 72
38 73
38 75
38 76
38 79
38 82
39 72
39 75
39 76
39 79
39 82
40 66
40 70
40 59
41 135
41 137
41 138
41 139
41 140
42 135
42 136
42 137
42 138
42 139
42 140
43 101
43 102
43 91
43 95
44 101
44 91
44 95
45 66
45 70
45 77
45 54
45 59
45 63
46 93
47 101
47 102
47 91
48 101
48 102
48 91
48 95
49 108
49 87
50 108
51 101
51 102
51 95
52 108
52 81
52 87
52 88
53 108
53 86
55 108
56 108
56 81
57 80
57 84
58 109
58 110
58 112
58 121
60 109
60 110
60 111
60 120
60 121
61 78
61 80
61 84
61 85
62 78
62 80
62 84
62 85
62 90
62 94
64 78
64 80
64 84
64 85
64 90
64 94
65 78
65 80
65 84
65 85
67 110
67 111
67 121
68 78
68 80
68 84
68 90
69 110
69 111
69 112
69 120
69 121
74 110
74 111
89 109
89 110
89 111
89 112
89 120
89 121
96 100
96 124
97 124
99 107
99 113
100 107
103 124
104 107
104 113
105 107
105 113
106 107
107 124
114 129
114 130
114 131
114 133
114 126
114 127
115 129
115 130
115 131
115 133
115 126
115 127
116 129
116 130
116 131
116 133
116 126
116 127
117 129
117 130
117 131
117 133
117 126
117 127
118 129
118 130
118 131
118 133
118 126
118 127
119 129
119 130
119 131
119 133
119 126
119 127
