heur036_n_347_m_17983
1 172
1 303
1 281
1 282
2 109
2 110
2 171
3 64
3 228
3 78
3 84
3 94
3 105
3 99
3 93
4 246
5 178
5 322
5 151
6 172
6 124
6 125
6 294
6 303
6 281
6 282
7 40
7 17
7 55
7 256
7 233
7 16
7 51
7 147
7 126
8 228
8 78
8 84
8 94
8 105
8 99
8 93
9 178
9 48
9 151
10 72
10 163
10 31
11 163
11 127
11 129
11 72
11 42
11 244
11 152
11 156
12 236
12 246
12 89
12 222
12 57
13 127
14 104
14 169
14 19
14 21
14 186
14 271
14 52
14 249
15 225
15 226
15 204
15 206
15 207
15 305
15 241
15 315
15 286
16 160
16 158
16 168
16 233
16 147
16 126
16 40
16 17
16 55
17 256
17 160
17 168
17 233
17 51
17 147
17 126
17 158
18 19
18 21
18 186
18 258
18 271
18 52
18 277
18 54
18 249
19 104
19 169
19 186
19 30
19 258
19 269
19 271
19 52
19 277
19 54
19 249
19 59
19 252
20 237
20 279
20 161
20 324
20 138
20 211
20 119
20 254
21 104
21 169
21 186
21 30
21 258
21 269
21 271
21 52
21 277
21 54
21 249
21 59
21 252
22 89
22 222
22 57
23 81
23 178
24 146
24 107
24 142
24 203
24 214
24 289
24 332
24 86
24 310
24 218
25 220
25 237
25 279
25 318
25 161
25 324
25 138
25 211
25 119
25 314
25 316
25 254
26 210
26 212
26 60
27 38
27 44
27 109
27 45
27 75
28 202
28 330
28 331
28 345
28 190
28 191
28 192
28 177
28 268
28 173
29 64
29 228
29 78
29 84
29 62
29 94
29 105
29 99
29 93
30 104
30 169
30 186
30 271
31 122
31 115
31 128
31 163
31 127
31 129
31 37
31 261
31 72
31 42
31 244
31 152
31 250
31 156
32 317
32 301
32 302
32 292
32 260
32 208
32 243
32 247
32 280
33 197
33 166
33 201
33 153
33 188
33 97
33 58
33 148
33 69
34 201
34 153
34 97
34 58
34 148
34 69
35 137
35 149
35 134
35 210
35 212
35 60
36 317
36 301
36 302
36 292
36 260
36 208
36 243
36 247
36 280
37 244
37 261
37 129
37 156
37 152
37 163
38 109
38 110
38 73
38 130
38 171
39 172
39 124
39 125
39 313
39 303
39 281
39 282
40 256
40 160
40 168
40 233
40 51
40 147
40 126
40 158
41 88
41 230
41 112
41 116
41 213
42 72
42 156
42 152
42 128
42 163
42 127
43 146
43 107
43 142
43 203
43 214
43 289
43 332
43 49
43 86
43 310
43 218
44 109
44 110
44 73
44 171
45 109
45 110
45 73
45 130
45 75
45 171
46 225
46 226
46 204
46 206
46 207
46 305
46 241
46 315
46 286
47 225
47 226
47 204
47 206
47 207
47 305
47 241
47 315
47 286
48 290
48 323
48 322
48 327
48 81
48 178
49 289
49 332
49 310
49 165
49 107
49 203
49 142
49 146
49 214
50 194
50 236
50 246
50 89
50 222
50 57
51 160
51 158
51 168
51 233
51 147
51 126
51 55
52 258
52 271
52 277
52 249
52 104
52 169
52 186
53 149
53 134
53 205
53 210
53 212
53 60
54 271
54 169
54 186
55 256
55 160
55 168
55 233
55 147
55 126
55 158
56 162
56 182
56 96
56 90
56 92
56 340
56 342
56 343
57 194
57 236
57 246
57 155
57 222
58 69
58 229
58 87
59 271
59 186
60 193
60 210
60 212
60 205
60 134
60 137
60 149
61 239
61 238
61 255
61 320
61 257
61 295
61 266
61 140
61 82
62 94
62 228
62 78
63 88
63 91
63 85
63 230
63 200
63 112
63 242
63 116
63 213
63 215
63 187
64 94
64 228
64 78
65 185
65 179
65 181
65 308
65 285
65 300
65 136
65 141
65 272
65 113
65 274
65 276
65 118
65 278
65 159
66 239
66 238
66 255
66 320
66 257
66 295
66 266
66 140
66 82
67 88
67 91
67 85
67 230
67 200
67 112
67 242
67 116
67 213
67 215
67 187
68 220
68 237
68 279
68 318
68 161
68 324
68 138
68 211
68 119
68 314
68 316
68 254
69 97
69 148
69 197
69 166
69 229
69 201
69 87
70 288
70 235
70 333
70 180
70 245
70 154
70 259
70 167
70 175
70 341
71 288
71 235
71 333
71 180
71 245
71 154
71 259
71 167
71 175
72 152
72 129
72 156
72 261
72 244
72 250
72 128
72 163
72 108
72 115
72 122
72 127
73 109
73 110
73 79
73 130
73 74
73 75
73 171
73 139
73 80
74 171
74 109
75 171
75 109
76 123
76 309
76 231
76 227
76 164
76 325
76 296
76 209
76 150
76 248
76 217
77 117
77 287
77 224
77 234
77 307
77 321
77 133
77 299
77 145
77 251
78 84
78 105
78 99
78 93
79 171
80 171
80 109
81 178
81 290
81 323
81 322
81 326
81 327
81 304
81 151
82 257
82 266
82 295
82 255
82 238
82 239
82 95
83 288
83 235
83 333
83 180
83 245
83 154
83 259
83 167
83 175
84 94
84 228
84 99
85 230
85 116
85 213
86 289
86 332
86 310
86 98
86 165
86 107
86 203
86 142
86 146
86 214
87 197
87 166
87 201
87 153
87 188
87 97
87 148
88 230
88 200
88 106
88 112
88 242
88 116
88 213
88 215
88 187
89 194
89 236
89 246
89 155
89 222
90 162
90 182
90 223
90 342
91 230
91 200
91 112
91 116
91 213
92 223
92 342
93 228
93 94
94 105
94 99
95 239
95 238
95 255
95 320
95 257
95 295
95 266
95 140
96 162
96 182
96 223
96 340
96 342
97 197
97 229
97 201
97 153
97 188
98 146
98 107
98 142
98 203
98 165
98 214
98 289
98 332
98 310
98 218
99 228
100 117
100 287
100 234
100 307
100 321
100 133
100 328
100 145
100 251
101 199
101 196
101 334
101 319
102 234
102 307
102 321
102 133
102 145
102 251
103 117
103 287
103 234
103 307
103 321
103 133
103 299
103 145
103 251
104 258
104 271
105 228
106 242
106 230
106 213
107 203
107 165
107 214
107 289
107 332
107 310
107 218
108 163
109 171
109 139
110 130
110 171
111 317
111 301
111 302
111 292
111 260
111 208
111 243
111 247
111 280
112 242
112 230
112 187
112 213
113 276
113 278
113 159
113 179
113 308
113 181
113 185
113 285
114 262
114 198
114 199
114 216
114 283
114 196
114 334
114 319
115 156
116 242
116 230
116 215
116 200
116 187
116 213
117 224
117 234
117 307
117 321
117 133
117 328
117 298
117 299
117 145
117 251
118 141
118 276
118 159
118 181
119 161
119 211
119 254
119 314
119 316
119 318
119 237
119 279
119 220
120 336
120 291
120 293
120 240
120 306
120 219
120 189
121 337
121 339
121 267
122 127
122 261
122 152
122 156
123 227
123 164
123 325
123 296
123 297
123 209
123 150
123 248
123 217
124 303
124 282
125 303
125 282
126 256
126 160
126 168
126 158
127 129
127 261
127 244
127 152
127 156
128 129
128 261
128 244
128 156
129 250
129 163
131 262
131 198
131 216
131 283
131 196
131 334
131 319
132 337
132 267
132 221
133 328
133 299
133 298
133 251
133 224
133 234
133 307
133 287
134 212
135 336
135 291
135 293
135 240
135 219
135 189
136 141
136 272
136 274
136 276
136 278
136 159
136 300
136 179
136 308
136 181
136 185
136 285
137 210
137 212
138 161
138 211
138 254
138 314
138 316
138 318
138 237
138 279
138 220
140 257
140 266
140 295
140 255
140 238
140 239
141 272
141 274
141 278
141 300
141 179
141 308
141 181
141 185
141 285
142 203
142 165
142 214
142 289
142 332
142 310
142 218
143 246
144 336
144 291
144 293
144 240
144 219
144 189
145 328
145 299
145 298
145 251
145 224
145 234
145 307
145 287
146 203
146 165
146 214
146 289
146 332
146 310
146 218
147 256
147 160
147 168
147 158
148 197
148 166
148 229
148 201
148 153
148 188
149 193
149 212
150 296
150 297
150 325
150 227
150 164
150 209
150 248
150 217
150 309
150 231
151 290
151 323
151 322
151 326
151 327
151 304
151 178
152 261
152 250
152 163
153 197
153 229
154 288
154 235
154 245
154 259
154 167
154 175
154 335
154 338
154 341
155 246
156 261
156 244
156 250
156 163
157 347
157 176
157 275
158 256
158 233
159 272
159 274
159 278
159 300
159 179
159 308
159 181
159 185
159 285
160 256
160 233
161 324
161 314
161 318
161 237
161 279
161 220
162 340
163 261
163 244
163 250
164 209
164 227
164 217
164 296
164 297
164 325
164 309
164 231
165 289
165 332
165 310
165 218
166 229
167 338
167 335
167 288
167 235
167 333
167 180
168 256
168 233
169 258
169 271
169 277
169 249
170 337
170 346
170 339
170 267
170 221
172 294
172 313
172 303
172 281
172 282
172 284
173 177
173 330
173 190
174 275
174 347
175 338
175 341
175 335
175 288
175 235
175 333
175 180
175 245
176 273
176 275
176 195
176 347
177 192
177 268
177 202
177 331
177 330
177 345
177 190
177 191
178 290
178 323
178 322
178 326
178 327
178 304
179 300
179 276
179 278
180 288
180 235
180 245
180 259
180 335
180 338
180 341
181 308
181 285
181 300
181 272
181 274
181 276
181 278
182 342
183 275
183 347
184 329
184 275
185 300
185 276
185 278
186 258
186 269
186 271
186 277
186 249
186 252
187 230
187 242
187 215
189 312
189 306
189 311
189 291
189 293
189 336
190 330
190 192
190 268
191 330
191 192
191 268
192 202
192 331
192 330
192 345
193 212
194 222
195 347
195 275
196 198
196 262
196 199
196 265
196 216
196 283
198 262
198 334
198 319
199 283
199 334
199 319
200 242
201 229
202 345
202 268
203 289
203 332
203 310
203 218
205 212
207 305
207 315
207 225
207 226
209 248
209 309
209 231
210 212
211 324
211 314
211 316
211 318
211 237
211 279
211 220
213 230
213 242
213 215
214 289
214 332
214 310
214 218
216 283
216 262
216 334
216 319
217 248
217 296
217 297
217 325
217 309
217 231
218 289
218 332
218 310
219 312
219 306
219 311
219 291
219 293
219 336
220 324
220 314
220 254
221 263
221 270
222 236
222 246
223 340
224 287
224 321
224 251
225 315
226 315
227 248
227 309
227 231
231 325
231 296
231 297
231 248
233 256
234 287
234 321
234 328
234 298
234 251
235 333
235 259
235 335
235 338
235 341
237 324
237 314
237 316
237 254
238 320
239 320
239 295
239 266
240 312
240 306
240 311
240 291
240 293
240 336
243 292
243 247
243 301
243 302
243 317
245 333
245 259
245 335
245 338
245 341
247 280
247 301
247 302
248 296
248 297
248 325
248 309
249 271
251 328
251 298
251 299
251 321
251 307
251 287
252 271
253 337
253 267
254 324
254 314
254 316
254 318
254 279
255 320
255 295
255 266
257 320
258 271
259 338
259 341
259 335
259 288
259 333
260 292
262 334
262 319
263 337
263 339
263 346
263 267
264 347
265 334
265 319
266 320
267 270
267 337
267 339
267 346
268 331
268 330
268 345
270 337
272 276
272 300
273 347
274 276
274 300
275 344
276 278
276 300
276 308
276 285
278 300
278 308
279 324
279 314
279 316
280 292
280 301
280 302
281 303
282 313
282 303
283 334
283 319
287 307
287 321
287 328
287 298
287 299
288 333
288 335
288 338
288 341
290 323
290 326
291 306
291 311
291 312
292 301
292 302
292 317
293 306
293 311
293 312
295 320
296 309
297 309
298 321
299 321
299 307
306 336
307 321
307 328
309 325
311 336
312 336
314 324
316 324
318 324
321 328
322 323
322 326
322 327
333 335
333 338
333 341
