heur030_n_330_m_5613
1 256
1 258
1 254
1 255
1 291
1 230
1 231
1 232
1 234
1 245
1 246
1 249
2 235
2 236
2 237
2 239
2 144
2 146
2 149
2 150
2 96
2 98
2 99
2 100
2 140
2 141
2 58
2 95
3 235
3 236
3 237
3 239
3 144
3 146
3 149
3 150
3 96
3 98
3 99
3 100
3 140
3 141
3 58
3 95
4 256
4 258
4 254
4 255
4 291
4 230
4 231
4 232
4 234
4 245
4 246
4 249
5 256
5 258
5 254
5 255
5 291
5 230
5 231
5 232
5 234
5 245
5 246
5 249
6 12
6 152
6 153
6 190
6 191
6 107
6 50
7 12
7 152
7 153
7 190
7 191
7 107
7 50
8 192
8 194
8 155
8 195
8 280
8 281
8 284
8 321
9 192
9 194
9 155
9 195
9 280
9 281
9 284
9 321
10 12
10 152
10 153
10 190
10 191
10 68
10 69
10 107
10 79
10 50
11 256
11 258
11 254
11 255
11 291
11 230
11 231
11 232
11 234
11 245
11 246
11 249
12 18
12 152
12 153
12 190
12 191
12 65
12 68
12 69
12 107
12 45
12 79
13 24
13 21
13 20
13 61
13 120
13 202
13 156
13 154
14 24
14 21
14 20
14 61
14 120
14 202
14 156
14 154
15 24
15 21
15 20
15 61
15 120
15 202
15 156
15 154
16 120
16 202
16 156
16 154
17 192
17 194
17 155
17 195
17 280
17 281
17 284
17 321
18 152
18 153
18 190
18 191
18 107
18 45
18 79
18 49
18 50
19 192
19 194
19 155
19 195
19 280
19 281
19 284
19 321
20 120
20 202
20 156
20 154
21 120
21 202
21 156
21 154
22 47
22 48
22 208
22 209
22 247
22 88
22 89
22 250
23 314
23 315
23 316
23 317
24 120
24 202
24 156
24 154
25 225
25 228
25 229
25 214
25 215
25 217
25 218
25 189
26 225
26 228
26 229
26 214
26 215
26 217
26 218
26 189
27 314
27 315
27 316
27 317
28 257
28 259
28 263
28 46
28 248
29 314
29 315
29 316
29 317
30 257
30 259
30 263
30 46
30 248
31 314
31 315
31 316
31 317
32 329
32 325
32 326
32 327
32 64
32 108
33 329
33 325
33 326
33 327
33 64
33 108
34 248
34 257
34 259
34 263
35 257
35 259
35 263
35 46
35 248
36 329
36 325
36 326
36 327
36 64
36 108
37 329
37 325
37 326
37 327
37 64
37 108
38 104
38 105
38 110
38 143
38 305
38 306
38 307
38 308
39 257
39 259
39 263
39 248
40 248
40 257
40 259
40 263
41 248
41 257
41 259
41 263
42 104
42 105
42 110
42 143
42 305
42 306
42 307
42 308
43 104
43 105
43 143
43 305
43 306
43 307
43 308
44 104
44 105
44 110
44 143
44 305
44 306
44 307
44 308
45 65
45 107
45 68
45 69
45 152
45 153
45 190
45 191
46 248
46 257
46 259
46 263
47 208
47 209
47 250
47 247
47 59
47 60
47 63
48 208
48 209
48 250
48 247
48 59
48 60
48 63
49 65
49 107
49 68
49 69
49 152
49 153
49 190
49 191
50 65
50 107
50 68
50 69
50 152
50 153
50 190
50 191
51 169
51 170
51 172
51 167
51 80
51 164
51 85
51 86
52 169
52 170
52 172
52 167
52 80
52 164
52 85
52 86
53 169
53 170
53 172
53 167
53 80
53 164
53 85
53 86
54 224
54 226
54 227
54 187
54 90
54 91
55 224
55 226
55 227
55 187
55 90
55 91
55 92
56 260
56 261
56 262
56 297
56 310
56 311
56 312
56 313
57 160
57 161
57 123
57 157
58 96
58 95
58 235
58 236
58 237
58 239
58 144
58 146
58 149
58 150
59 208
59 209
59 247
59 88
59 89
59 250
60 208
60 209
60 247
60 88
60 89
60 250
61 120
61 202
61 156
61 154
62 225
62 228
62 229
62 214
62 215
62 217
62 218
62 189
63 208
63 209
63 247
63 88
63 89
63 250
64 325
64 326
64 327
64 329
65 79
65 152
65 153
65 190
65 191
66 177
66 180
66 133
66 135
66 171
66 173
66 175
66 282
66 283
66 285
66 287
67 325
67 326
67 327
67 329
68 79
68 153
68 190
68 191
69 79
69 153
69 190
69 191
70 314
70 315
70 316
70 317
71 314
71 315
71 316
71 317
72 314
72 315
72 316
72 317
73 130
73 132
73 93
73 174
73 179
73 220
73 181
73 182
74 325
74 326
74 327
74 329
75 130
75 132
75 93
75 174
75 179
75 220
75 181
75 182
76 314
76 315
76 316
76 317
77 130
77 132
77 93
77 174
77 179
77 220
77 181
77 182
78 111
78 298
78 166
78 207
79 107
79 152
79 153
79 190
79 191
80 167
80 169
80 170
80 172
80 94
81 114
81 111
81 298
81 125
81 166
81 207
82 114
82 115
82 111
82 298
82 125
82 166
82 207
83 162
83 223
83 198
83 222
83 219
83 221
83 158
83 159
84 121
84 124
84 87
84 162
84 223
84 198
84 222
84 219
84 221
84 158
84 159
85 167
85 169
85 170
85 172
85 94
86 167
86 169
86 170
86 172
86 94
87 117
87 119
87 162
87 223
87 198
87 222
87 219
87 221
87 158
87 159
88 208
88 209
88 250
88 247
89 208
89 209
89 250
89 247
90 224
90 226
90 187
90 227
90 136
90 97
91 224
91 226
91 187
91 227
91 136
91 97
92 224
92 226
92 187
92 227
92 136
92 97
93 113
93 179
93 220
93 181
93 182
94 169
94 170
94 172
94 167
94 164
95 140
95 100
95 141
95 235
95 236
95 237
95 239
95 144
95 146
95 149
95 150
96 140
96 100
96 141
96 235
96 236
96 237
96 239
96 144
96 146
96 149
96 150
97 224
97 226
97 227
97 187
98 100
98 141
98 235
98 236
98 237
98 239
98 144
98 146
98 149
98 150
99 235
99 236
99 237
99 239
99 144
99 146
99 149
99 150
100 235
100 236
100 237
100 239
100 144
100 146
100 149
100 150
101 177
101 180
101 133
101 135
101 171
101 173
101 175
101 282
101 283
101 285
101 287
102 225
102 228
102 229
102 214
102 215
102 217
102 218
102 189
103 177
103 180
103 133
103 135
103 171
103 173
103 175
103 282
103 283
103 285
103 287
104 305
104 306
104 307
104 308
105 305
105 306
105 307
105 308
106 165
106 206
106 271
106 210
106 275
106 276
106 278
106 127
107 153
108 325
108 326
108 327
108 329
109 265
109 266
109 268
109 269
109 273
109 274
109 277
109 279
110 305
110 306
110 307
110 308
111 122
111 298
111 166
111 207
112 265
112 266
112 268
112 269
112 273
112 274
112 277
112 279
113 130
113 132
113 174
113 179
113 220
113 181
113 182
114 122
114 298
114 125
114 166
114 207
115 122
115 298
115 166
115 207
116 122
116 298
116 166
116 207
117 124
117 223
117 222
117 219
117 221
118 223
118 222
118 219
118 221
119 223
119 222
119 219
119 221
121 223
121 198
121 222
121 219
121 221
122 298
122 125
122 166
122 207
124 223
124 198
124 222
124 219
124 221
124 158
124 159
126 288
126 292
126 294
126 295
126 296
126 299
126 309
126 286
127 275
127 276
127 278
127 271
127 145
127 147
127 148
128 288
128 292
128 294
128 295
128 296
128 299
128 309
128 286
129 288
129 292
129 294
129 295
129 296
129 299
129 309
129 286
130 179
130 220
130 181
130 182
131 260
131 261
131 262
131 297
131 310
131 311
131 312
131 313
132 179
132 220
132 181
132 182
133 142
133 282
133 283
133 285
133 287
134 260
134 261
134 262
134 297
134 310
134 311
134 312
134 313
135 282
135 283
135 285
135 287
135 142
135 180
136 224
136 226
136 227
136 187
137 260
137 261
137 262
137 297
137 310
137 311
137 312
137 313
138 203
138 204
138 205
138 243
138 200
138 201
138 163
138 238
139 203
139 204
139 205
139 243
139 200
139 201
139 163
139 238
140 235
140 236
140 237
140 239
140 144
140 146
140 149
140 150
141 235
141 236
141 237
141 239
141 144
141 146
141 149
141 150
142 177
142 180
142 171
142 173
142 175
142 282
142 283
142 285
142 287
143 305
143 306
143 307
143 308
144 235
144 236
144 237
144 239
145 165
145 206
145 271
145 210
145 275
145 276
145 278
146 235
146 236
146 237
146 239
147 165
147 206
147 271
147 210
147 275
147 276
147 278
148 165
148 206
148 271
148 210
148 275
148 276
148 278
149 235
149 236
149 237
149 239
150 235
150 236
150 237
150 239
151 265
151 266
151 268
151 269
151 273
151 274
151 277
151 279
155 280
155 281
155 284
155 321
158 219
158 221
158 222
158 223
159 219
159 221
159 222
159 223
162 219
162 221
162 222
162 223
163 176
163 178
163 243
164 169
164 170
164 172
165 275
165 276
165 278
165 271
168 288
168 292
168 294
168 295
168 296
168 299
168 309
168 286
171 282
171 283
171 285
171 287
171 177
171 180
173 282
173 283
173 285
173 287
173 180
174 179
174 220
174 181
174 182
175 282
175 283
175 285
175 287
175 180
176 203
176 204
176 205
176 243
176 200
176 201
176 238
177 282
177 283
177 285
177 287
178 203
178 204
178 205
178 243
178 200
178 201
178 238
180 282
180 283
180 285
180 287
183 240
183 241
183 242
183 244
183 328
183 330
183 323
183 324
184 240
184 241
184 242
184 244
184 328
184 330
184 323
184 324
185 240
185 241
185 242
185 244
185 328
185 330
185 323
185 324
186 240
186 241
186 242
186 244
186 328
186 330
186 323
186 324
188 265
188 273
188 274
188 277
188 279
189 217
189 218
189 214
189 215
192 280
192 281
192 284
192 321
193 289
193 290
193 293
193 301
193 211
193 212
193 251
193 252
194 280
194 281
194 284
194 321
195 280
195 281
195 284
195 321
196 289
196 290
196 293
196 301
196 211
196 212
196 251
196 252
197 289
197 290
197 293
197 301
197 211
197 212
197 251
197 252
198 219
198 221
198 222
198 223
199 289
199 290
199 293
199 301
199 211
199 212
199 251
199 252
200 204
200 205
201 205
203 238
204 238
205 238
206 275
206 276
206 278
206 271
210 275
210 276
210 278
210 271
211 289
211 290
211 293
211 301
212 289
212 290
212 293
212 301
213 264
213 233
213 267
213 270
213 272
213 320
213 322
213 300
213 302
213 303
213 304
213 318
213 319
214 229
214 225
214 228
215 229
215 225
215 228
216 264
216 233
216 267
216 270
216 272
216 320
216 322
216 300
216 302
216 303
216 304
216 318
216 319
217 229
217 225
217 228
218 229
218 225
218 228
230 249
230 291
230 245
230 246
230 256
230 258
230 254
230 255
231 249
231 291
231 245
231 246
231 256
231 258
231 254
231 255
232 249
232 291
232 245
232 246
232 256
232 258
232 254
232 255
233 253
233 320
233 322
233 300
233 302
233 303
233 304
233 319
234 249
234 291
234 245
234 246
234 256
234 258
234 254
234 255
238 243
240 328
240 330
241 328
241 330
242 330
244 330
244 324
245 256
245 258
245 254
245 255
246 256
246 258
246 254
246 255
249 256
249 258
249 254
249 255
251 289
251 290
251 293
251 301
252 289
252 290
252 301
253 264
253 267
253 270
253 272
253 320
253 322
253 300
253 302
253 303
253 304
253 318
253 319
255 291
256 291
258 291
260 312
260 313
260 310
260 311
261 312
261 313
261 311
262 312
262 313
264 272
264 320
264 322
264 318
264 319
265 273
265 274
265 277
265 279
266 273
266 274
266 277
266 279
267 272
267 320
267 322
267 300
267 302
267 303
267 304
267 318
267 319
268 274
268 277
268 279
269 277
269 279
270 320
270 322
270 300
270 318
270 319
272 320
272 322
272 300
272 302
272 303
272 304
272 319
286 296
286 299
286 309
286 295
288 296
288 299
288 309
288 295
292 299
292 309
294 309
300 320
300 322
300 318
300 319
302 320
302 322
302 318
302 319
303 320
303 322
303 318
303 319
304 320
304 322
304 318
304 319
