heur009_n_250_m_1450
1 165
1 104
1 170
2 34
2 164
2 36
2 208
2 211
2 152
3 34
3 164
3 36
3 208
3 211
3 152
4 166
4 158
4 192
4 161
4 174
4 111
4 181
4 53
4 118
4 56
4 155
4 157
5 219
5 222
5 30
5 139
6 224
6 121
6 123
7 163
7 167
7 168
7 244
7 80
7 231
7 195
7 79
8 184
8 194
8 216
8 129
8 146
8 218
9 66
9 69
9 110
9 116
9 83
9 108
9 103
10 112
10 114
10 50
10 44
10 144
10 141
10 169
10 171
10 12
11 166
11 158
11 192
11 161
11 174
11 111
11 181
11 53
11 118
11 56
11 155
11 157
12 169
12 171
12 44
12 112
12 144
12 50
12 114
12 21
13 224
13 121
13 123
14 66
14 69
14 110
14 116
14 83
14 108
14 103
15 238
15 246
16 48
16 106
17 165
17 104
17 170
17 142
18 134
18 71
18 72
18 77
18 47
18 243
18 147
18 54
18 250
18 28
20 89
20 145
20 93
20 150
20 149
20 143
20 94
21 112
21 114
21 50
21 44
21 141
21 24
21 169
21 171
22 200
22 229
22 239
22 233
22 133
22 230
23 48
23 106
24 169
24 171
24 44
24 141
24 112
24 144
24 50
24 114
25 134
25 71
25 72
25 77
25 47
25 243
25 147
25 54
25 250
25 28
26 74
26 75
27 240
27 237
27 227
27 148
28 72
28 71
28 250
28 243
28 54
28 77
28 147
28 134
30 219
30 222
30 126
30 139
32 33
32 132
32 39
32 136
32 52
32 62
32 228
32 197
32 234
32 154
32 189
33 52
33 62
33 136
33 132
33 228
33 197
33 234
33 154
33 189
34 152
34 211
34 164
34 208
35 240
35 237
35 227
35 148
36 152
36 211
36 164
36 208
37 212
37 180
37 88
37 186
37 95
37 179
37 183
38 225
38 215
38 201
38 204
39 52
39 62
39 136
39 132
39 228
39 197
39 234
39 154
39 189
40 206
40 97
40 67
40 135
40 173
40 81
40 59
40 159
41 212
41 180
41 88
41 186
41 95
41 179
41 183
42 205
42 232
42 185
42 187
43 225
43 215
43 201
43 204
44 112
44 114
44 144
44 141
44 169
44 171
45 160
45 58
45 61
46 160
46 58
46 61
47 72
47 71
47 250
47 243
47 54
47 77
47 147
47 134
48 106
49 205
49 232
49 185
49 187
50 112
50 114
50 144
50 141
50 169
50 171
51 248
51 242
51 105
51 202
51 138
51 140
51 209
51 117
52 136
52 132
52 228
52 197
52 234
52 154
52 189
53 192
53 181
53 161
53 174
53 111
53 118
53 155
53 157
53 158
53 166
54 243
54 250
54 77
54 147
54 134
55 248
55 242
55 105
55 202
55 138
55 140
55 209
55 117
56 192
56 181
56 161
56 174
56 111
56 118
56 155
56 157
56 158
56 166
57 193
57 196
58 160
59 173
59 159
59 81
59 97
59 135
59 206
61 160
62 136
62 132
62 228
62 197
62 234
62 154
62 189
65 193
65 196
66 110
66 116
66 83
66 108
66 103
67 173
67 159
67 81
67 97
67 135
67 206
69 110
69 116
69 83
69 108
69 103
70 130
70 98
70 84
71 250
71 243
71 77
71 147
71 134
72 250
72 243
72 77
72 147
72 134
73 130
73 98
73 84
77 243
77 250
77 147
77 134
78 96
78 203
78 119
78 124
78 223
79 231
79 195
79 131
79 163
79 167
79 168
79 244
80 231
80 195
80 131
80 163
80 167
80 168
80 244
81 173
81 159
81 135
81 206
83 108
83 116
83 103
83 110
84 130
85 120
85 125
86 124
86 119
86 203
86 223
86 87
87 96
87 203
87 119
87 124
87 223
88 186
88 180
88 212
88 179
88 183
89 145
89 150
89 149
89 143
89 94
91 120
91 125
93 145
93 150
93 149
93 143
93 94
94 143
94 145
94 149
94 150
95 186
95 180
95 212
95 179
95 183
96 124
96 119
96 203
96 223
97 173
97 159
97 135
97 206
98 130
99 221
99 214
99 113
99 109
100 221
100 214
100 113
100 109
101 122
101 182
103 116
103 108
103 110
104 170
104 165
104 137
104 142
105 209
105 202
105 138
105 140
105 248
105 242
107 122
107 182
108 110
109 221
109 214
110 116
111 161
111 155
111 157
111 174
111 181
111 192
111 158
111 166
112 144
112 141
112 169
112 171
113 221
113 214
114 144
114 141
114 169
114 171
115 198
115 199
117 209
117 202
117 138
117 140
117 248
117 242
118 161
118 155
118 157
118 174
118 181
118 192
118 166
119 203
119 223
121 224
122 182
123 224
124 203
124 223
126 219
126 222
126 139
128 238
128 246
129 194
129 184
129 216
129 218
131 163
131 167
131 168
131 244
131 231
131 195
132 197
132 234
132 154
132 189
133 233
133 230
133 200
133 229
133 239
134 243
134 250
135 173
135 159
135 206
136 228
136 197
136 234
136 154
136 189
137 170
137 165
138 202
138 209
138 248
138 242
139 219
139 222
140 202
140 209
140 248
140 242
141 169
141 171
142 170
142 165
144 169
144 171
146 194
146 184
146 216
146 218
147 243
148 240
152 208
152 211
153 198
153 199
154 197
154 189
154 234
154 228
155 174
155 181
155 192
155 166
156 226
156 249
156 207
156 245
156 247
156 217
157 161
157 181
157 192
157 166
158 192
158 174
158 181
159 206
161 174
161 181
161 192
161 166
162 226
162 249
162 207
162 245
162 247
162 217
163 168
163 244
163 231
163 195
164 208
164 211
166 192
166 174
166 181
167 168
167 244
167 231
167 195
168 244
168 231
168 195
173 206
174 181
174 192
176 210
176 220
176 213
179 180
179 212
179 186
180 212
180 183
183 212
183 186
184 216
184 218
185 232
185 205
186 212
187 232
187 205
189 234
189 228
191 210
191 220
191 213
194 216
194 218
195 231
195 244
197 234
197 228
200 229
200 239
200 233
200 230
201 225
201 215
202 248
202 242
204 225
204 215
205 232
207 245
207 247
207 249
207 226
209 248
209 242
210 220
216 218
217 245
217 247
217 249
217 226
226 247
227 240
229 233
231 244
