heur037_n_347_m_31752
1 51
1 47
1 17
1 19
1 21
2 51
2 47
2 17
2 19
2 21
5 148
5 256
5 255
6 148
6 256
6 257
6 271
6 255
8 178
9 178
9 266
9 267
10 178
11 107
12 107
13 178
14 107
15 337
15 330
15 331
15 335
15 97
15 296
15 107
15 300
15 80
15 83
15 285
16 120
16 121
16 36
16 39
16 31
17 193
17 194
17 203
17 100
17 106
17 51
17 91
17 92
18 96
18 33
18 34
18 55
19 193
19 194
19 203
19 190
19 100
19 106
19 51
19 91
19 92
20 90
20 33
20 55
21 193
21 194
21 203
21 190
21 100
21 51
21 91
21 92
22 36
22 31
23 93
23 34
23 55
24 338
25 143
25 148
25 135
25 256
25 271
25 255
26 217
26 228
27 33
27 38
27 55
28 120
28 121
28 127
28 36
28 39
28 30
28 31
29 239
29 49
29 60
31 48
31 121
32 65
32 164
32 169
32 170
32 173
32 174
32 85
32 88
33 96
33 71
33 90
33 93
34 96
34 93
35 65
35 164
35 169
35 87
35 88
35 94
36 48
36 120
36 121
36 127
37 239
37 60
38 96
38 93
39 117
40 65
40 164
40 169
40 170
40 173
40 174
40 85
40 88
42 213
42 239
42 43
42 60
43 239
44 266
44 267
45 84
45 213
46 65
46 164
46 169
46 170
46 173
46 174
46 85
46 87
46 88
47 193
47 194
47 203
47 190
47 100
47 106
47 51
47 91
47 92
48 121
48 127
49 239
49 84
49 213
49 214
50 329
50 338
50 340
50 216
50 217
50 228
50 222
51 100
51 106
51 91
51 92
51 193
51 194
51 203
51 190
52 89
52 57
53 266
53 267
55 96
55 71
55 90
55 93
56 323
56 327
56 70
56 280
56 126
57 281
57 282
57 278
57 197
57 63
58 78
58 177
58 150
59 151
59 288
59 289
59 287
60 239
60 208
60 84
60 214
61 177
61 150
62 288
62 289
62 287
63 278
63 89
65 164
65 170
65 173
65 174
65 85
65 87
65 88
65 94
66 278
66 89
67 259
67 262
67 276
67 251
68 137
68 124
68 288
68 287
69 137
69 124
69 118
69 151
69 288
69 289
69 292
69 287
70 277
70 322
70 323
70 327
70 78
70 177
70 150
72 259
72 238
72 276
72 246
72 249
72 251
73 218
73 219
73 220
73 317
73 332
73 301
73 310
74 218
74 219
74 332
74 310
76 259
76 262
76 276
76 245
76 246
76 251
77 259
77 262
77 238
77 276
77 245
77 251
78 322
78 323
78 325
78 327
78 272
78 274
78 280
78 126
79 332
81 136
81 104
81 315
82 345
82 339
82 342
82 343
82 200
82 201
82 215
82 207
82 113
82 108
82 109
82 110
83 300
84 208
84 214
84 239
85 164
85 169
85 170
86 212
86 145
86 253
87 164
87 169
87 170
87 174
88 164
88 169
88 170
88 173
89 282
89 278
89 197
92 203
94 164
94 169
94 170
94 173
94 174
95 212
95 132
95 261
95 145
95 253
97 284
97 300
97 337
98 212
99 218
99 220
99 227
99 317
99 332
99 310
101 291
101 229
101 293
101 235
102 212
102 145
103 111
104 111
105 226
105 291
105 229
105 293
105 235
105 279
107 296
107 284
107 331
107 335
109 207
109 339
109 342
109 343
109 215
110 207
111 136
111 114
111 312
111 313
111 315
112 291
112 293
112 234
115 141
116 314
118 288
118 289
118 287
119 328
119 329
119 338
119 340
119 216
119 217
119 228
119 222
122 334
123 186
123 195
123 189
123 183
123 224
123 225
123 294
123 298
123 221
123 223
124 288
124 289
124 287
125 130
125 336
125 316
125 314
126 272
126 280
126 274
126 277
126 322
126 323
126 325
126 327
126 177
126 150
128 336
129 320
129 334
130 159
130 336
131 320
131 334
132 242
132 212
133 226
133 291
133 229
133 293
133 234
133 235
133 279
134 261
134 212
135 256
135 271
136 313
136 315
136 326
137 288
137 289
137 287
138 202
138 204
138 205
138 206
138 260
138 166
138 263
138 139
138 149
138 153
138 250
138 252
139 263
140 240
140 243
140 236
140 237
141 336
141 314
142 240
142 243
142 236
142 237
144 297
144 320
144 334
145 253
145 242
145 244
145 212
146 240
146 243
146 236
146 237
147 240
147 243
147 236
147 237
148 256
148 257
148 271
148 255
150 322
150 323
150 325
150 327
150 272
150 274
150 277
150 280
151 288
151 289
151 292
151 287
152 336
154 236
154 237
154 240
154 243
155 212
156 175
156 167
157 256
158 175
158 172
158 167
158 346
159 336
161 175
162 192
162 254
163 192
163 211
163 268
163 254
163 275
163 270
164 169
164 170
164 173
164 174
165 192
165 211
165 268
165 254
165 275
167 168
167 344
168 175
168 172
171 192
171 211
171 268
171 254
171 273
172 344
172 341
175 344
175 346
175 347
175 341
176 324
176 295
176 248
177 322
177 323
177 325
177 327
177 272
177 274
177 277
177 280
178 264
178 265
178 266
178 267
179 324
179 302
179 248
180 236
180 237
180 240
180 243
181 290
181 324
181 302
181 304
181 209
181 210
181 248
182 230
182 333
182 319
183 231
183 321
183 309
183 223
184 324
184 248
185 333
185 319
186 231
186 224
186 225
186 321
186 294
186 298
186 309
186 221
186 223
187 230
187 333
187 319
188 230
188 333
188 319
189 231
189 225
189 321
189 298
189 309
189 223
192 273
192 269
192 270
195 231
195 321
195 309
196 236
196 237
196 240
196 243
202 263
204 263
205 263
211 273
211 270
212 261
212 242
212 244
212 253
216 329
216 338
217 338
218 332
218 310
219 317
219 332
219 301
219 310
220 332
221 321
221 309
221 231
222 338
223 309
223 231
224 309
224 231
225 309
225 231
226 291
226 293
227 332
228 328
228 338
229 291
229 283
229 293
230 319
230 333
231 294
231 298
232 319
232 333
233 236
233 237
233 240
233 243
234 291
234 293
234 279
235 291
235 283
235 293
235 279
238 276
238 246
238 259
241 319
241 333
245 276
245 246
245 262
245 259
246 251
246 259
247 319
247 333
248 304
248 290
248 302
248 295
249 259
251 258
251 276
251 262
251 259
254 273
254 269
254 270
258 259
259 262
259 276
268 273
268 270
277 322
280 322
290 324
295 324
297 320
297 307
297 334
299 320
299 307
299 334
300 330
302 324
304 324
305 320
305 307
305 334
307 308
308 320
308 334
