heur035_n_345_m_17798
1 299
1 268
1 266
1 269
1 274
1 189
2 305
2 290
2 323
2 267
2 228
2 239
3 272
3 280
3 277
3 160
3 66
3 68
3 297
3 78
3 207
3 157
4 238
4 308
4 216
4 217
4 314
4 288
4 284
4 263
5 238
5 308
5 216
5 217
5 314
5 288
5 284
5 263
6 272
6 280
6 277
6 160
6 66
6 68
6 78
6 207
6 157
7 202
7 114
7 118
7 122
8 70
8 77
8 60
8 326
8 102
8 338
8 54
8 311
8 58
9 138
9 144
9 341
9 343
9 345
9 158
10 238
10 216
10 217
10 288
10 284
10 263
11 70
11 77
11 60
11 326
11 102
11 338
11 54
11 58
12 305
12 290
12 323
12 267
12 228
12 239
12 169
12 234
13 70
13 77
13 60
13 102
13 338
13 54
13 58
14 131
14 164
14 134
14 250
14 213
14 278
14 64
14 133
14 95
15 90
15 299
15 268
15 266
15 269
15 274
15 189
16 131
16 164
16 134
16 250
16 213
16 278
16 64
16 133
16 95
17 202
17 204
17 114
17 118
17 122
18 131
18 164
18 134
18 250
18 213
18 278
18 64
18 133
18 95
19 292
19 270
19 279
19 249
19 264
20 114
20 118
20 122
21 299
21 266
21 269
21 189
22 138
22 144
22 341
22 343
22 345
22 158
23 192
23 186
23 165
23 121
24 49
24 36
24 162
24 174
24 214
24 151
24 215
25 209
25 198
25 230
25 148
25 149
25 143
25 259
25 261
25 79
25 281
25 92
26 248
26 170
26 219
26 233
26 236
26 254
27 285
27 226
27 218
27 235
27 101
27 294
27 104
27 275
27 243
27 93
28 315
28 283
28 302
28 43
28 53
28 71
28 61
29 192
29 186
29 165
29 121
30 292
30 270
30 279
31 71
31 43
31 302
31 315
31 53
31 283
32 315
32 283
32 302
32 43
32 53
32 71
32 61
33 162
33 174
33 214
33 151
33 215
34 71
34 43
34 302
34 315
34 53
34 283
35 305
35 290
35 323
35 267
35 228
35 239
36 162
36 232
36 174
36 151
37 256
37 316
37 135
37 176
37 181
38 248
38 170
38 219
38 233
38 236
38 254
39 192
39 186
39 165
39 121
40 146
40 125
40 159
40 237
40 258
40 229
40 313
40 325
40 309
41 138
41 144
41 341
41 343
41 345
41 158
42 146
42 125
42 159
42 237
42 258
42 229
42 313
42 325
42 309
43 65
43 302
43 315
43 283
43 61
44 248
44 170
44 219
44 233
44 236
44 254
45 256
45 316
45 135
45 168
45 176
45 181
46 162
46 174
46 151
46 215
47 344
47 291
47 310
47 99
47 115
47 126
48 209
48 198
48 230
48 148
48 149
48 143
48 259
48 261
48 281
49 162
49 174
49 151
50 129
50 130
50 124
50 81
50 84
50 89
51 344
51 291
51 310
51 99
51 103
51 141
51 115
51 126
52 129
52 130
52 124
52 81
52 84
52 89
53 65
53 302
53 315
53 283
53 61
54 338
54 326
54 311
54 70
54 330
54 77
54 60
54 317
54 318
55 200
55 195
55 203
55 96
55 287
55 295
55 298
55 82
56 256
56 135
56 176
56 181
57 146
57 125
57 159
57 237
57 258
57 229
57 313
57 325
57 309
58 338
58 326
58 311
58 70
58 330
58 77
58 60
58 317
58 318
59 292
59 270
59 279
59 249
59 264
60 330
60 317
60 318
60 326
60 102
60 338
60 311
61 65
61 71
61 302
61 315
61 283
62 344
62 291
62 310
62 99
62 115
62 126
63 304
63 300
63 332
63 327
63 76
63 333
63 85
63 86
63 319
64 131
64 164
64 134
64 213
64 278
64 250
65 315
65 283
65 302
65 71
66 297
66 301
66 160
66 157
66 207
66 272
66 277
66 280
67 209
67 198
67 230
67 148
67 149
67 143
67 259
67 261
67 79
67 281
68 297
68 301
68 160
68 157
68 207
68 272
68 277
68 280
69 304
69 300
69 332
69 327
69 76
69 333
69 85
69 86
69 319
70 330
70 317
70 318
70 326
70 102
70 338
70 311
71 302
71 315
71 283
72 224
72 194
72 140
72 173
72 205
72 80
72 147
72 120
73 224
73 194
73 140
73 173
73 205
73 80
73 147
73 120
74 162
74 174
74 151
74 215
75 224
75 194
75 140
75 173
75 205
75 147
75 120
76 333
76 327
76 319
76 196
76 300
76 332
76 304
76 211
76 91
76 221
77 330
77 317
77 318
77 326
77 102
77 338
77 311
78 301
78 160
78 157
78 207
78 272
78 277
78 280
79 281
79 259
79 261
79 198
79 230
79 143
79 209
79 148
79 149
80 224
80 194
80 205
80 140
80 123
80 147
81 320
81 306
81 324
81 129
81 130
81 113
81 124
82 208
82 193
82 223
82 298
82 295
82 287
82 195
82 132
82 166
82 200
82 203
82 172
83 192
83 165
83 186
84 320
84 306
84 324
84 129
84 130
84 113
84 124
85 333
85 327
85 319
85 196
85 300
85 332
85 304
85 211
85 91
85 221
86 333
86 327
86 319
86 196
86 300
86 332
86 304
86 211
86 91
86 221
87 225
87 231
87 145
88 225
88 231
88 145
89 320
89 306
89 324
89 129
89 130
89 113
89 124
90 299
90 268
90 266
90 269
90 274
91 304
91 300
91 332
91 327
91 333
91 319
92 281
92 259
92 261
92 198
92 230
92 143
92 209
92 148
92 149
93 226
93 235
93 335
93 312
93 218
93 285
94 202
94 114
94 118
94 122
95 131
95 164
95 134
95 213
95 278
95 250
96 208
96 193
96 223
96 298
96 295
96 287
96 195
96 132
96 166
96 200
96 203
96 172
97 192
97 165
97 186
98 114
98 118
98 122
99 141
99 110
99 103
99 291
99 310
99 344
100 225
100 231
100 145
101 226
101 235
101 335
101 312
101 218
101 285
102 338
102 326
102 311
102 330
102 317
102 318
103 115
103 126
103 291
103 310
103 344
104 226
104 235
104 335
104 312
104 218
104 285
105 190
105 191
105 331
105 339
106 190
106 191
106 331
106 339
107 321
107 328
107 329
107 175
107 307
107 184
107 252
107 253
108 281
108 259
108 261
108 198
108 230
108 143
108 209
108 148
108 149
109 190
109 191
109 331
109 339
110 115
110 126
110 291
110 310
110 344
111 199
111 273
111 210
111 282
111 220
111 286
111 227
111 244
111 222
112 299
112 268
112 266
112 269
112 274
112 189
113 129
113 130
113 124
114 202
114 204
114 212
114 177
114 178
114 116
114 179
115 141
115 291
115 310
115 344
116 118
116 122
117 199
117 273
117 210
117 282
117 220
117 286
117 227
117 244
117 222
118 202
118 204
118 212
118 177
118 178
118 179
119 321
119 328
119 329
119 175
119 307
119 184
119 252
119 253
120 224
120 194
120 205
120 140
120 123
120 147
121 139
121 185
121 187
121 188
121 127
121 192
121 165
121 186
122 202
122 204
122 212
122 177
122 178
122 179
123 224
123 194
123 173
123 205
124 320
124 324
124 306
125 237
125 258
125 229
125 313
125 325
125 309
126 141
126 291
126 310
126 344
127 192
127 165
127 186
128 199
128 273
128 210
128 282
128 220
128 286
128 227
128 244
128 222
129 320
129 324
129 306
130 320
130 324
130 306
131 250
131 213
131 278
131 133
132 200
132 195
132 203
132 287
132 295
132 298
133 164
133 134
133 213
133 278
133 250
135 152
135 156
135 168
135 256
135 171
135 182
135 183
135 316
135 255
136 192
136 165
136 186
137 225
137 231
138 345
138 296
138 336
138 303
139 192
139 165
139 186
140 224
140 194
140 173
140 205
141 291
141 310
141 344
142 225
142 231
143 259
143 261
143 281
144 296
144 336
144 303
145 257
145 262
146 237
146 258
146 229
146 313
146 325
146 309
147 224
147 194
147 173
147 205
148 259
148 261
148 281
149 259
149 261
149 281
150 321
150 328
150 329
150 175
150 307
150 184
150 252
150 253
151 232
151 214
151 215
152 176
152 181
152 256
152 316
153 268
153 266
153 269
154 339
154 190
155 299
155 266
155 269
155 274
155 189
156 176
156 181
156 256
156 316
157 297
157 301
157 276
158 341
158 343
158 296
158 336
158 303
159 237
159 258
159 229
159 313
159 325
159 309
160 297
160 301
160 276
161 328
161 321
161 329
161 252
162 232
162 214
162 215
163 290
163 323
163 228
163 267
163 239
163 305
165 185
165 187
165 188
166 200
166 195
166 203
166 287
166 295
166 298
167 339
167 331
167 190
167 191
168 176
168 181
168 256
168 316
169 290
169 323
169 228
169 267
169 239
169 305
170 233
170 236
170 240
170 245
170 247
170 254
171 256
171 316
171 176
171 181
172 200
172 195
172 203
172 287
172 295
172 298
173 224
173 194
173 205
174 232
174 214
174 215
175 328
175 321
175 329
176 256
176 182
176 183
176 316
176 255
177 202
178 202
180 190
181 256
181 182
181 183
181 316
181 255
182 256
183 256
184 328
184 321
184 329
185 192
185 186
186 187
186 188
187 192
188 192
189 265
189 299
189 268
189 266
189 269
190 337
190 340
190 342
190 289
190 293
190 334
190 271
191 342
191 289
191 293
191 271
193 298
193 295
193 287
193 195
193 200
193 203
195 208
195 223
196 304
196 300
196 332
196 327
196 333
196 319
198 259
198 261
198 281
199 286
200 208
200 223
201 299
201 268
201 266
201 274
201 269
203 208
203 223
207 297
207 301
207 276
208 298
208 295
208 287
209 259
209 261
209 281
210 286
210 222
211 304
211 300
211 332
211 327
211 333
211 319
216 322
216 308
216 314
216 288
216 284
216 263
217 322
217 308
217 314
217 288
217 284
217 263
218 312
218 285
218 335
218 294
218 275
218 243
219 233
219 236
219 240
219 245
219 247
219 254
221 304
221 300
221 332
221 327
221 333
221 319
223 298
223 295
223 287
225 241
225 262
226 312
226 285
226 335
226 294
226 275
226 243
227 286
228 323
228 305
228 234
230 259
230 261
230 281
231 241
231 262
231 257
233 240
233 245
233 247
233 248
234 290
234 323
234 267
234 239
234 305
235 312
235 285
235 335
235 294
235 275
235 243
236 240
236 245
236 247
236 248
238 322
238 308
238 314
238 288
238 284
238 263
239 323
239 305
240 254
240 248
242 292
242 270
242 279
243 335
243 312
243 285
244 273
244 286
245 254
245 248
246 292
246 270
246 279
247 254
247 248
248 254
249 292
249 270
249 279
249 260
251 292
251 270
251 279
252 321
252 328
252 329
253 321
253 328
253 329
260 292
260 270
260 279
263 322
263 308
263 314
264 292
264 270
264 279
265 266
265 274
265 269
267 290
267 323
267 305
271 331
272 297
272 301
272 276
275 335
275 312
275 285
276 277
276 280
277 297
277 301
280 297
280 301
284 322
284 308
284 314
285 294
288 322
288 308
288 314
289 339
289 331
293 339
293 331
294 335
294 312
296 341
296 343
296 345
303 341
303 343
303 345
307 321
307 328
307 329
311 330
311 317
311 318
317 326
317 338
318 326
318 338
326 330
330 338
331 342
336 341
336 343
336 345
339 340
339 342
