heur025_n_329_m_32168
1 66
1 258
1 177
1 57
1 58
1 255
2 270
2 278
2 105
2 114
2 107
2 12
2 288
2 231
2 264
2 262
2 263
2 234
2 268
2 272
3 128
3 5
3 31
4 258
4 58
4 255
5 13
5 6
5 24
5 37
5 21
5 201
5 197
5 214
6 128
6 31
7 112
7 121
7 222
8 35
8 126
8 11
8 188
8 147
8 252
8 159
9 211
9 204
9 253
9 158
10 256
10 66
10 258
10 166
10 170
10 177
10 57
10 255
11 248
11 252
11 224
11 226
11 239
11 147
11 188
11 159
11 35
11 126
12 105
12 114
12 107
12 39
12 45
12 270
12 274
12 278
12 288
12 230
12 231
12 264
12 262
12 263
12 234
12 268
12 272
13 128
13 31
13 24
13 37
13 21
13 197
13 214
14 211
14 204
14 253
14 158
15 111
15 216
15 222
16 80
17 72
17 143
17 80
17 85
17 149
17 192
17 41
17 184
17 191
18 80
18 184
19 216
19 222
20 311
21 128
21 31
22 70
22 211
22 204
22 253
24 128
24 31
25 311
26 144
26 145
26 150
26 137
26 123
26 124
26 209
26 218
26 217
26 134
26 266
26 271
26 273
26 119
26 120
27 88
27 115
27 95
27 79
28 115
28 95
28 79
29 180
29 194
30 261
30 195
30 156
30 133
30 189
31 37
31 201
31 197
31 214
32 163
32 261
32 195
32 156
32 133
32 189
33 193
33 174
33 194
33 296
33 312
33 284
34 80
35 224
35 226
35 239
35 248
35 249
36 300
36 167
37 128
37 201
38 161
38 115
38 95
38 79
39 274
39 270
39 278
39 105
39 114
39 107
39 288
39 230
39 231
39 264
39 262
39 263
39 234
39 268
39 272
40 296
40 312
40 284
41 192
41 80
42 184
42 72
42 80
45 270
45 278
45 105
45 114
45 107
45 288
45 231
45 264
45 262
45 263
45 234
45 268
45 272
46 242
47 311
48 163
48 261
48 195
48 156
48 133
48 189
48 77
50 311
51 157
52 185
52 132
52 206
53 132
54 176
54 171
54 183
54 228
54 232
54 138
54 275
55 185
55 132
55 206
56 311
57 170
58 170
59 176
59 171
59 183
59 228
59 232
59 138
59 275
60 307
60 196
60 286
60 199
61 307
61 196
61 286
62 148
63 176
63 171
63 183
63 228
63 232
63 138
63 275
64 289
64 307
64 196
64 286
64 199
65 211
65 204
65 253
65 158
66 256
66 166
66 170
67 211
67 204
67 253
67 158
69 148
70 211
70 204
70 253
70 173
70 158
74 257
74 260
74 254
74 329
74 323
74 325
74 139
74 148
74 125
75 281
75 157
76 265
76 267
76 318
76 160
76 165
76 245
76 247
76 153
76 251
76 210
76 237
76 215
77 163
77 195
77 261
77 133
77 156
77 189
78 163
78 195
78 261
78 133
78 156
78 189
79 161
79 141
79 86
79 87
79 88
79 152
80 149
80 143
80 192
80 191
81 163
81 195
81 261
81 133
81 156
81 189
82 122
82 140
82 102
83 122
83 140
84 122
84 140
86 161
86 115
86 95
87 115
87 95
88 161
88 141
88 115
88 95
89 298
89 300
89 304
89 306
89 308
89 168
89 162
95 161
95 141
95 152
96 280
96 291
96 285
96 198
96 169
96 172
96 175
96 181
96 190
97 305
97 283
98 305
98 283
100 324
102 109
102 212
103 324
104 305
104 283
105 274
105 230
105 272
106 216
107 274
107 230
107 264
108 140
108 122
109 140
109 122
110 208
110 222
111 121
112 222
112 216
113 140
113 122
114 230
114 262
114 234
115 161
115 141
115 152
116 324
118 222
118 216
119 144
119 145
119 150
119 124
120 144
120 145
120 150
120 124
121 222
121 216
122 202
122 212
122 205
123 144
123 145
123 150
124 144
124 218
124 217
124 273
126 224
126 226
126 239
126 188
126 147
126 248
128 201
128 214
129 305
129 233
129 283
130 298
130 300
130 304
130 306
130 308
130 168
130 162
131 305
131 283
132 185
132 206
132 182
132 320
132 326
132 327
132 235
132 238
132 243
133 163
133 195
133 261
134 218
134 144
134 150
135 305
135 283
137 144
137 145
137 150
138 232
138 227
138 223
138 171
138 176
138 183
140 202
140 212
140 205
143 191
144 209
144 218
144 217
144 266
144 271
144 273
145 218
145 217
145 266
145 273
147 252
148 257
148 325
148 329
148 254
150 209
150 218
150 217
150 266
150 271
150 273
153 318
153 237
155 204
155 211
155 253
156 163
156 195
156 261
157 276
158 204
158 253
159 224
159 226
159 239
159 248
159 249
159 252
160 247
160 318
162 300
163 189
165 318
165 237
167 297
167 298
167 300
167 306
167 308
169 198
169 225
169 187
169 285
171 227
171 228
171 232
171 275
171 223
172 190
172 198
172 225
172 291
172 280
172 187
172 285
173 204
173 211
173 253
174 312
174 284
175 190
175 181
175 198
175 225
175 291
175 280
175 187
175 285
176 227
176 228
176 232
176 275
176 223
178 312
178 296
179 312
179 296
179 180
180 296
180 312
180 284
181 225
181 187
181 285
183 227
183 228
183 232
183 275
183 223
185 320
185 326
185 327
185 235
185 238
185 243
186 289
186 307
186 286
187 280
187 291
187 285
187 198
187 190
188 224
188 226
188 239
188 248
188 249
188 252
189 195
189 261
190 225
190 285
193 312
193 284
194 312
194 296
194 284
196 289
196 303
196 199
198 225
198 285
199 294
199 303
199 307
199 286
200 289
200 307
200 286
206 320
206 326
206 327
206 235
206 238
206 243
210 318
215 318
218 271
220 242
223 275
223 228
224 252
225 280
225 291
225 285
226 252
227 275
227 228
228 232
229 305
230 288
230 268
230 262
230 263
230 270
231 264
231 274
232 275
233 305
234 274
237 267
237 247
237 251
237 318
239 252
240 311
241 283
242 282
243 326
243 327
244 311
245 267
246 311
247 318
250 283
251 318
262 274
263 274
272 274
274 288
286 289
286 294
286 303
289 307
294 307
299 319
302 328
303 307
309 328
316 328
322 328
