heur028_n_330_m_3253
1 128
1 129
1 170
1 130
1 64
1 103
1 144
1 60
1 63
2 97
2 135
2 246
2 247
2 250
2 251
2 252
2 93
2 94
2 95
3 128
3 129
3 170
3 130
3 64
3 103
3 144
3 60
3 63
4 194
4 195
4 196
4 197
4 198
4 12
4 13
4 14
4 15
4 50
5 97
5 135
5 246
5 247
5 250
5 251
5 252
5 93
5 94
5 95
6 97
6 135
6 246
6 247
6 250
6 251
6 252
6 93
6 94
6 95
7 98
7 99
7 139
7 180
7 181
7 227
7 169
7 266
7 171
7 269
7 271
7 272
7 210
7 211
7 127
8 97
8 135
8 246
8 247
8 250
8 251
8 252
8 93
8 94
8 95
9 128
9 129
9 170
9 130
9 64
9 103
9 144
9 60
9 63
10 97
10 135
10 246
10 247
10 250
10 251
10 252
10 93
10 94
10 95
11 98
11 99
11 139
11 180
11 181
11 227
11 169
11 266
11 171
11 269
11 271
11 272
11 210
11 211
11 127
12 194
12 195
12 196
12 197
12 198
13 194
13 195
13 196
13 197
13 198
14 194
14 195
14 196
14 197
14 198
15 194
15 195
15 196
15 197
15 198
16 174
16 175
16 176
16 177
16 179
16 249
17 174
17 175
17 176
17 177
17 179
17 249
18 98
18 99
18 139
18 180
18 181
18 227
18 169
18 266
18 171
18 269
18 271
18 272
18 210
18 211
18 127
19 115
19 117
19 119
19 156
19 157
19 289
19 259
19 260
19 295
19 298
20 174
20 175
20 176
20 177
20 179
20 249
21 174
21 175
21 176
21 177
21 179
21 249
22 115
22 117
22 119
22 156
22 157
22 289
22 259
22 260
22 295
22 298
23 174
23 175
23 176
23 177
23 179
23 249
24 115
24 117
24 119
24 156
24 157
24 289
24 259
24 260
24 295
24 298
25 115
25 117
25 119
25 156
25 157
25 289
25 259
25 260
25 295
25 298
26 115
26 117
26 119
26 156
26 157
26 289
26 259
26 260
26 295
26 298
27 299
27 300
27 301
27 302
27 304
27 51
27 52
27 53
27 91
27 92
28 299
28 300
28 301
28 302
28 304
28 51
28 52
28 53
28 91
28 92
29 299
29 300
29 301
29 302
29 304
29 51
29 52
29 53
29 91
29 92
30 299
30 300
30 301
30 302
30 304
30 51
30 52
30 53
30 91
30 92
31 231
31 236
31 237
31 275
31 276
31 107
31 109
31 111
31 112
31 113
31 147
31 149
31 155
32 299
32 300
32 301
32 302
32 304
32 51
32 52
32 53
32 91
32 92
33 108
33 145
33 146
33 307
33 148
33 312
33 315
33 188
33 317
33 318
34 108
34 145
34 146
34 307
34 148
34 312
34 315
34 188
34 317
34 318
35 231
35 236
35 237
35 275
35 276
35 107
35 109
35 111
35 112
35 113
35 147
35 149
35 155
36 108
36 145
36 146
36 307
36 148
36 312
36 315
36 188
36 317
36 318
37 231
37 236
37 237
37 275
37 276
37 73
37 107
37 109
37 111
37 112
37 113
37 147
37 149
37 155
38 231
38 236
38 237
38 275
38 276
38 73
38 107
38 109
38 111
38 112
38 113
38 147
38 149
38 155
39 231
39 236
39 237
39 275
39 276
39 73
39 107
39 109
39 111
39 112
39 113
39 147
39 149
39 155
40 108
40 145
40 146
40 307
40 148
40 312
40 315
40 188
40 317
40 318
41 321
41 322
41 281
41 282
41 319
41 65
41 66
41 68
41 110
41 54
41 55
41 56
41 57
41 61
42 321
42 322
42 281
42 282
42 319
42 65
42 66
42 68
42 110
42 54
42 55
42 56
42 57
42 61
43 108
43 145
43 146
43 307
43 148
43 312
43 315
43 188
43 317
43 318
44 321
44 322
44 281
44 282
44 319
44 65
44 66
44 68
44 110
44 54
44 55
44 56
44 57
44 61
45 128
45 129
45 170
45 130
45 64
45 103
45 144
45 60
45 63
46 98
46 99
46 139
46 180
46 181
46 227
46 169
46 266
46 171
46 269
46 271
46 272
46 210
46 211
46 127
47 128
47 129
47 170
47 130
47 64
47 103
47 144
47 60
47 63
48 134
48 62
49 98
49 99
49 139
49 180
49 181
49 227
49 169
49 266
49 171
49 269
49 271
49 272
49 210
49 211
49 127
50 194
50 195
50 196
50 197
50 198
51 299
51 300
51 301
51 302
51 304
52 299
52 300
52 301
52 302
52 304
53 299
53 300
53 301
53 302
53 304
54 65
54 66
54 68
54 110
54 61
54 321
54 322
54 77
54 79
54 281
54 282
54 319
55 65
55 66
55 68
55 110
55 61
55 321
55 322
55 77
55 79
55 281
55 282
55 319
56 65
56 66
56 68
56 110
56 61
56 321
56 322
56 77
56 79
56 281
56 282
56 319
57 65
57 66
57 68
57 110
57 61
57 321
57 322
57 77
57 79
57 281
57 282
57 319
58 224
58 183
58 184
58 185
58 187
58 192
58 150
58 151
58 189
58 190
59 224
59 183
59 184
59 185
59 187
59 192
59 150
59 151
59 189
59 190
60 128
60 129
60 130
60 170
61 321
61 322
61 77
61 79
61 281
61 282
61 319
62 134
62 131
62 87
62 88
62 89
63 128
63 129
63 130
63 170
64 128
64 129
64 130
64 170
65 321
65 322
65 77
65 79
65 281
65 282
65 319
66 321
66 322
66 77
66 79
66 281
66 282
66 319
67 160
67 163
67 164
67 165
67 158
67 223
68 321
68 322
68 77
68 79
68 281
68 282
68 319
69 160
69 163
69 164
69 165
69 158
69 223
70 160
70 163
70 164
70 165
70 158
70 223
71 107
71 147
71 149
71 231
71 236
71 237
71 275
71 276
72 160
72 163
72 164
72 165
72 158
72 223
73 107
73 109
73 147
73 149
73 231
73 236
73 237
73 275
73 276
74 160
74 163
74 164
74 165
74 158
74 223
75 82
75 85
75 86
75 124
75 126
75 225
75 226
75 167
75 168
75 265
75 268
75 206
75 208
75 209
75 186
76 85
76 86
76 124
76 126
76 225
76 226
76 167
76 168
76 265
76 268
76 206
76 208
76 209
76 186
77 321
77 322
77 281
77 282
77 319
77 110
78 85
78 86
78 124
78 126
78 225
78 226
78 167
78 168
78 265
78 268
78 206
78 208
78 209
78 186
79 321
79 322
79 281
79 282
79 319
79 110
80 320
80 238
80 240
80 308
80 309
80 278
80 279
80 310
80 313
80 316
81 320
81 238
81 240
81 308
81 309
81 278
81 279
81 310
81 313
81 316
82 84
82 125
82 225
82 226
82 167
82 168
82 265
82 268
82 206
82 208
82 209
82 186
83 320
83 238
83 240
83 308
83 309
83 278
83 279
83 310
83 313
83 316
84 85
84 86
84 124
84 126
84 225
84 226
84 167
84 168
84 265
84 268
84 206
84 208
84 209
84 186
85 125
85 225
85 226
85 167
85 168
85 265
85 268
85 206
85 208
85 209
85 186
86 125
86 225
86 226
86 167
86 168
86 265
86 268
86 206
86 208
86 209
86 186
87 134
88 134
89 134
90 140
90 141
90 182
90 102
90 104
90 105
90 106
90 143
91 299
91 300
91 301
91 302
91 304
92 299
92 300
92 301
92 302
92 304
93 246
93 247
93 250
93 251
93 252
94 246
94 247
94 250
94 251
94 252
95 246
95 247
95 250
95 251
95 252
96 228
96 229
96 230
96 267
96 270
96 201
96 202
96 203
96 204
96 205
96 235
96 114
96 152
96 153
96 154
97 246
97 247
97 250
97 251
97 252
98 227
98 169
98 266
98 171
98 269
98 271
98 272
98 210
98 211
98 127
99 227
99 169
99 266
99 171
99 269
99 271
99 272
99 210
99 211
99 127
100 224
100 183
100 184
100 185
100 187
100 192
100 150
100 151
100 189
100 190
101 224
101 183
101 184
101 185
101 187
101 192
101 150
101 151
101 189
101 190
102 132
102 133
102 140
102 141
102 173
102 172
102 182
103 128
103 129
103 130
103 170
104 132
104 133
104 140
104 141
104 173
104 172
104 182
105 132
105 133
105 140
105 141
105 173
105 172
105 182
106 132
106 133
106 140
106 141
106 173
106 172
106 182
107 112
107 113
107 155
107 231
107 236
107 237
107 275
107 276
108 307
108 312
108 315
108 317
108 318
109 113
109 155
109 231
109 236
109 237
109 275
109 276
110 321
110 322
110 281
110 282
110 319
111 155
111 231
111 236
111 237
111 275
111 276
112 147
112 149
112 231
112 236
112 237
112 275
112 276
113 147
113 149
113 231
113 236
113 237
113 275
113 276
114 201
114 202
114 203
114 204
114 205
114 228
114 229
114 230
114 136
114 137
114 138
114 267
114 270
114 178
115 289
115 259
115 260
115 295
115 298
116 320
116 238
116 240
116 308
116 309
116 278
116 279
116 310
116 313
116 316
117 289
117 259
117 260
117 295
117 298
118 320
118 238
118 240
118 308
118 309
118 278
118 279
118 310
118 313
118 316
119 289
119 259
119 260
119 295
119 298
120 242
120 243
120 244
120 245
120 284
120 232
120 233
120 234
120 273
120 277
121 242
121 243
121 244
121 245
121 284
121 232
121 233
121 234
121 273
121 277
122 242
122 243
122 244
122 245
122 284
122 232
122 233
122 234
122 273
122 277
123 242
123 243
123 244
123 245
123 284
123 232
123 233
123 234
123 273
123 277
124 125
124 225
124 226
124 167
124 168
124 265
124 268
124 206
124 208
124 209
124 186
125 126
125 225
125 226
125 167
125 168
125 265
125 268
125 206
125 208
125 209
125 186
126 225
126 226
126 265
126 268
126 208
126 209
126 186
127 227
127 266
127 269
127 271
127 272
127 139
127 180
127 181
128 144
129 144
130 144
131 134
132 140
132 141
132 182
132 143
133 140
133 141
133 182
133 143
135 246
135 247
135 250
135 251
135 252
136 228
136 229
136 230
136 267
136 270
136 201
136 202
136 203
136 204
136 205
136 235
136 152
136 153
136 154
137 228
137 229
137 230
137 267
137 270
137 201
137 202
137 203
137 204
137 205
137 235
137 152
137 153
137 154
138 228
138 229
138 230
138 267
138 270
138 201
138 202
138 203
138 204
138 205
138 235
138 152
138 153
138 154
139 227
139 169
139 266
139 171
139 269
139 271
139 272
139 210
139 211
140 172
140 173
140 143
141 172
141 173
141 143
142 187
142 192
142 150
142 151
142 189
142 190
143 173
143 172
143 182
144 170
145 307
145 312
145 315
145 317
145 318
146 307
146 312
146 315
146 317
146 318
147 155
147 231
147 236
147 237
147 275
147 276
148 307
148 312
148 315
148 317
148 318
149 155
149 236
149 237
149 275
149 276
150 224
150 187
150 183
150 184
150 185
151 224
151 187
151 183
151 184
151 185
152 201
152 202
152 203
152 204
152 205
152 228
152 229
152 230
152 267
152 270
152 178
153 201
153 202
153 203
153 204
153 205
153 228
153 229
153 230
153 267
153 270
153 178
154 201
154 202
154 203
154 204
154 205
154 228
154 229
154 230
154 267
154 270
154 178
155 231
155 237
155 275
155 276
156 289
156 259
156 260
156 295
156 298
157 289
157 259
157 260
157 295
157 298
158 223
159 288
159 290
159 212
159 213
159 214
159 215
159 216
159 285
159 286
159 287
160 223
161 288
161 290
161 212
161 213
161 214
161 215
161 216
161 285
161 286
161 287
162 242
162 243
162 244
162 245
162 284
162 232
162 233
162 234
162 273
162 277
163 223
164 223
165 223
166 217
166 218
166 219
166 220
166 221
166 256
166 258
166 330
166 303
166 306
166 311
166 314
166 253
166 254
166 255
167 225
167 226
167 265
167 268
167 186
168 225
168 226
168 265
168 268
168 186
169 227
169 266
169 269
169 271
169 272
169 180
169 181
171 227
171 266
171 269
171 271
171 272
171 180
171 181
172 182
173 182
174 249
175 249
176 249
177 249
178 228
178 229
178 230
178 267
178 270
178 201
178 202
178 203
178 204
178 205
178 235
179 249
180 227
180 266
180 269
180 271
180 272
180 210
180 211
181 227
181 266
181 269
181 271
181 272
181 210
181 211
183 192
183 189
183 190
184 192
184 189
184 190
185 192
185 189
185 190
186 206
186 208
186 209
187 192
187 190
188 307
188 312
188 315
188 317
188 318
189 224
190 224
191 323
191 324
191 325
191 326
191 327
191 291
191 292
191 293
191 328
191 329
192 224
193 323
193 324
193 325
193 326
193 327
193 291
193 292
193 293
193 328
193 329
199 288
199 290
199 212
199 213
199 214
199 215
199 216
199 285
199 286
199 287
200 288
200 290
200 212
200 213
200 214
200 215
200 216
200 285
200 286
200 287
201 235
201 228
201 229
201 230
201 267
201 270
202 235
202 228
202 229
202 230
202 267
202 270
203 235
203 228
203 229
203 230
203 267
203 270
204 235
204 228
204 229
204 230
204 267
204 270
205 235
205 228
205 229
205 230
205 267
205 270
206 225
206 226
206 265
206 268
207 217
207 218
207 219
207 220
207 221
207 256
207 258
207 330
207 303
207 306
207 311
207 314
207 253
207 254
207 255
208 225
208 226
208 265
208 268
209 225
209 226
209 265
209 268
210 227
210 266
210 269
210 271
210 272
211 227
211 266
211 269
211 271
211 272
212 288
212 290
212 285
212 286
212 287
212 241
213 288
213 290
213 285
213 286
213 287
213 241
214 288
214 290
214 285
214 286
214 287
214 241
215 288
215 290
215 285
215 286
215 287
215 241
216 288
216 290
216 285
216 286
216 287
216 241
217 248
217 330
217 303
217 306
217 311
217 314
217 253
217 254
218 248
218 330
218 303
218 306
218 311
218 314
218 253
218 254
218 255
219 248
219 330
219 303
219 306
219 311
219 314
219 253
219 254
219 255
220 248
220 256
220 258
220 330
220 303
220 306
220 311
220 314
220 253
220 254
220 255
221 248
221 256
221 258
221 330
221 303
221 306
221 311
221 314
221 253
221 254
221 255
222 261
222 294
222 296
222 297
222 305
222 280
222 283
222 239
228 235
229 235
230 235
232 242
232 243
232 244
232 245
232 284
233 242
233 243
233 244
233 245
233 284
234 242
234 243
234 244
234 245
234 284
235 267
235 270
238 308
238 309
238 310
238 313
238 316
239 257
239 261
239 294
239 263
239 296
239 297
239 262
239 264
239 305
240 308
240 309
240 310
240 313
240 316
241 288
241 290
241 286
241 287
242 273
242 277
243 273
243 277
244 273
244 277
245 273
245 277
248 256
248 258
248 253
248 254
248 255
253 330
253 303
253 306
253 311
253 314
254 330
254 303
254 306
254 311
254 314
255 330
255 303
255 306
255 311
255 314
256 330
256 303
256 306
256 311
256 314
257 305
257 280
257 283
258 330
258 306
258 311
258 314
261 280
261 283
262 294
262 296
262 280
262 283
263 294
263 296
263 297
263 280
263 283
264 294
264 296
264 297
264 280
264 283
273 284
274 323
274 324
274 325
274 326
274 327
274 291
274 292
274 293
274 328
274 329
277 284
278 308
278 309
278 310
278 313
278 316
279 308
279 309
279 310
279 313
279 316
280 294
280 296
280 297
280 305
283 294
283 296
283 297
283 305
291 323
291 324
291 325
291 326
292 323
292 324
292 325
292 326
292 327
293 323
293 324
293 325
293 326
293 327
308 320
309 320
310 320
313 320
316 320
323 329
