heur026_n_330_m_1370
1 159
1 242
3 112
4 133
8 296
8 111
9 159
9 242
10 262
11 153
11 146
17 328
24 174
25 192
28 330
32 69
32 310
36 80
36 197
39 201
39 202
40 46
40 240
40 108
41 289
42 212
43 285
44 148
45 92
46 240
46 108
47 276
47 140
48 236
48 168
49 291
51 280
51 307
53 220
53 205
53 200
53 229
53 282
53 247
58 97
61 65
61 185
63 138
63 89
63 147
64 81
65 185
69 310
74 305
75 194
76 114
77 217
78 88
80 197
83 110
83 186
89 147
89 138
95 115
98 288
99 327
101 158
104 304
104 221
105 219
106 188
106 324
108 240
109 273
110 186
111 296
113 145
116 308
117 206
118 209
118 189
120 127
126 321
129 131
135 162
136 284
138 147
140 276
141 231
142 158
146 153
152 190
159 242
161 195
163 244
167 293
168 236
170 290
173 218
175 196
183 287
188 324
189 209
191 198
193 302
200 205
200 220
200 229
200 282
200 247
203 286
204 267
205 220
205 229
205 282
211 315
220 229
220 282
220 247
221 304
222 323
227 295
229 282
229 247
235 243
247 282
253 266
254 283
268 275
268 294
275 294
280 307
316 326
