heur010_n_250_m_4507
1 176
1 177
1 25
2 176
2 177
2 25
3 193
3 198
3 179
3 180
3 181
4 176
4 177
5 176
5 177
5 25
6 193
6 198
6 179
6 180
6 181
6 187
7 193
7 198
7 179
7 180
7 181
7 187
8 193
8 198
8 179
8 180
8 181
8 187
9 176
9 177
9 25
10 64
10 101
10 112
10 54
10 55
10 57
10 83
10 84
10 85
10 86
10 87
10 88
11 176
11 177
11 15
11 20
12 193
12 198
12 179
12 180
12 181
12 187
13 193
13 198
13 179
13 180
13 181
13 187
14 176
14 177
15 176
15 177
16 36
16 39
16 40
16 50
16 51
16 61
17 36
17 39
17 40
17 50
17 51
17 61
18 176
18 177
19 36
19 39
19 40
19 50
19 51
19 61
20 176
20 177
21 36
21 39
21 40
21 50
21 51
21 61
22 36
22 39
22 40
22 50
22 51
22 61
23 36
23 39
23 40
23 50
23 51
23 61
24 176
24 177
25 176
25 177
26 178
26 183
26 184
26 185
26 186
26 60
26 194
26 195
26 196
26 199
26 200
26 202
27 178
27 183
27 184
27 185
27 186
27 60
27 194
27 195
27 196
27 199
27 200
27 202
28 178
28 183
28 184
28 185
28 186
28 194
28 195
28 196
28 199
28 200
28 202
29 201
29 203
29 204
29 207
29 208
29 212
30 201
30 203
30 204
30 207
30 208
30 212
31 178
31 183
31 184
31 185
31 186
31 60
31 194
31 195
31 196
31 199
31 200
31 202
32 201
32 203
32 204
32 207
32 208
32 212
33 201
33 203
33 204
33 207
33 208
33 212
34 201
34 203
34 204
34 207
34 208
34 212
35 201
35 203
35 204
35 207
35 208
35 212
37 96
37 97
37 98
37 99
37 100
37 95
38 96
38 97
38 98
38 99
38 100
38 95
41 96
41 97
41 98
41 99
41 100
41 95
42 96
42 97
42 98
42 99
42 100
42 95
43 96
43 97
43 98
43 99
43 100
43 95
44 96
44 97
44 98
44 99
44 100
44 95
45 128
45 130
45 132
45 136
46 128
46 132
46 136
46 126
46 127
47 128
47 132
47 136
47 126
47 127
48 128
48 132
48 136
48 127
49 128
49 132
49 136
49 126
49 127
52 228
52 229
52 232
52 233
52 236
52 245
52 129
54 83
54 84
54 85
54 86
54 87
54 88
55 83
55 84
55 85
55 86
55 87
55 88
56 134
56 135
56 141
56 145
57 83
57 84
57 85
57 86
57 87
57 88
58 133
58 134
58 141
58 145
59 135
59 145
60 194
60 195
60 196
60 199
60 200
60 202
63 135
63 145
64 83
64 84
64 85
64 86
64 87
64 88
65 134
66 229
66 232
66 233
66 236
66 245
67 228
67 229
67 232
67 233
67 245
68 229
68 232
68 233
68 236
68 245
69 131
69 118
69 119
69 125
70 229
70 232
70 233
70 236
70 245
71 131
71 118
71 119
71 123
71 125
73 131
73 118
73 119
73 120
73 123
73 125
74 131
74 118
74 119
74 123
74 125
75 233
75 236
76 154
76 167
76 168
76 169
76 171
76 173
76 175
77 226
77 137
77 139
77 140
77 142
77 143
77 205
77 206
77 209
77 211
77 213
77 217
78 154
78 167
78 168
78 169
78 171
78 173
78 175
79 154
79 167
79 168
79 169
79 171
79 173
79 175
80 154
80 167
80 168
80 169
80 171
80 173
80 175
81 154
81 167
81 168
81 169
81 171
81 173
81 175
82 154
82 167
82 168
82 169
82 171
82 173
82 175
83 101
83 112
84 101
84 112
85 101
85 112
86 101
86 112
87 101
87 112
88 101
88 112
89 144
89 146
89 147
89 148
89 149
89 150
90 144
90 146
90 147
90 148
90 149
90 150
91 144
91 146
91 147
91 148
91 149
91 150
92 144
92 146
92 147
92 148
92 149
92 150
93 144
93 146
93 147
93 148
93 149
93 150
94 144
94 146
94 147
94 148
94 149
94 150
102 224
102 210
102 214
102 215
102 216
102 218
103 224
103 210
103 214
103 215
103 216
103 218
104 224
104 210
104 214
104 215
104 216
104 218
105 224
105 210
105 214
105 215
105 216
105 218
106 224
106 210
106 214
106 215
106 216
106 218
107 224
107 210
107 214
107 215
107 216
107 218
108 160
108 161
108 151
108 152
108 153
108 155
110 160
110 161
110 151
110 152
110 153
110 155
111 160
111 161
111 151
111 152
111 153
111 155
113 160
113 161
113 151
113 152
113 153
113 155
114 238
114 239
114 240
114 247
114 248
114 250
115 160
115 161
115 151
115 152
115 153
115 155
116 160
116 161
116 151
116 152
116 153
116 155
117 238
117 239
117 240
117 247
117 248
117 250
121 238
121 239
121 240
121 247
121 248
121 250
122 238
122 239
122 240
122 247
122 248
122 250
124 238
124 239
124 240
124 247
124 248
124 250
129 228
129 229
129 232
129 233
129 236
129 245
137 205
137 206
137 209
137 211
137 213
137 217
139 205
139 206
139 209
139 211
139 213
139 217
140 205
140 206
140 209
140 211
140 213
140 217
142 205
142 206
142 209
142 211
142 213
142 217
143 205
143 206
143 209
143 211
143 213
143 217
156 237
156 242
156 243
156 244
156 246
156 249
157 237
157 242
157 243
157 244
157 246
157 249
158 237
158 242
158 243
158 244
158 246
158 249
159 237
159 242
159 243
159 244
159 246
159 249
162 237
162 242
162 243
162 244
162 246
162 249
163 225
163 219
163 220
163 221
163 222
163 223
164 225
164 219
164 220
164 221
164 222
164 223
165 237
165 242
165 243
165 244
165 246
165 249
166 225
166 219
166 220
166 221
166 222
166 223
170 225
170 219
170 220
170 221
170 222
170 223
172 225
172 219
172 220
172 221
172 222
172 223
174 225
174 219
174 220
174 221
174 222
174 223
178 202
182 238
182 239
182 247
182 248
182 250
183 200
183 202
184 202
185 202
186 202
188 227
188 230
188 231
188 234
188 235
188 241
189 227
189 230
189 231
189 234
189 235
189 241
190 227
190 230
190 231
190 234
190 235
190 241
191 227
191 230
191 234
191 235
191 241
192 227
192 230
192 231
192 234
192 235
192 241
197 227
197 230
197 231
197 234
197 235
197 241
205 226
206 226
209 226
211 226
213 226
217 226
