heur011_n_250_m_6574
1 43
1 83
1 30
2 162
2 159
7 45
8 99
10 106
10 49
10 47
11 156
11 182
12 167
13 117
14 115
19 53
20 242
22 35
23 125
23 91
25 153
25 71
26 222
28 215
29 196
30 83
30 43
31 215
32 222
33 144
33 103
40 247
40 85
40 78
41 243
42 139
42 190
43 83
44 205
44 161
46 54
47 203
47 232
47 106
49 203
49 232
49 106
51 226
51 112
53 200
57 129
59 225
61 179
65 228
66 84
71 217
73 231
74 143
74 186
74 202
74 166
75 96
75 94
76 246
78 85
78 247
79 219
79 198
79 127
79 244
80 241
81 149
82 169
85 247
89 245
89 175
91 125
92 152
92 150
93 170
93 230
97 233
98 146
98 238
102 240
103 144
104 189
104 163
106 232
106 203
112 226
117 136
117 210
119 237
119 224
127 198
130 155
134 218
139 190
142 160
143 186
143 166
150 152
153 217
154 211
156 182
160 235
161 205
163 189
165 201
166 202
166 186
170 230
175 245
181 249
186 202
191 223
198 219
198 244
219 244
224 237
