heur032_n_330_m_9770
1 291
3 161
6 153
6 246
7 59
9 139
9 167
10 186
11 127
11 51
12 82
13 216
15 283
24 286
24 162
24 53
26 237
29 87
33 293
34 269
36 149
36 280
39 214
39 99
40 189
41 187
41 188
42 160
46 52
48 293
49 274
50 308
50 84
51 127
53 162
53 286
54 327
54 242
58 262
58 156
62 86
64 93
67 128
71 260
71 316
71 301
79 187
79 188
80 322
80 110
81 170
84 308
85 172
98 211
99 214
101 265
101 202
101 250
101 328
101 271
107 252
110 322
111 314
114 168
115 249
115 221
117 277
118 184
118 173
119 233
123 243
130 247
131 267
132 226
133 318
137 307
139 167
141 157
148 289
149 280
151 181
153 246
154 177
155 310
156 262
159 179
165 281
165 317
166 209
169 294
173 184
174 320
185 302
190 289
191 238
193 282
200 230
202 250
202 265
202 271
206 300
213 315
219 245
221 249
239 309
250 265
250 271
260 316
265 328
271 328
281 317
298 319
