heur002_n_100_m_3274
1 85
1 88
1 60
1 61
2 67
2 69
2 74
2 78
2 48
2 97
2 50
2 54
2 56
2 90
2 62
3 46
3 51
3 45
3 43
5 85
5 88
5 61
6 56
6 62
6 97
6 90
6 54
6 69
6 74
6 48
7 42
7 93
7 47
7 86
7 87
7 72
7 70
8 56
8 62
8 97
8 90
8 50
8 67
10 96
10 42
10 93
10 86
10 72
10 70
11 76
11 63
11 99
11 82
11 84
11 92
12 46
12 51
12 45
12 43
13 51
14 46
14 51
14 45
14 43
15 67
15 69
15 74
15 48
15 97
15 50
15 54
15 56
15 90
15 62
16 52
16 53
16 71
16 68
16 57
16 66
16 100
16 73
16 79
17 46
17 45
18 91
18 65
18 98
18 81
18 58
18 29
18 94
19 91
19 95
19 65
19 59
19 98
19 81
19 49
19 83
19 58
19 94
20 80
20 76
20 64
20 63
20 99
20 82
20 84
20 92
21 85
21 88
21 60
21 61
22 73
22 75
22 100
22 77
22 79
22 66
22 68
22 71
22 52
22 53
22 55
22 57
23 52
23 53
23 71
23 68
23 57
23 66
23 55
23 89
23 100
23 73
23 75
23 79
24 85
24 88
24 60
24 61
25 73
25 75
25 89
25 100
25 79
25 66
25 68
25 71
25 52
25 53
25 55
25 57
26 33
26 39
26 61
27 49
27 58
27 94
27 65
27 59
27 91
27 95
28 46
28 51
29 81
29 58
29 98
29 65
29 91
29 95
30 88
31 45
31 51
32 45
32 51
32 43
33 88
34 82
34 84
34 99
34 92
34 64
34 76
34 80
34 63
35 88
35 85
35 60
35 61
36 88
36 61
37 88
37 85
37 60
37 61
38 82
38 84
38 99
38 92
38 76
38 80
39 88
39 85
39 60
39 61
40 85
40 88
40 61
41 67
41 56
