heur039_n_361_m_13593
1 178
1 140
1 327
1 193
1 325
1 102
1 145
2 195
2 137
2 171
2 148
2 181
2 150
2 185
2 225
2 319
3 244
3 115
3 132
3 38
3 110
3 175
3 144
3 119
4 256
4 276
4 303
5 28
5 21
5 46
5 355
5 231
5 200
5 361
5 298
5 235
5 268
5 281
5 346
6 321
6 40
6 331
6 310
6 8
6 35
6 183
6 57
6 226
6 217
7 270
7 56
7 25
7 218
7 187
7 189
7 51
7 182
8 321
8 290
8 40
8 331
8 310
8 57
8 226
8 217
9 32
9 199
9 36
9 15
9 169
9 188
9 196
9 345
9 347
9 348
10 205
10 138
10 133
10 176
10 65
11 164
11 166
11 358
11 333
11 344
11 159
11 160
12 128
12 108
12 127
12 109
12 243
12 117
12 118
12 250
12 254
13 256
13 276
13 303
14 261
14 174
14 238
15 199
15 50
15 139
15 188
15 196
15 347
16 178
16 140
16 327
16 193
16 325
16 102
16 145
16 190
17 128
17 108
17 141
17 127
17 109
17 243
17 117
17 118
17 250
17 254
18 208
18 219
18 204
18 105
18 99
18 111
18 224
18 258
18 320
19 244
19 115
19 132
19 38
19 110
19 175
19 144
19 119
20 232
20 242
20 246
21 330
21 355
21 200
21 361
21 298
21 268
21 346
22 128
22 108
22 141
22 127
22 109
22 243
22 117
22 118
22 250
22 254
23 170
23 158
23 151
23 197
23 165
23 173
23 207
23 177
23 157
24 267
24 301
24 263
24 304
24 338
24 294
24 266
24 299
24 292
25 187
25 189
25 270
25 284
25 286
25 51
25 182
26 357
26 234
26 152
26 124
26 317
27 261
27 174
27 238
28 330
28 355
28 200
28 361
28 298
28 268
28 346
29 357
29 234
29 152
29 124
29 317
30 354
30 260
30 230
30 39
30 135
30 74
30 106
30 172
30 221
31 244
31 115
31 132
31 38
31 110
31 175
31 144
31 119
32 199
32 50
32 139
33 239
33 277
33 191
33 352
33 289
33 353
33 359
33 136
33 142
33 314
33 351
34 228
34 236
34 247
34 296
34 113
34 179
34 305
34 306
34 275
34 307
34 248
34 249
35 321
35 290
35 40
35 331
35 310
35 57
35 226
35 217
36 199
36 50
36 139
36 196
37 164
37 166
37 358
37 333
37 344
37 159
37 160
38 132
38 110
38 119
38 115
38 244
39 172
39 221
39 135
39 354
39 80
39 116
40 321
40 290
40 310
40 183
40 57
40 226
40 217
41 241
41 252
41 245
41 229
41 101
41 94
41 297
42 257
42 262
42 86
42 88
42 90
42 285
42 97
42 83
42 341
42 120
42 123
42 62
43 328
43 205
43 138
43 133
43 176
43 79
44 78
44 92
44 70
44 71
44 323
44 308
44 311
45 168
45 192
45 279
45 336
45 339
45 332
45 130
45 153
45 107
45 334
45 313
45 316
46 330
46 355
46 200
46 361
46 298
46 268
46 281
46 346
47 267
47 301
47 263
47 304
47 338
47 294
47 266
47 299
47 292
48 241
48 252
48 245
48 229
48 101
48 94
48 297
49 261
49 174
49 238
50 199
50 169
50 188
50 196
50 345
50 347
50 348
51 182
51 270
51 56
51 218
51 187
51 284
51 189
51 286
52 357
52 234
52 152
52 124
52 317
53 78
53 92
53 70
53 71
53 323
53 308
53 311
54 168
54 192
54 279
54 336
54 339
54 332
54 130
54 153
54 107
54 334
54 313
54 316
55 257
55 262
55 86
55 88
55 90
55 285
55 97
55 83
55 341
55 120
55 123
55 62
56 187
56 189
56 270
56 284
56 286
56 182
57 321
57 290
57 331
57 310
57 183
58 129
58 163
58 149
58 349
58 269
58 278
59 68
59 326
59 213
59 215
59 186
59 222
60 66
60 77
60 61
60 356
60 295
60 76
60 210
60 211
60 212
60 85
60 283
60 63
61 84
61 356
61 295
61 210
61 211
61 283
62 123
62 341
62 146
63 283
63 356
63 295
63 77
63 84
64 103
64 264
64 203
64 206
64 209
64 114
64 214
64 91
65 133
65 329
65 138
65 205
66 84
66 356
66 295
66 283
67 256
67 276
67 303
68 213
68 222
68 215
69 129
69 194
69 163
69 202
69 149
69 349
69 269
69 278
70 71
70 72
70 311
71 78
71 92
71 72
71 323
71 308
71 311
72 78
72 92
72 323
72 308
72 311
73 170
73 158
73 151
73 197
73 165
73 173
73 207
73 177
73 157
74 172
74 354
74 260
74 80
74 116
75 227
75 340
76 283
76 356
76 295
76 77
76 84
77 84
77 356
77 295
77 210
77 211
77 85
77 283
79 133
79 329
79 138
79 205
80 354
80 260
80 230
80 135
80 106
80 172
80 221
81 168
81 192
81 279
81 336
81 339
81 332
81 130
81 153
81 107
81 334
81 313
81 316
82 129
82 163
82 149
82 349
82 269
82 278
83 123
83 341
83 146
84 356
84 295
84 210
84 211
84 212
84 85
84 283
85 283
85 356
85 295
86 257
86 262
86 146
86 97
86 341
86 123
87 340
88 146
88 341
89 208
89 219
89 204
89 105
89 99
89 111
89 224
89 258
89 320
90 262
90 146
90 97
90 341
90 123
91 214
91 264
91 309
91 206
91 312
91 216
93 360
93 302
93 280
93 122
94 229
94 98
95 288
95 324
95 293
95 322
95 265
95 272
95 318
95 287
96 256
96 276
96 303
97 120
97 123
97 341
97 257
97 262
97 146
98 241
98 252
98 245
98 229
98 101
98 297
99 204
99 208
99 224
99 258
99 320
100 267
100 301
100 263
100 304
100 338
100 294
100 266
100 299
100 292
101 229
102 193
102 190
102 167
102 327
102 140
102 178
103 214
103 264
103 309
103 206
103 312
103 216
104 227
104 340
105 224
105 258
105 320
106 172
106 221
106 354
106 260
106 230
106 116
107 313
107 316
107 334
107 192
107 168
107 332
107 336
107 339
107 279
108 141
109 141
110 144
110 175
110 115
110 244
111 204
111 224
111 258
111 320
112 352
112 289
112 353
112 359
112 314
112 351
112 239
112 277
112 191
113 228
113 236
113 247
113 126
113 350
113 305
113 306
113 275
113 307
113 248
113 249
114 209
114 214
114 264
114 309
114 206
114 312
114 216
115 244
115 132
115 175
115 144
115 119
116 354
116 260
116 230
116 135
116 172
116 221
117 250
117 254
117 141
117 127
118 141
119 144
119 175
119 244
120 146
121 280
121 360
121 302
121 274
121 251
121 337
121 125
121 154
121 315
122 280
122 360
122 302
122 274
122 251
122 337
122 125
122 154
123 262
123 146
124 152
124 147
124 156
124 357
124 342
124 335
125 291
125 315
125 134
125 360
125 302
125 274
125 280
125 251
126 228
126 236
126 247
126 296
126 179
126 305
126 306
126 275
126 307
126 248
126 249
127 141
128 141
129 202
129 194
129 220
129 349
129 278
130 313
130 316
130 334
130 192
130 168
130 332
130 336
130 339
130 279
131 322
131 318
131 287
131 288
131 324
131 293
131 271
131 273
132 144
132 175
132 244
133 328
133 329
133 343
133 176
134 280
134 360
134 302
134 274
134 251
134 337
134 154
134 315
135 354
136 352
136 289
136 353
136 359
136 314
136 351
136 161
136 239
136 277
136 191
137 171
137 185
137 225
137 319
138 328
138 329
138 343
138 176
139 199
139 169
139 188
139 196
139 345
139 347
139 348
140 193
140 325
140 167
140 145
140 190
141 243
141 250
141 254
142 352
142 289
142 353
142 359
142 314
142 351
142 161
142 239
142 277
142 191
143 164
143 166
143 358
143 333
143 344
143 159
143 160
144 244
145 193
145 190
145 167
145 327
145 178
146 257
146 262
146 285
146 341
147 234
147 317
148 171
148 181
148 195
148 185
148 225
148 319
149 202
149 194
149 220
149 269
150 185
150 225
150 319
152 234
152 317
152 357
153 313
153 316
153 334
153 192
153 168
153 332
153 336
153 339
153 279
154 291
154 315
154 360
154 302
154 274
154 280
154 251
155 282
155 300
155 255
155 201
155 180
155 198
155 240
155 237
155 223
156 234
156 317
159 358
159 160
159 162
160 164
160 166
160 358
160 333
160 344
161 239
161 277
161 191
161 352
161 289
161 353
161 359
161 314
161 351
162 164
162 166
162 358
162 333
162 344
163 202
163 194
163 220
165 170
166 358
167 325
167 327
167 178
168 336
168 339
168 332
168 334
168 313
168 316
169 199
170 173
170 207
170 177
171 185
171 225
171 319
172 354
172 260
172 230
175 244
176 328
176 329
176 205
178 193
178 325
178 190
179 228
179 236
179 247
179 350
179 305
179 306
179 275
179 307
179 248
179 249
180 259
180 184
181 185
181 225
181 319
182 270
182 218
182 187
182 284
182 189
182 286
183 321
183 290
183 331
183 310
183 226
183 217
184 282
184 300
184 255
184 201
184 198
184 240
184 237
184 223
185 195
186 213
186 222
186 215
187 218
187 284
187 286
188 199
188 347
189 218
189 284
189 286
190 325
190 327
191 352
191 289
191 353
191 359
191 314
191 351
192 336
192 339
192 332
192 334
192 313
192 316
193 325
193 327
194 349
194 269
194 278
195 225
195 319
196 199
196 347
198 259
199 345
199 347
199 348
200 361
200 298
200 355
200 281
200 235
200 231
200 330
201 259
201 300
201 282
201 255
201 240
201 237
201 223
202 349
202 269
202 278
203 264
203 309
203 206
203 312
203 216
204 224
204 258
204 320
205 328
205 329
205 343
206 209
206 214
206 312
206 216
208 224
208 258
208 320
209 264
209 309
209 312
209 216
210 283
210 356
210 295
211 283
211 356
211 295
212 283
212 356
212 295
213 326
214 264
214 309
214 312
214 216
215 326
216 264
216 309
217 321
217 290
217 331
217 310
218 270
218 284
218 286
219 224
219 258
219 320
220 349
220 269
220 278
221 354
221 260
221 230
222 326
223 259
223 300
223 282
223 255
226 321
226 290
226 331
226 310
228 350
228 296
228 305
228 306
228 307
228 248
228 249
229 297
229 241
229 245
229 252
231 355
231 361
231 298
231 268
231 346
231 330
234 357
234 342
234 335
235 355
235 361
235 298
235 268
235 346
235 330
236 350
236 296
236 307
236 248
237 259
237 300
237 255
239 352
239 289
239 353
239 359
239 314
239 351
240 259
240 255
245 297
247 350
247 296
247 305
247 306
247 307
248 306
248 296
248 350
249 307
249 296
249 350
251 360
251 302
251 280
251 291
251 337
251 315
252 297
253 360
253 302
253 280
255 259
257 341
259 282
259 300
262 341
263 338
263 294
263 266
263 299
263 292
264 312
265 322
265 318
265 287
265 288
265 324
265 293
265 271
265 273
266 294
266 301
266 304
266 338
267 299
267 292
268 361
268 298
268 355
268 281
268 330
270 284
270 286
271 288
271 324
271 293
271 322
271 272
271 318
271 287
272 322
272 318
272 287
272 288
272 324
272 293
272 273
273 288
273 324
273 293
273 322
273 318
273 287
274 360
274 302
274 280
274 337
274 315
275 296
275 350
277 352
277 289
277 353
277 359
277 314
277 351
279 336
279 339
279 332
279 334
279 313
279 316
280 291
280 337
280 315
281 355
281 361
281 298
281 346
281 330
285 341
290 331
291 360
291 302
292 294
292 301
292 304
292 338
293 322
293 318
296 350
296 305
296 306
296 307
298 346
298 330
299 301
299 304
299 338
301 304
301 338
302 337
302 315
305 306
305 350
306 307
306 350
307 350
309 312
310 331
313 332
313 336
313 339
314 352
314 359
315 360
316 332
316 336
316 339
317 357
317 342
317 335
318 324
321 331
322 324
325 327
330 355
330 361
330 346
332 334
334 336
334 339
337 360
346 361
346 355
