heur005_n_160_m_4015
1 88
1 113
1 108
1 110
1 111
1 114
1 118
2 96
2 101
2 66
2 76
3 56
3 99
3 47
3 50
3 89
4 113
4 87
4 108
4 111
4 114
4 118
5 35
5 6
5 137
5 116
6 69
6 137
6 78
6 116
6 119
6 61
6 32
6 35
7 69
7 137
7 78
7 116
7 119
7 61
7 32
7 33
7 35
7 37
8 56
8 99
8 106
8 47
8 50
8 89
9 98
9 101
9 67
9 60
9 66
9 73
9 76
10 101
10 66
10 76
11 66
11 76
11 96
11 97
11 98
11 101
12 88
12 113
12 87
12 108
12 110
12 111
12 114
12 117
12 118
13 73
13 66
13 76
13 96
13 97
13 98
13 67
13 101
13 60
14 23
14 57
14 59
14 28
14 62
15 66
15 76
15 96
15 97
15 101
16 57
16 59
16 62
17 59
17 62
18 59
18 62
19 41
19 38
19 39
19 102
19 103
19 105
19 109
19 142
19 141
20 38
20 39
20 102
20 103
20 105
20 109
20 142
20 141
21 59
21 62
22 57
22 62
23 57
23 59
23 62
24 57
24 59
25 86
25 139
25 140
25 144
25 120
25 153
25 125
26 100
26 47
26 50
26 89
27 39
27 102
27 103
27 109
28 57
28 62
29 139
29 140
29 144
29 120
29 153
29 125
30 135
30 136
30 143
30 145
30 151
31 121
31 123
31 124
31 82
32 69
32 137
32 78
32 116
32 119
32 61
33 69
33 137
33 78
33 116
33 119
33 61
34 135
34 136
34 143
34 145
34 151
35 69
35 137
35 116
35 119
35 61
36 121
36 123
36 124
36 82
36 85
37 69
37 137
37 116
37 119
37 61
38 102
38 105
38 109
38 142
38 141
39 102
39 103
39 105
39 109
39 142
39 141
40 121
40 123
40 124
40 82
40 83
41 102
41 103
41 105
41 109
41 142
41 141
42 132
42 71
42 72
42 75
42 122
42 80
43 132
43 71
43 72
43 104
43 75
43 122
43 80
43 91
43 79
44 135
44 136
44 143
44 145
44 151
44 154
45 136
45 143
45 145
45 151
46 132
46 71
46 72
46 104
46 75
46 122
47 106
47 58
47 55
47 56
48 147
48 148
48 150
48 64
48 68
48 70
48 95
48 63
49 147
49 148
49 150
49 64
49 65
49 68
49 70
49 95
49 63
50 106
50 58
50 55
50 56
51 135
51 136
51 143
51 145
51 151
51 154
52 147
52 148
52 150
52 64
52 65
52 68
52 70
52 95
52 63
53 143
53 145
53 151
54 90
54 84
54 86
54 139
54 140
54 144
54 125
55 99
55 100
55 106
55 89
56 99
56 100
56 106
56 89
58 99
58 100
58 89
60 96
60 101
61 137
61 116
61 119
63 147
63 148
63 150
64 95
64 147
64 148
64 150
65 95
65 147
65 148
65 150
66 96
66 97
66 98
66 101
67 98
67 101
68 147
68 148
68 150
69 137
69 116
69 119
70 95
70 147
71 122
71 132
71 80
72 132
72 80
72 91
72 79
73 96
73 97
73 98
73 101
74 131
74 133
74 138
74 107
74 112
74 146
74 115
74 149
74 158
75 104
75 122
75 132
75 80
75 79
76 96
76 97
76 98
76 101
77 127
77 112
77 146
77 149
77 157
77 158
79 132
79 104
79 122
80 104
81 131
81 133
81 127
81 146
81 157
81 158
83 121
83 123
83 124
84 139
84 140
84 144
84 120
84 153
84 125
85 121
85 123
85 124
86 139
86 120
86 153
86 125
88 110
89 106
89 99
89 100
90 139
90 120
90 153
90 125
91 104
91 122
92 129
92 134
92 152
92 155
92 156
92 126
92 159
93 129
93 155
93 156
94 129
94 152
94 155
94 156
94 126
94 159
95 147
95 148
95 150
102 142
102 141
103 142
103 109
103 141
105 142
105 109
105 141
107 160
107 157
107 158
107 138
107 149
107 146
107 131
107 133
107 127
110 111
110 113
112 158
112 138
112 149
112 146
112 131
112 133
112 127
113 114
115 160
115 157
115 158
115 138
115 131
115 133
115 127
120 144
120 139
120 140
125 144
125 139
125 140
127 160
127 138
127 146
127 149
127 157
128 152
128 155
128 156
128 159
129 152
129 155
129 159
131 138
131 146
131 149
131 157
133 160
133 138
133 146
133 149
133 157
133 158
135 151
136 151
136 154
138 160
138 157
138 158
139 153
140 153
144 153
145 151
145 154
146 160
146 157
146 158
149 160
149 157
149 158
152 159
