heur031_n_330_m_7270
1 325
1 326
1 328
2 170
2 142
2 149
2 90
2 187
2 93
2 122
2 168
2 202
2 241
2 242
2 87
3 111
3 210
3 211
3 212
4 325
4 326
4 328
5 323
5 169
5 282
5 126
5 286
5 236
5 238
5 240
5 304
5 306
5 150
5 154
5 316
6 111
6 210
6 211
6 212
7 323
7 169
7 282
7 126
7 286
7 236
7 238
7 240
7 304
7 306
7 150
7 154
7 316
8 325
8 326
8 328
8 72
9 323
9 169
9 282
9 123
9 126
9 286
9 236
9 238
9 240
9 304
9 306
9 118
9 150
9 154
9 316
10 171
10 172
10 175
10 274
10 276
10 277
10 262
10 264
10 265
10 110
10 146
10 115
11 77
11 111
11 80
11 210
11 211
11 212
11 32
12 297
12 266
12 267
12 268
12 301
12 307
12 64
12 68
12 197
12 199
12 201
12 213
12 247
12 250
12 63
13 48
13 47
13 120
13 125
13 119
13 249
13 251
13 244
14 297
14 266
14 267
14 268
14 301
14 307
14 64
14 68
14 197
14 199
14 201
14 213
14 247
14 250
14 63
15 56
15 91
15 95
15 153
15 156
15 166
15 289
15 107
15 109
15 112
15 275
15 310
16 171
16 172
16 175
16 274
16 276
16 277
16 262
16 264
16 265
16 110
16 146
16 115
17 297
17 266
17 267
17 268
17 301
17 307
17 197
17 199
17 201
17 213
17 247
17 250
18 171
18 172
18 175
18 274
18 276
18 277
18 262
18 264
18 265
18 110
18 146
18 115
19 168
19 202
19 241
19 242
19 83
19 87
19 122
19 170
19 142
19 81
19 149
19 117
19 90
19 187
19 93
20 168
20 202
20 241
20 242
20 83
20 87
20 122
20 170
20 142
20 81
20 149
20 117
20 90
20 187
20 93
21 44
21 325
21 326
21 328
22 44
22 325
22 326
22 328
23 44
23 325
23 326
23 328
24 168
24 202
24 241
24 242
24 83
24 87
24 122
24 170
24 142
24 81
24 149
24 117
24 90
24 187
24 93
25 162
25 205
25 127
25 305
25 308
25 303
25 239
25 195
25 159
26 162
26 205
26 127
26 305
26 308
26 303
26 239
26 195
26 159
27 162
27 205
27 127
27 305
27 308
27 303
27 239
27 195
27 159
28 261
28 221
28 222
28 176
28 178
28 215
29 261
29 221
29 222
29 176
29 178
29 215
30 98
30 54
30 55
30 216
30 177
30 214
30 207
30 322
30 291
30 295
30 51
30 52
30 53
30 317
30 285
30 319
31 98
31 54
31 55
31 216
31 177
31 214
31 207
31 322
31 291
31 295
31 51
31 52
31 53
31 317
31 285
31 319
32 210
32 211
32 212
33 261
33 221
33 222
33 176
33 178
33 215
34 94
34 92
34 134
34 99
34 100
34 101
34 330
34 318
34 311
35 98
35 54
35 55
35 216
35 177
35 214
35 207
35 322
35 291
35 295
35 51
35 52
35 53
35 317
35 285
35 319
36 94
36 92
36 134
36 99
36 100
36 101
36 330
36 318
36 311
37 210
37 211
37 212
38 210
38 211
38 212
39 328
39 325
39 326
40 328
40 325
40 326
41 325
41 326
41 328
42 94
42 92
42 134
42 99
42 100
42 101
42 330
42 318
42 311
43 328
43 325
43 326
44 325
44 326
44 328
45 129
45 130
45 132
45 217
45 218
45 263
46 129
46 130
46 132
46 217
46 218
46 263
47 59
47 141
47 120
47 125
47 119
47 249
47 251
47 244
48 59
48 141
48 120
48 125
48 119
48 249
48 251
48 244
49 129
49 130
49 132
49 217
49 218
49 263
50 59
50 141
50 120
50 125
50 119
50 249
50 251
50 244
51 291
51 285
51 295
51 322
51 317
51 319
51 98
51 207
51 177
51 216
51 214
52 291
52 285
52 295
52 322
52 317
52 319
52 98
52 207
52 177
52 216
52 214
53 291
53 285
53 295
53 322
53 317
53 319
53 98
53 207
53 177
53 216
53 214
54 216
54 177
54 214
54 207
54 322
54 291
54 295
54 317
54 285
54 319
55 216
55 177
55 214
55 207
55 322
55 291
55 295
55 317
55 285
55 319
56 153
56 156
56 166
56 289
56 107
56 109
56 112
56 275
56 310
57 91
57 153
57 156
57 166
57 289
57 107
57 109
57 112
57 275
57 310
58 252
58 253
58 254
58 258
58 259
58 196
58 260
58 198
58 237
58 243
58 116
58 121
59 120
59 125
59 119
59 249
59 251
59 244
60 161
60 203
60 246
60 66
60 96
60 131
60 133
61 161
61 203
61 246
61 96
61 131
61 133
62 161
62 203
62 246
62 96
62 131
62 133
63 201
63 197
63 199
63 250
63 213
63 247
63 297
63 266
63 267
63 268
63 301
63 307
64 201
64 197
64 199
64 250
64 213
64 247
64 297
64 266
64 267
64 268
64 301
64 307
65 312
65 315
65 309
65 194
65 232
65 302
65 248
65 313
65 314
66 161
66 203
66 246
66 96
66 131
66 133
67 312
67 315
67 309
67 194
67 232
67 302
67 248
67 313
67 314
68 201
68 197
68 199
68 250
68 213
68 247
68 297
68 266
68 267
68 268
68 301
68 307
69 312
69 315
69 309
69 194
69 232
69 302
69 248
69 313
69 314
70 176
70 178
70 215
70 261
70 221
70 222
71 176
71 178
71 215
71 261
71 221
71 222
72 325
72 326
72 328
73 192
73 189
73 190
73 145
73 300
73 269
73 270
74 176
74 178
74 215
74 261
74 221
74 222
75 272
75 273
75 271
75 193
75 287
75 234
75 245
75 284
75 191
76 192
76 189
76 190
76 145
76 108
76 300
76 269
76 270
77 210
77 211
77 212
78 180
78 181
78 182
78 144
78 147
78 143
78 290
78 292
78 294
78 296
78 329
78 298
79 272
79 273
79 271
79 193
79 287
79 234
79 245
79 284
79 191
80 210
80 211
80 212
81 170
81 142
81 149
81 90
81 187
81 93
81 168
81 202
81 241
81 242
81 87
82 129
82 130
82 132
82 217
82 218
82 263
83 241
83 202
83 242
83 170
83 142
83 149
83 90
83 187
83 93
84 272
84 273
84 271
84 193
84 287
84 234
84 245
84 284
84 191
85 180
85 181
85 182
85 144
85 147
85 143
85 290
85 292
85 294
85 296
85 329
85 298
86 129
86 130
86 132
86 217
86 218
86 263
87 241
87 202
87 242
87 170
87 142
87 149
87 117
87 90
87 187
87 93
88 180
88 181
88 182
88 144
88 147
88 143
88 290
88 292
88 294
88 296
88 329
88 298
89 130
89 217
89 218
89 263
90 187
90 149
90 142
90 122
90 117
90 168
90 202
90 241
90 242
91 153
91 156
91 166
91 289
91 107
91 109
91 112
91 275
91 310
92 99
92 100
92 101
92 330
92 318
92 311
93 187
93 149
93 142
93 122
93 117
93 168
93 202
93 241
93 242
94 99
94 100
94 101
94 330
94 318
94 311
95 153
95 156
95 166
95 289
95 107
95 109
95 112
95 275
95 310
96 161
96 103
96 106
96 203
96 246
97 320
97 281
97 283
97 128
97 256
97 257
97 163
97 164
97 293
97 327
97 299
97 255
98 216
98 177
98 214
98 207
98 322
98 291
98 295
98 317
98 285
98 319
99 134
99 330
99 318
99 311
100 134
100 330
100 318
100 311
101 134
101 330
101 318
101 311
102 137
102 179
102 139
102 288
102 321
102 324
103 161
103 203
103 246
103 131
103 133
104 183
104 137
104 179
104 139
104 288
104 321
104 324
105 183
105 137
105 179
105 139
105 288
105 321
105 324
106 161
106 203
106 246
106 131
106 133
107 289
107 275
107 310
107 153
107 166
107 156
108 300
108 269
108 270
109 289
109 275
109 310
109 156
110 264
110 265
110 262
110 171
110 172
110 175
110 274
110 276
110 277
111 210
111 211
111 212
112 289
112 275
112 310
112 166
113 189
113 190
113 300
113 269
113 270
114 189
114 190
114 145
114 300
114 269
114 270
115 264
115 265
115 262
115 171
115 172
115 175
115 274
115 276
115 277
116 258
116 259
116 260
116 237
116 140
116 252
116 253
116 254
117 170
117 142
117 149
117 187
117 168
117 202
117 241
117 242
118 236
118 238
118 240
118 304
118 306
118 316
118 323
118 169
118 282
118 126
118 286
119 141
119 249
119 251
119 244
120 141
120 249
120 251
120 244
121 258
121 259
121 196
121 260
121 198
121 237
121 140
121 252
121 253
121 254
122 170
122 142
122 149
122 187
122 168
122 241
122 242
123 282
123 323
123 286
123 236
123 238
123 240
123 304
123 306
123 150
123 154
123 316
124 224
124 228
124 229
124 200
124 167
124 233
124 235
124 230
125 141
125 249
125 251
125 244
126 282
126 323
126 286
126 236
126 238
126 240
126 304
126 306
126 150
126 154
126 316
127 305
127 308
127 303
127 239
127 195
127 159
128 256
128 257
128 293
128 327
128 299
128 255
128 320
128 136
128 138
128 281
128 283
129 217
129 218
129 263
130 217
130 218
130 263
131 161
131 203
131 246
132 217
132 218
132 263
133 161
133 203
133 246
134 330
134 318
134 311
135 184
135 186
135 226
135 188
135 151
135 152
135 219
135 220
135 223
136 320
136 281
136 283
136 256
136 257
136 163
136 164
136 293
136 327
136 299
136 255
137 148
137 183
137 185
137 288
137 321
137 324
138 320
138 281
138 283
138 256
138 257
138 163
138 164
138 293
138 327
138 299
138 255
139 148
139 183
139 185
139 288
139 321
139 324
140 252
140 253
140 254
140 258
140 259
140 196
140 260
140 198
140 237
140 243
141 249
141 251
141 244
142 170
142 168
142 202
142 241
142 242
143 180
143 182
143 181
143 290
143 292
143 294
143 296
143 329
143 298
144 180
144 182
144 181
144 290
144 292
144 294
144 296
144 329
144 298
145 192
145 300
145 269
145 270
146 264
146 265
146 262
146 171
146 172
146 175
146 274
146 276
146 277
147 180
147 182
147 181
147 290
147 292
147 294
147 296
147 329
147 298
148 179
148 288
148 321
148 324
149 170
149 168
149 202
149 241
149 242
150 236
150 238
150 240
150 304
150 306
150 316
150 323
150 169
150 282
150 286
151 219
151 220
151 223
151 226
151 173
151 174
151 184
151 186
152 219
152 220
152 223
152 226
152 173
152 174
152 184
152 186
153 289
153 310
154 240
154 304
154 306
154 316
154 323
154 169
154 282
154 286
155 208
155 209
155 206
155 225
155 227
155 231
155 279
155 280
156 289
156 275
156 310
157 208
157 209
157 206
157 225
157 227
157 231
157 278
157 279
157 280
158 208
158 209
158 206
158 225
158 227
158 231
158 278
158 279
159 205
159 303
159 305
159 308
160 224
160 228
160 229
160 167
160 233
160 235
160 230
162 305
162 308
162 303
162 239
162 195
163 256
163 257
163 293
163 327
163 299
163 255
163 320
163 281
163 283
164 256
164 257
164 293
164 327
164 299
164 255
164 320
164 281
164 283
165 224
165 228
165 229
165 200
165 233
165 235
165 230
166 310
167 224
167 228
167 229
167 233
167 235
167 230
168 241
168 202
168 242
168 170
168 187
169 282
169 323
169 286
169 236
169 238
169 240
169 304
169 306
169 316
170 187
170 202
170 241
170 242
171 274
171 276
171 277
171 262
171 264
171 265
172 274
172 276
172 277
172 262
172 264
172 265
173 184
173 186
173 226
173 188
173 220
173 223
174 184
174 186
174 226
174 188
174 220
174 223
175 274
175 276
175 277
175 262
175 264
175 265
176 261
176 222
177 207
177 322
177 291
177 295
177 317
177 285
177 319
178 261
179 183
179 185
179 288
179 321
179 324
180 290
180 292
180 294
180 296
180 329
180 298
181 290
181 292
181 294
181 296
181 329
181 298
182 290
182 292
182 294
182 296
182 329
182 298
183 288
183 321
183 324
184 219
184 220
185 288
185 321
185 324
186 219
186 220
187 202
187 241
187 242
188 219
188 220
188 223
189 300
190 300
191 284
191 245
191 287
192 300
193 284
193 245
193 287
194 313
194 314
194 302
194 309
194 312
194 315
195 205
195 303
195 305
195 308
196 258
196 259
196 260
196 243
196 252
196 253
196 254
197 250
197 213
197 247
197 297
197 266
197 267
197 268
197 301
197 307
198 258
198 259
198 260
198 252
198 253
198 254
199 250
199 213
199 247
199 297
199 266
199 267
199 268
199 301
199 307
200 224
200 228
200 229
200 233
200 235
200 230
201 250
201 213
201 247
201 297
201 266
201 267
201 268
201 301
201 307
204 224
204 228
204 229
204 233
204 235
204 230
205 305
205 308
205 303
205 239
206 225
206 227
206 231
206 278
206 279
206 280
207 216
207 214
207 322
207 291
207 285
207 319
208 225
208 227
208 231
208 278
208 279
208 280
209 225
209 227
209 231
209 278
209 279
209 280
213 297
213 266
213 267
213 268
213 301
213 307
214 322
214 291
214 295
214 317
214 285
214 319
215 222
216 322
216 291
216 317
216 285
216 319
219 226
220 226
224 233
224 235
224 230
225 280
225 278
225 279
227 280
227 278
227 279
228 235
229 235
231 280
231 278
231 279
232 302
234 284
234 245
234 287
236 304
236 306
236 323
236 282
236 286
237 258
237 259
237 260
237 243
237 252
237 253
237 254
238 304
238 306
238 316
238 286
239 303
239 305
239 308
240 304
240 306
240 316
243 258
243 259
243 260
243 252
243 253
243 254
245 272
245 273
245 271
247 297
247 266
247 267
247 268
247 301
247 307
250 297
250 266
250 267
250 268
250 301
250 307
252 258
252 259
252 260
253 260
255 327
255 320
255 281
255 283
256 327
256 320
256 281
256 283
257 327
257 320
257 281
257 283
262 274
262 276
262 277
264 274
264 276
264 277
265 274
265 276
265 277
266 297
266 301
267 297
267 301
268 297
268 301
271 287
271 284
272 287
272 284
273 287
273 284
281 293
281 299
282 304
282 306
282 316
283 293
283 299
285 317
285 319
286 304
286 306
286 316
290 298
291 322
291 317
291 319
293 320
295 322
295 317
295 319
296 329
299 320
304 323
306 323
316 323
