heur024_n_329_m_27115
1 40
1 45
1 240
1 239
1 61
1 71
2 7
3 128
3 225
4 40
4 45
4 240
4 239
4 61
4 71
6 160
6 184
6 185
6 204
7 89
8 17
8 237
9 264
9 165
11 57
11 67
11 82
11 69
11 235
11 229
13 160
13 184
13 185
13 204
14 128
14 225
15 307
15 286
15 161
16 89
17 210
17 219
17 320
17 245
17 325
17 237
18 264
22 307
22 286
22 161
25 133
25 163
25 138
25 261
26 121
26 127
26 201
26 181
26 260
26 263
26 272
26 278
28 170
29 248
29 329
29 199
29 198
29 218
31 105
31 101
31 310
31 313
31 233
31 227
32 199
32 198
32 218
32 157
33 202
33 203
35 217
35 214
35 126
35 167
35 116
35 119
35 113
35 145
36 133
36 163
36 73
36 138
36 75
36 261
38 170
41 66
41 158
43 187
43 195
44 305
45 240
45 239
45 61
46 305
50 252
50 318
50 143
50 150
50 285
51 158
52 311
52 297
53 66
53 158
53 299
53 135
54 66
54 158
55 311
56 66
56 158
58 187
58 195
59 311
62 216
62 296
64 171
64 156
64 253
64 159
64 81
64 242
65 311
66 155
66 299
66 147
66 270
66 135
68 171
68 156
68 253
68 159
68 242
68 190
72 274
72 172
72 183
73 138
73 261
73 163
73 133
75 138
75 261
75 163
75 133
75 88
77 148
78 199
78 198
80 252
80 318
80 131
80 292
80 143
80 150
80 285
81 242
81 190
81 171
81 156
81 253
81 159
83 274
83 172
83 183
84 148
86 189
86 230
88 163
88 138
88 261
92 242
92 171
92 156
92 253
92 159
94 129
94 199
94 329
94 248
95 114
95 103
96 114
96 103
99 157
99 218
99 198
99 199
99 248
100 289
104 300
104 189
104 230
105 233
106 189
106 230
107 192
107 189
107 230
108 199
110 208
111 198
111 218
112 157
112 198
113 176
113 175
113 167
113 126
116 167
116 217
116 126
116 176
116 145
116 175
118 311
118 297
119 167
119 217
119 126
119 176
119 145
119 175
120 311
120 297
121 260
121 272
121 278
124 309
124 302
124 281
124 267
126 217
126 214
126 176
126 145
126 175
128 236
128 231
129 199
129 329
129 248
129 198
129 218
131 150
131 143
131 252
131 318
133 163
133 138
133 261
134 150
134 252
134 318
135 158
138 163
143 285
143 252
143 318
145 176
145 175
145 167
145 214
145 217
147 299
147 155
147 158
148 177
148 174
150 292
150 285
150 318
151 199
156 242
156 190
156 226
156 221
157 218
157 198
157 321
157 199
157 329
157 248
158 299
158 270
159 242
159 190
159 226
159 221
160 185
160 204
161 307
161 286
162 188
163 261
164 311
164 297
165 264
165 280
165 273
166 258
167 217
167 214
167 176
167 175
171 242
171 190
171 226
171 221
172 274
172 215
175 214
175 217
176 214
176 217
180 241
180 284
180 265
180 259
183 274
183 215
184 185
184 204
186 189
186 230
187 322
187 262
187 268
187 316
188 216
188 193
188 296
189 192
189 326
189 327
189 300
189 319
190 253
192 300
192 319
192 230
194 307
194 286
195 322
195 262
195 268
195 316
196 241
196 284
196 265
196 259
197 209
198 321
198 199
198 329
198 248
199 321
199 329
199 244
199 248
199 218
201 260
201 272
201 278
207 311
211 328
211 324
213 254
218 321
218 329
218 244
218 248
221 253
222 328
222 324
225 236
225 231
226 242
226 253
228 276
228 255
230 326
230 327
230 300
230 319
232 309
232 302
232 281
232 267
237 320
237 325
242 253
252 292
252 285
259 284
260 278
265 284
279 311
285 318
292 318
297 311
300 327
