heur003_n_120_m_2588
1 32
1 45
1 65
1 66
1 61
1 34
1 38
1 102
1 72
1 105
1 77
1 110
1 85
2 32
2 45
2 34
2 102
2 72
2 105
2 77
2 85
2 29
3 32
3 45
3 31
3 65
3 66
3 61
3 34
3 38
3 102
3 72
3 105
3 77
3 110
3 85
3 29
4 36
4 70
4 53
4 87
4 89
4 91
4 60
4 63
5 36
5 37
5 53
5 87
5 89
5 91
5 63
6 36
6 37
6 70
6 53
6 87
6 89
6 91
6 60
7 36
7 89
7 63
8 69
8 27
8 76
8 23
8 24
8 88
8 18
8 19
8 22
9 46
9 47
9 48
9 80
9 79
9 86
9 57
9 64
9 98
9 67
9 42
9 75
9 81
9 82
9 83
9 94
10 46
10 47
10 48
10 80
10 79
10 86
10 57
10 64
10 98
10 67
10 42
10 75
10 81
10 82
10 83
11 36
11 70
11 53
11 87
11 89
11 91
11 60
12 69
12 76
12 23
12 88
12 18
12 22
13 46
13 47
13 48
13 80
13 79
13 86
13 57
13 98
13 67
13 42
13 75
13 81
13 82
13 83
13 94
14 33
14 30
14 62
14 97
14 100
15 62
15 33
15 30
15 104
16 30
16 62
16 104
16 97
17 30
18 40
19 40
19 24
20 62
20 30
20 104
20 97
20 100
21 33
21 30
21 104
21 97
21 100
22 40
22 88
23 88
23 40
24 88
24 76
25 109
25 99
25 111
25 114
25 118
25 120
26 116
26 107
26 108
26 114
26 117
26 118
26 120
27 88
27 40
28 106
28 116
28 99
28 103
28 107
28 108
28 111
28 114
28 117
28 118
28 120
29 105
29 110
29 102
29 72
29 77
29 85
29 66
30 104
30 100
31 65
31 66
31 38
31 102
31 72
31 105
31 77
31 110
31 85
32 66
32 61
32 102
32 105
32 77
32 110
33 104
34 105
34 110
34 102
34 72
34 77
34 85
34 45
35 112
35 50
35 54
35 71
35 74
35 84
35 55
35 56
35 59
36 60
36 53
36 70
36 89
36 91
36 87
37 60
37 53
37 70
37 89
37 91
37 87
38 72
38 77
38 85
38 65
38 66
38 45
38 61
39 73
39 68
39 78
39 101
39 95
39 96
39 90
39 93
40 69
40 76
40 88
41 73
41 68
41 101
41 95
41 96
41 90
41 93
42 98
42 83
42 94
42 81
42 82
42 75
42 46
42 47
42 48
42 80
42 79
42 86
42 57
43 112
43 50
43 54
43 71
43 74
43 84
43 55
43 56
43 59
44 50
44 54
44 71
44 74
44 84
44 55
44 56
44 59
45 65
45 66
45 61
45 102
45 72
45 105
45 77
45 110
46 64
47 86
47 79
47 64
47 67
47 75
47 81
47 83
48 79
48 64
48 98
48 67
48 75
48 82
48 83
48 94
49 73
49 101
49 95
49 96
49 93
50 71
50 74
51 113
51 115
51 119
52 113
52 115
52 119
53 63
53 89
54 71
54 74
54 84
55 74
55 84
55 71
55 112
56 71
56 112
57 80
57 86
57 79
57 64
57 67
57 75
57 81
57 82
57 83
57 94
58 113
59 71
59 112
60 63
60 89
60 91
61 102
61 72
61 105
61 77
61 85
62 104
62 97
62 100
63 70
63 87
64 98
64 83
64 94
64 81
64 82
64 75
64 80
64 86
65 102
65 72
65 105
65 77
65 110
65 85
66 102
66 72
66 105
66 77
66 85
68 92
68 101
68 95
68 96
68 90
70 89
70 91
71 112
72 110
73 92
73 96
73 90
74 112
77 110
78 101
78 96
78 93
80 98
84 112
85 105
85 110
86 94
90 95
99 114
99 120
99 117
99 118
99 116
103 114
103 111
103 120
103 117
103 118
103 109
103 116
106 111
106 114
106 117
106 118
106 120
107 114
107 111
107 120
107 117
107 109
107 116
108 117
108 109
109 114
109 118
114 117
