heur020_n_320_m_5905
4 79
6 48
9 26
9 258
10 159
10 182
14 292
20 180
21 234
22 208
22 186
22 90
22 235
24 263
25 137
26 258
27 231
27 88
27 121
29 237
30 129
30 205
33 198
36 242
37 289
37 184
42 247
43 73
43 110
43 183
48 162
50 211
56 72
57 153
57 210
62 287
65 142
65 107
69 112
69 256
71 104
73 110
74 317
75 245
79 288
79 308
80 219
80 94
81 150
83 233
84 114
84 228
88 231
88 121
90 208
90 186
91 204
92 304
96 255
97 177
99 220
101 221
105 307
105 215
107 142
109 274
110 183
112 256
114 228
117 143
121 231
122 313
125 172
129 205
132 253
132 254
135 290
139 271
139 178
139 236
144 172
153 210
159 182
163 278
164 270
165 217
168 286
174 296
178 271
178 236
186 208
186 235
188 292
190 229
197 248
197 223
200 266
202 241
206 253
206 254
208 235
212 257
213 320
215 307
216 312
218 315
218 244
223 248
243 272
244 315
246 299
253 254
262 309
282 302
