heur008_n_250_m_1045
1 207
1 195
1 188
1 187
1 183
2 241
2 238
2 146
2 230
2 193
2 197
2 6
2 144
2 178
2 244
3 192
3 179
3 182
3 104
3 111
3 112
3 115
3 118
3 119
4 192
4 179
4 182
4 104
4 111
4 112
4 115
4 118
4 119
5 64
5 51
5 53
5 54
5 59
5 61
6 197
6 144
6 193
6 178
6 244
6 230
6 238
6 241
6 146
6 22
6 24
7 177
7 227
7 231
7 232
7 234
7 240
7 248
7 40
7 163
7 165
7 172
7 155
7 174
7 27
8 64
8 51
8 53
8 54
8 59
8 61
9 64
9 51
9 53
9 54
9 59
9 61
10 129
10 138
10 139
10 142
10 147
10 148
10 25
10 236
10 239
10 68
10 71
10 73
10 74
10 60
10 189
10 63
11 207
11 195
11 188
11 187
11 183
12 192
12 179
12 182
12 104
12 111
12 112
12 115
12 118
12 119
13 192
13 179
13 182
13 104
13 111
13 112
13 115
13 118
13 119
14 192
14 179
14 182
14 104
14 111
14 112
14 115
14 118
14 119
15 64
15 51
15 53
15 54
15 59
15 61
16 207
16 195
16 188
16 187
16 183
17 64
17 51
17 53
17 54
17 59
17 61
18 207
18 195
18 188
18 187
18 183
19 207
19 195
19 188
19 187
19 183
20 64
20 51
20 53
20 54
20 59
20 61
21 207
21 195
21 188
21 187
21 183
22 241
22 238
22 146
22 230
22 193
22 197
22 144
22 178
22 244
23 70
23 168
23 169
23 170
23 171
23 233
23 173
23 175
23 116
23 58
24 241
24 238
24 146
24 230
24 193
24 197
24 144
24 178
24 244
25 236
25 239
25 129
25 139
25 138
25 142
25 147
25 148
25 68
25 71
25 73
25 74
25 60
25 189
25 63
26 66
26 69
26 72
26 75
26 246
26 55
26 62
27 163
27 165
27 172
27 174
27 155
27 227
27 231
27 232
27 234
27 40
27 240
27 177
27 248
28 201
28 206
28 209
28 211
28 215
28 216
28 108
29 66
29 69
29 72
29 75
29 246
29 55
29 62
30 57
30 160
30 65
30 164
30 52
30 56
31 57
31 160
31 65
31 164
31 52
31 56
32 57
32 160
32 65
32 164
32 52
32 56
33 66
33 69
33 72
33 75
33 246
33 55
33 62
34 66
34 69
34 72
34 75
34 246
34 55
34 62
35 201
35 206
35 209
35 211
35 215
35 216
35 108
36 57
36 160
36 65
36 164
36 52
36 56
37 57
37 160
37 65
37 164
37 52
37 56
38 66
38 69
38 72
38 75
38 246
38 55
38 62
39 101
39 103
39 105
39 106
39 110
39 145
39 123
39 76
39 135
39 151
39 152
39 153
39 154
39 156
39 157
40 227
40 231
40 232
40 234
40 240
40 177
40 248
40 163
40 165
40 172
40 155
40 174
41 201
41 206
41 209
41 211
41 215
41 216
41 108
42 57
42 160
42 65
42 164
42 52
42 56
43 198
43 200
43 176
43 180
43 185
43 191
44 198
44 200
44 176
44 180
44 185
44 191
45 161
45 162
45 166
45 167
45 158
45 159
45 107
45 113
45 114
45 121
45 124
46 201
46 206
46 209
46 211
46 215
46 216
46 108
47 198
47 200
47 176
47 180
47 185
47 191
48 198
48 200
48 176
48 180
48 185
48 191
49 198
49 200
49 176
49 180
49 185
49 191
50 198
50 200
50 176
50 180
50 185
50 191
52 160
52 164
52 57
55 246
56 160
56 164
56 57
57 160
57 65
57 164
58 168
58 169
58 170
58 171
58 173
58 175
58 233
58 116
60 189
60 129
60 139
60 138
60 236
60 142
60 239
60 147
60 148
62 246
63 189
63 129
63 139
63 138
63 236
63 142
63 239
63 147
63 148
65 160
65 164
66 246
67 226
67 99
67 100
67 228
67 229
67 245
67 88
67 90
67 91
67 92
68 189
68 129
68 139
68 138
68 236
68 142
68 239
68 147
68 148
69 246
70 168
70 169
70 170
70 171
70 173
70 175
70 233
70 116
71 189
71 129
71 139
71 138
71 236
71 142
71 239
71 147
71 148
72 246
73 189
73 129
73 139
73 138
73 236
73 142
73 239
73 147
73 148
74 189
74 129
74 139
74 138
74 236
74 142
74 239
74 147
74 148
75 246
76 135
76 101
76 103
76 105
76 106
76 110
76 145
76 123
76 151
76 152
76 153
76 154
76 156
76 157
77 202
77 203
77 204
77 205
77 210
77 212
78 202
78 203
78 204
78 205
78 210
78 212
79 194
79 196
79 199
79 235
79 181
79 184
79 186
80 202
80 203
80 204
80 205
80 210
80 212
81 194
81 196
81 199
81 235
81 181
81 184
81 186
82 194
82 196
82 199
82 235
82 181
82 184
82 186
83 194
83 196
83 199
83 235
83 181
83 184
83 186
84 202
84 203
84 204
84 205
84 210
84 212
85 194
85 196
85 199
85 235
85 181
85 184
85 186
86 202
86 203
86 204
86 205
86 210
86 212
87 237
87 242
87 243
87 247
87 249
87 250
88 245
88 226
88 228
88 229
89 237
89 242
89 243
89 247
89 249
89 250
90 245
90 226
90 228
90 229
91 245
91 226
91 228
91 229
92 245
92 226
92 228
92 229
93 237
93 242
93 243
93 247
93 249
93 250
94 194
94 196
94 199
94 235
94 181
94 184
94 186
95 202
95 203
95 204
95 205
95 210
95 212
96 237
96 242
96 243
96 247
96 249
96 250
97 237
97 242
97 243
97 247
97 249
97 250
98 237
98 242
98 243
98 247
98 249
98 250
99 245
99 226
99 228
99 229
100 245
100 226
100 228
100 229
101 145
101 135
101 151
101 152
101 153
101 154
101 156
101 157
102 132
102 137
102 140
102 143
102 150
103 145
103 135
103 151
103 152
103 153
103 154
103 156
103 157
104 192
104 179
104 182
105 145
105 135
105 151
105 152
105 153
105 154
105 156
105 157
106 145
106 135
106 151
106 152
106 153
106 154
106 156
106 157
107 161
107 162
107 166
107 167
107 158
107 159
108 201
108 206
108 209
108 211
108 215
108 216
109 132
109 137
109 140
109 143
109 150
110 145
110 135
110 151
110 152
110 153
110 154
110 156
110 157
111 192
111 179
111 182
112 192
112 179
112 182
113 161
113 162
113 166
113 167
113 158
113 159
114 161
114 162
114 166
114 167
114 158
114 159
115 192
115 179
115 182
116 233
116 168
116 169
116 170
116 171
116 173
116 175
117 132
117 137
117 140
117 143
117 150
118 192
118 179
118 182
119 192
119 179
119 182
120 132
120 137
120 140
120 143
120 150
121 161
121 162
121 166
121 167
121 158
121 159
122 132
122 137
122 140
122 143
122 150
123 145
123 135
123 151
123 152
123 153
123 154
123 156
123 157
124 161
124 162
124 166
124 167
124 158
124 159
125 132
125 137
125 140
125 143
125 150
126 190
126 130
126 131
126 134
126 127
127 128
127 133
127 136
127 141
127 190
128 190
128 130
128 131
128 134
128 149
129 236
129 239
129 189
130 133
130 136
130 141
130 190
131 133
131 136
131 141
131 190
132 137
132 140
132 150
132 143
133 190
133 134
133 149
134 136
134 141
134 190
135 145
135 151
135 152
135 153
135 154
135 156
135 157
136 190
136 149
138 236
138 239
138 189
139 236
139 239
139 189
141 190
142 236
142 239
142 189
144 193
144 178
144 244
144 197
144 230
144 238
144 241
144 146
145 151
145 152
145 153
145 154
145 156
145 157
146 230
146 238
146 241
146 193
146 197
146 178
146 244
147 236
147 239
147 189
148 236
148 239
148 189
149 190
155 227
155 231
155 232
155 234
155 240
155 177
155 248
163 227
163 231
163 232
163 234
163 240
163 177
163 248
165 227
165 231
165 232
165 234
165 240
165 177
165 248
168 233
169 233
170 233
171 233
172 227
172 231
172 232
172 234
172 240
172 177
172 248
173 233
174 227
174 231
174 232
174 234
174 240
174 177
174 248
175 233
177 227
177 231
177 232
177 234
177 240
177 248
178 193
178 244
178 197
178 230
178 238
178 241
181 235
183 207
184 235
186 235
187 207
188 207
189 236
189 239
193 244
193 197
193 230
193 238
193 241
194 235
195 207
196 235
197 244
197 230
197 238
197 241
199 235
214 223
219 224
219 221
220 224
221 223
223 224
230 238
230 241
230 244
238 241
238 244
241 244
