heur034_n_345_m_6830
1 238
5 161
6 24
6 194
6 44
7 144
7 237
9 37
10 295
11 157
18 183
18 110
20 250
24 194
24 44
26 154
26 45
26 168
26 217
30 208
32 295
36 309
42 73
43 339
44 194
45 154
45 168
45 217
46 300
46 294
48 118
50 136
50 218
50 63
51 151
53 72
54 292
55 125
56 225
59 304
63 218
63 136
64 116
68 128
74 300
74 294
75 186
83 320
83 122
83 219
83 267
84 192
88 344
88 258
88 191
94 253
96 315
99 172
109 228
111 155
111 131
112 229
113 314
114 240
114 249
114 302
114 286
120 342
122 320
122 267
124 325
127 275
130 142
131 155
133 313
133 248
134 273
134 135
135 273
136 218
138 159
143 276
143 311
144 237
146 310
146 215
150 283
154 217
160 203
162 213
163 174
166 175
167 345
168 217
170 265
184 321
187 290
191 344
191 258
193 222
215 310
216 226
219 320
219 267
227 234
227 252
234 252
239 300
239 294
240 249
240 286
243 291
246 322
248 313
249 302
258 344
262 303
267 320
276 311
281 334
282 300
282 294
285 308
286 302
287 329
294 300
