heur006_n_180_m_6067
1 35
1 40
1 41
1 44
1 77
1 53
2 35
2 40
2 41
2 44
2 77
2 53
3 132
3 138
3 139
3 140
3 120
3 123
4 132
4 138
4 139
4 140
4 115
4 120
4 123
5 109
5 110
5 111
5 117
5 118
5 122
6 35
6 39
6 40
6 41
6 44
6 77
6 53
7 109
7 110
7 111
7 117
7 118
7 122
8 35
8 39
8 41
8 44
8 77
8 53
9 96
9 97
9 98
9 99
9 95
10 110
10 111
10 112
10 117
10 118
11 109
11 110
11 111
11 112
11 117
11 118
11 122
12 96
12 98
12 99
12 101
12 94
12 95
13 96
13 97
13 98
13 99
13 101
13 94
13 95
14 132
14 138
14 139
14 140
14 115
14 120
14 123
15 109
15 110
15 111
15 112
15 117
15 118
15 122
16 96
16 97
16 98
16 99
17 96
17 97
17 98
17 99
17 101
17 95
18 109
18 110
18 111
18 112
18 117
18 118
18 122
19 39
19 40
19 41
19 44
19 77
20 110
20 111
20 118
20 122
21 96
21 97
21 99
21 94
21 95
22 132
22 138
22 139
22 140
22 115
22 120
23 141
23 143
23 147
23 149
23 150
23 151
23 155
24 96
24 101
24 94
24 95
25 141
25 143
25 147
25 149
25 150
25 155
26 141
26 149
26 150
26 151
26 155
27 141
27 143
27 147
27 149
27 150
27 155
28 132
28 138
28 139
28 140
28 115
28 120
29 141
29 143
29 147
29 149
29 150
29 155
30 80
30 81
30 83
30 84
30 87
30 126
31 80
31 83
31 87
31 126
32 81
32 82
32 83
32 84
32 87
32 126
33 141
33 143
33 147
33 149
33 150
33 151
33 155
34 81
34 82
34 83
34 87
34 126
35 42
36 83
36 87
36 126
37 80
37 82
37 83
37 87
37 126
38 80
38 81
38 82
38 83
38 84
38 87
38 126
39 42
42 77
43 141
43 143
43 147
43 149
43 150
43 151
43 155
45 132
45 138
45 139
45 140
45 120
45 123
55 85
55 88
59 131
59 134
59 135
59 146
60 85
60 88
60 89
60 90
60 91
60 92
60 93
61 130
61 131
61 134
61 135
61 146
62 89
63 85
63 88
63 89
64 161
64 171
64 154
65 161
65 148
65 152
65 154
65 156
67 161
67 171
67 148
67 152
67 154
67 156
68 130
68 131
68 135
68 137
68 146
70 130
70 131
70 137
70 146
71 130
71 131
71 135
71 137
73 130
73 131
73 134
74 161
74 148
74 152
74 154
74 156
75 161
75 171
75 153
75 154
75 156
76 90
78 91
78 92
78 93
79 135
79 180
85 100
86 161
86 171
86 152
88 100
89 100
90 100
91 100
92 100
93 100
102 172
102 177
102 178
102 179
103 173
103 175
103 176
103 179
104 172
104 173
104 175
104 176
104 177
104 178
104 179
105 173
105 177
105 178
105 179
106 172
106 173
106 175
106 176
106 177
106 178
106 179
107 128
107 133
107 136
107 142
107 145
108 128
108 129
108 133
108 136
108 142
108 145
108 127
113 128
113 129
113 133
113 136
113 142
114 128
114 129
114 133
114 136
114 142
114 145
114 127
116 128
116 133
116 136
116 142
121 136
121 145
124 172
124 173
124 175
124 176
124 177
124 178
124 179
144 171
158 164
158 174
159 174
160 174
162 174
164 169
169 174
