heur038_n_361_m_7987
4 142
5 208
5 335
6 168
10 187
11 190
14 234
17 224
17 36
17 269
17 68
19 219
20 257
21 191
23 356
24 62
26 35
27 133
28 86
29 51
31 34
32 311
33 331
36 68
36 269
36 224
39 235
39 215
40 327
46 319
48 103
53 211
53 342
57 297
68 269
68 224
71 316
72 267
73 188
76 278
78 143
81 111
81 323
83 116
84 260
85 328
96 231
97 181
100 253
102 318
111 323
113 237
114 161
115 135
121 336
122 179
127 171
130 233
131 281
132 310
136 301
138 346
141 164
149 221
149 350
155 199
159 315
160 361
162 280
162 263
166 197
175 214
176 229
186 295
186 296
192 289
192 254
194 197
195 345
197 210
200 287
203 303
207 268
208 335
209 223
211 342
213 344
218 270
220 258
221 350
224 269
247 272
249 311
263 280
275 359
279 338
279 355
295 296
300 328
321 341
338 355
