heur021_n_320_m_13507
1 131
1 165
1 137
1 174
1 124
1 127
1 35
1 41
1 28
2 99
2 103
2 94
3 133
3 116
3 122
3 101
4 100
4 107
5 99
5 94
6 99
7 291
7 270
7 277
7 310
8 262
8 232
8 296
8 238
8 249
9 291
9 268
9 270
9 310
9 280
10 211
10 93
11 262
11 232
11 296
11 238
11 245
11 249
12 131
12 165
12 137
12 174
12 127
12 35
12 41
12 28
13 97
13 102
13 108
13 92
13 132
13 109
13 145
13 146
13 147
13 190
14 99
14 103
14 94
15 291
15 268
15 270
15 310
15 280
16 161
16 290
16 257
16 210
16 179
16 216
17 291
17 270
18 161
18 290
18 257
18 210
18 179
18 216
19 133
19 116
19 122
19 101
20 98
20 99
20 100
20 103
20 94
21 298
21 303
21 304
21 307
21 309
21 315
22 161
22 290
22 257
22 210
22 179
22 216
23 291
23 268
23 270
24 291
24 268
24 270
24 310
24 280
25 161
25 290
25 257
25 210
25 179
25 216
26 65
26 66
26 47
26 50
27 262
27 232
27 296
27 238
27 245
27 249
28 137
28 174
28 127
29 161
29 290
29 257
29 210
29 179
29 216
30 133
30 116
30 122
30 101
31 262
31 232
31 296
31 238
31 245
31 249
32 65
32 66
32 72
32 47
32 50
33 161
33 290
33 257
33 210
33 179
33 216
34 65
34 66
34 72
34 47
34 50
35 165
35 137
35 174
35 124
35 127
37 133
37 135
37 116
37 122
37 101
38 66
39 137
39 174
39 127
41 131
41 165
41 137
41 174
41 124
41 127
42 320
42 226
42 228
42 233
42 300
42 281
43 298
43 303
43 304
43 307
43 309
43 315
44 131
44 165
44 137
44 174
44 124
44 127
45 320
45 226
45 228
45 233
45 300
45 281
46 298
46 303
46 304
46 307
46 309
46 315
48 262
48 296
48 238
48 245
48 249
49 200
49 79
49 211
49 93
51 320
51 226
51 228
51 233
51 300
51 281
52 202
52 173
52 209
52 242
52 189
52 139
52 140
52 144
52 152
52 154
52 155
53 261
53 230
53 156
54 211
54 93
55 193
55 261
55 230
55 170
55 159
56 192
56 224
56 203
56 178
56 180
56 187
57 320
57 226
57 228
57 233
57 300
57 281
58 298
58 303
58 304
58 307
58 309
58 315
59 192
59 224
59 203
59 178
59 180
59 187
60 200
60 211
60 93
62 320
62 226
62 228
62 233
62 300
62 281
63 320
63 226
63 228
63 233
63 300
63 281
64 131
64 165
64 137
64 174
64 124
64 127
67 293
67 273
67 275
67 311
67 285
67 287
68 273
68 275
68 311
68 287
69 195
69 199
69 204
69 184
69 218
69 219
70 298
70 303
70 304
70 307
70 309
70 315
71 193
71 261
71 170
71 156
71 159
73 193
73 261
73 170
73 156
74 195
74 199
74 204
74 184
74 218
75 193
75 261
75 170
75 156
76 293
76 273
76 275
76 311
76 285
76 287
77 293
77 275
77 311
77 285
77 287
78 192
78 224
78 203
78 178
78 180
78 187
80 192
80 224
80 203
80 178
80 180
80 187
81 192
81 224
81 203
81 178
81 180
81 187
82 293
82 273
82 275
82 311
82 285
82 287
83 195
83 199
83 204
83 184
83 218
83 219
84 262
84 232
84 296
84 238
84 245
84 249
85 195
85 199
85 204
85 184
85 218
85 219
87 293
87 273
87 275
87 311
87 285
87 287
88 194
88 258
88 229
88 201
88 188
88 191
90 132
90 145
90 146
90 147
90 190
91 192
91 224
91 203
91 178
91 180
91 187
92 132
92 109
92 145
92 146
92 147
92 190
93 294
93 115
95 193
95 261
95 170
95 156
95 159
96 195
96 199
96 204
96 184
96 218
96 219
97 132
97 145
97 147
97 190
101 130
101 135
101 118
102 132
102 109
102 145
102 146
102 147
102 190
104 195
104 199
104 204
104 184
105 194
105 258
105 229
105 201
105 188
105 191
106 234
106 266
106 240
106 241
106 253
106 254
108 132
108 109
108 145
108 146
108 147
108 190
110 286
111 207
111 143
111 175
111 148
111 276
111 186
112 292
112 297
112 299
112 286
113 194
113 258
113 229
113 201
113 188
113 191
114 143
115 200
115 211
117 194
117 258
117 229
117 201
117 188
117 191
119 234
119 266
119 240
119 241
119 253
119 254
120 234
120 266
120 240
120 241
120 253
120 254
121 292
121 297
121 299
121 286
123 207
123 143
123 175
123 148
123 276
123 186
125 299
125 286
126 207
126 143
126 175
126 148
126 276
126 186
128 234
128 266
128 240
128 241
128 253
128 254
129 292
129 297
129 286
134 256
134 301
134 271
134 306
134 252
136 207
136 143
136 175
136 148
136 276
136 186
138 256
138 301
138 271
138 306
138 252
139 168
139 209
139 242
140 168
140 209
140 242
140 189
142 292
142 297
142 299
142 286
143 149
144 168
144 209
144 242
144 189
148 149
149 207
149 175
149 276
149 186
150 269
150 282
150 284
150 317
151 282
152 168
152 209
152 242
152 189
153 269
153 317
154 168
154 202
154 209
154 242
154 189
155 168
155 209
155 242
157 256
157 301
157 271
157 306
157 252
158 269
158 284
158 317
160 194
160 258
160 229
160 201
160 188
160 191
162 256
162 301
162 271
162 306
163 314
163 269
163 284
163 317
164 269
164 317
167 236
167 205
167 206
167 243
167 244
167 246
169 236
169 205
169 206
169 243
169 244
169 246
171 288
171 308
171 313
171 316
172 234
172 266
172 240
172 241
172 253
172 254
177 194
177 258
177 229
177 201
177 188
177 191
182 236
182 205
182 206
182 243
182 244
182 246
185 289
185 278
185 312
196 289
196 278
197 263
197 278
197 279
197 312
198 289
198 263
198 278
198 279
198 312
198 283
200 294
205 215
205 214
205 222
206 215
206 214
206 222
208 289
208 263
208 278
208 279
208 312
208 283
211 294
213 289
213 263
213 278
213 279
213 312
214 236
214 243
214 244
214 246
215 236
215 243
215 244
215 246
222 236
222 243
222 244
222 246
225 259
225 305
225 255
227 259
227 305
234 237
235 255
237 266
237 240
237 241
237 253
237 254
255 264
255 265
255 272
259 265
264 305
265 305
272 305
