heur019_n_300_m_28765
1 100
10 210
10 212
10 213
10 217
10 218
11 207
11 210
11 211
11 212
11 213
11 216
11 217
12 210
12 211
12 212
12 213
12 214
12 216
13 210
13 211
13 216
13 217
15 207
15 209
15 210
15 211
15 212
15 213
15 214
15 216
15 217
16 209
16 210
16 211
16 212
16 213
16 214
16 216
16 217
16 218
17 210
17 211
17 212
17 213
17 214
17 216
17 217
17 218
18 209
18 210
18 211
18 212
18 213
18 214
18 216
18 217
18 218
19 209
19 210
19 211
19 212
19 213
19 214
19 216
19 217
20 209
20 210
20 211
20 212
20 213
20 214
20 216
20 217
22 228
23 228
24 225
24 228
24 230
25 228
26 226
26 230
27 225
27 226
27 228
27 219
27 220
28 225
28 226
28 227
28 228
28 230
28 235
28 219
28 220
28 222
29 261
29 270
31 261
31 262
31 263
31 264
31 265
31 266
31 267
31 268
31 269
31 270
33 262
33 266
33 269
34 261
34 270
35 228
35 230
35 235
36 225
36 227
36 228
36 230
36 235
36 220
36 222
37 266
38 262
38 263
38 266
39 262
39 263
39 264
39 265
39 266
39 268
39 269
39 270
40 234
40 236
41 232
41 234
41 236
41 252
45 229
45 238
46 238
46 252
48 234
48 236
49 229
49 238
50 232
50 233
60 70
60 76
90 258
90 245
90 248
90 249
91 256
91 257
91 258
91 245
91 249
91 254
92 256
92 257
92 258
92 245
92 249
92 251
92 254
93 248
94 256
94 257
94 258
94 249
94 251
94 254
95 257
95 258
95 245
95 248
95 249
96 258
96 251
96 254
98 258
99 256
99 258
99 245
99 249
99 251
99 254
105 256
105 245
105 249
113 144
151 291
151 297
151 298
151 299
152 300
154 290
154 291
154 292
154 294
154 295
154 296
154 297
154 298
154 299
154 300
155 290
155 291
155 292
155 294
155 295
155 296
155 297
155 298
155 299
155 300
156 290
156 291
156 292
156 294
156 295
156 296
156 297
156 298
156 299
156 300
157 290
157 291
157 292
157 294
157 295
157 296
157 297
157 298
157 299
157 300
158 288
158 289
158 293
158 281
158 282
158 284
158 285
158 286
158 287
159 288
159 289
159 293
159 281
159 282
159 283
159 284
159 285
159 286
159 287
160 288
160 289
160 293
160 281
160 282
160 284
160 285
160 286
160 287
161 288
161 289
161 293
161 281
161 282
161 283
161 284
161 285
161 286
161 287
162 288
162 289
162 293
162 281
162 282
162 283
162 284
162 285
162 286
162 287
163 288
163 289
163 293
163 281
163 282
163 283
163 284
163 285
163 286
163 287
164 288
164 289
164 293
164 281
164 282
164 283
164 284
164 285
164 286
164 287
165 288
165 289
165 293
165 281
165 282
165 283
165 284
165 285
165 286
165 287
166 288
166 289
166 293
166 281
166 282
166 283
166 284
166 285
166 286
166 287
167 290
167 291
167 292
167 294
167 295
167 296
167 297
167 298
167 299
167 300
168 288
168 289
168 293
168 281
168 282
168 283
168 284
168 285
168 286
168 287
169 271
169 272
169 273
169 274
169 275
169 276
169 277
169 278
169 279
169 280
170 271
170 272
170 273
170 274
170 275
170 276
170 277
170 278
170 279
170 280
171 271
171 272
171 273
171 274
171 275
171 276
171 277
171 278
171 279
171 280
172 271
172 273
172 274
172 275
172 276
172 278
173 271
173 272
173 273
173 274
173 275
173 276
173 277
173 278
173 279
173 280
174 271
174 272
174 273
174 274
174 275
174 276
174 277
174 278
174 279
174 280
175 271
175 272
175 273
175 274
175 275
175 276
175 277
175 278
175 279
176 271
176 276
176 278
176 280
177 271
177 272
177 273
177 274
177 275
177 276
177 277
177 278
177 279
177 280
178 271
178 272
178 273
178 274
178 275
178 276
178 277
178 278
178 279
178 280
179 259
179 260
179 239
179 240
179 241
179 242
179 243
179 246
179 247
179 253
180 259
180 260
180 239
180 240
180 241
180 242
180 243
180 246
180 247
180 253
181 259
181 260
181 239
181 240
181 241
181 242
181 243
181 246
181 247
181 253
182 259
182 260
182 239
182 240
182 241
182 242
182 243
182 246
182 247
182 253
183 259
183 260
183 239
183 240
183 241
183 242
183 243
183 246
183 247
183 253
184 260
184 246
184 253
185 259
185 260
185 239
185 240
185 241
185 242
185 243
185 246
185 247
185 253
186 259
186 260
186 239
186 240
186 241
186 242
186 243
186 246
186 247
186 253
187 259
187 260
187 239
187 240
187 241
187 242
187 243
187 246
187 247
187 253
193 259
193 239
193 240
193 241
193 242
193 243
193 246
193 247
193 253
194 202
195 204
