heur014_n_300_m_14191
1 144
1 283
1 275
2 186
2 283
2 275
3 295
3 191
3 149
3 134
4 254
4 255
5 28
5 29
5 234
5 238
6 234
6 238
7 166
7 75
7 235
7 237
7 158
8 71
8 237
8 158
8 95
9 166
9 75
9 235
9 237
9 158
10 295
10 149
11 225
11 37
11 273
11 274
13 125
13 182
13 107
13 100
13 56
13 80
14 254
14 255
15 225
15 229
15 37
15 19
15 273
15 274
16 250
16 251
16 290
16 286
17 125
17 107
17 80
19 37
19 225
19 229
19 273
19 274
20 225
20 273
20 274
21 37
21 225
21 229
21 273
21 274
22 120
22 113
22 298
22 88
22 82
22 224
22 202
22 147
23 227
23 222
23 203
23 230
23 129
23 132
23 236
23 148
23 244
24 102
26 120
26 113
26 298
26 88
26 82
26 224
26 202
26 147
27 125
27 182
27 107
27 100
27 56
27 80
28 41
28 34
28 234
28 238
29 34
29 234
29 238
30 298
30 300
30 120
30 113
30 88
30 82
30 224
30 147
31 298
31 300
31 120
31 113
31 88
31 82
31 224
31 202
31 146
31 147
32 125
32 107
32 100
32 56
32 80
34 234
34 238
35 102
37 225
37 229
38 106
38 93
38 256
38 253
41 234
41 238
42 227
42 222
42 203
42 230
42 236
42 150
43 109
43 93
43 256
43 253
46 280
46 277
46 239
47 144
47 141
47 283
47 275
48 240
48 280
48 239
50 168
50 167
50 291
50 137
50 130
51 278
51 108
52 126
52 128
52 101
52 165
52 169
52 276
53 144
53 186
53 141
53 275
54 128
54 101
54 165
54 276
54 152
55 194
55 123
55 196
56 100
56 107
56 182
56 125
57 197
57 264
57 76
57 151
57 96
57 210
57 206
57 103
58 193
58 183
60 281
60 278
60 108
60 111
61 84
61 85
61 151
61 210
61 103
62 193
62 183
63 168
63 167
63 289
63 291
63 137
63 130
64 154
64 155
64 94
64 262
65 154
65 155
65 97
65 94
65 262
66 288
66 297
67 98
67 89
67 92
67 99
67 87
68 151
68 197
68 85
68 84
68 96
68 210
68 206
68 103
69 123
70 288
71 166
71 158
71 237
71 95
71 81
71 91
72 178
74 98
74 138
74 89
74 92
74 99
74 87
75 166
75 158
75 235
75 81
75 91
76 151
76 264
76 85
76 84
76 210
76 206
76 103
80 100
80 107
80 125
81 235
81 237
81 95
82 298
82 300
82 120
82 224
82 202
84 197
84 264
84 145
84 96
84 210
84 103
85 197
85 264
85 145
85 103
86 172
88 300
88 113
88 120
88 224
88 202
89 138
89 99
90 172
91 235
91 237
91 158
91 95
92 138
92 99
93 256
93 209
93 253
93 190
94 219
94 262
94 154
94 155
95 166
95 235
95 237
95 158
96 197
96 264
96 145
97 262
97 155
100 182
100 125
101 165
101 126
101 117
103 206
103 197
103 145
105 116
105 192
105 226
105 294
105 296
105 233
105 299
105 207
106 256
106 253
106 190
107 182
107 125
108 281
109 256
109 209
109 253
109 190
110 232
110 228
110 170
110 187
111 281
111 278
112 248
112 252
113 298
113 300
113 224
113 202
113 147
114 232
116 140
116 192
116 226
116 294
116 299
116 284
116 287
117 169
117 276
118 140
118 294
118 233
118 299
118 207
118 287
119 200
119 199
120 300
120 224
120 202
121 217
123 194
123 196
126 276
126 152
127 178
127 181
127 188
128 165
128 152
128 276
129 150
129 236
129 244
129 227
129 230
129 203
129 222
130 168
131 201
131 178
131 181
131 188
132 148
132 150
132 236
132 244
132 227
132 230
132 203
132 222
133 195
133 198
134 191
135 194
135 196
136 257
136 163
136 243
136 249
136 185
136 189
136 214
136 215
137 168
140 192
140 226
140 293
140 294
140 296
140 233
140 299
140 207
141 186
141 175
142 217
142 218
144 175
145 210
145 206
146 224
146 202
146 300
147 224
147 202
147 300
148 236
148 244
148 227
148 230
148 203
148 222
149 191
149 295
150 236
150 244
150 227
150 230
150 203
150 222
151 264
151 197
151 210
151 206
152 169
152 165
154 219
154 262
155 219
155 262
156 267
156 249
156 243
156 257
156 185
156 189
156 214
156 215
157 241
157 245
157 247
157 173
157 174
157 246
158 235
158 237
159 267
159 249
159 243
159 257
159 185
159 189
159 214
159 215
160 241
160 245
160 247
160 173
160 174
160 246
162 267
162 249
162 257
162 185
162 189
162 214
162 215
163 267
163 185
163 189
163 214
163 215
164 267
164 249
164 185
164 189
164 214
164 215
165 276
166 235
166 237
167 289
168 289
168 291
169 276
170 232
170 228
173 247
173 241
173 245
174 241
174 245
175 275
177 198
177 263
177 279
179 248
179 252
180 242
180 268
184 268
185 214
185 215
185 257
185 267
185 243
185 249
186 283
186 275
189 214
189 215
189 257
189 267
189 243
189 249
190 256
190 253
192 293
192 287
195 208
195 212
195 263
195 279
197 206
198 208
198 212
198 263
198 279
202 298
202 300
203 244
204 266
204 270
204 216
204 258
204 223
204 231
204 220
204 221
205 266
205 270
205 216
205 258
205 220
205 221
206 264
207 226
207 293
207 294
207 296
207 233
207 299
207 284
207 287
208 279
209 253
210 264
212 279
214 267
214 243
214 249
215 267
216 231
216 223
220 231
220 223
221 258
221 231
221 223
222 244
223 258
223 266
223 270
224 298
224 300
225 273
225 274
226 296
226 294
226 284
226 287
226 299
226 293
227 244
229 273
229 274
230 244
231 258
231 266
231 270
233 296
233 294
233 284
233 287
233 299
233 293
239 280
239 277
240 280
240 277
243 267
249 257
249 267
250 290
250 286
251 290
284 296
284 294
284 299
287 296
287 294
287 299
