heur029_n_330_m_4329
1 273
1 276
1 78
1 100
1 195
1 60
1 197
2 272
2 274
2 214
2 175
2 205
2 13
2 14
2 213
2 254
2 126
3 272
3 274
3 214
3 175
3 205
3 13
3 14
3 213
3 254
3 126
4 318
4 319
4 168
4 192
4 230
4 167
4 246
4 286
5 318
5 319
5 168
5 192
5 230
5 167
5 246
5 286
6 273
6 276
6 100
6 195
6 60
6 197
7 136
7 174
8 136
8 174
10 237
10 239
10 88
10 89
11 237
11 239
11 88
11 89
12 283
12 284
12 313
12 311
13 213
13 205
13 126
13 254
13 175
13 272
13 274
13 214
14 213
14 205
14 126
14 254
14 175
14 272
14 274
14 214
15 129
15 170
16 283
16 284
16 313
16 311
17 123
17 124
19 77
19 78
19 276
19 273
19 100
19 195
19 60
19 197
20 77
20 78
20 276
20 273
20 100
20 195
20 60
20 197
21 123
21 124
23 241
23 238
23 79
23 176
23 218
23 305
23 315
25 217
25 219
25 61
28 328
28 329
28 157
28 199
28 107
28 292
28 293
30 217
30 219
30 61
31 310
31 302
33 328
33 329
33 157
33 199
33 107
33 292
33 293
36 221
36 223
36 232
36 189
38 221
38 223
38 232
38 189
39 310
39 302
40 106
40 110
40 97
40 135
40 177
40 85
40 56
40 121
40 163
40 165
40 262
40 263
40 154
40 152
40 186
40 187
42 138
42 180
42 113
42 151
42 320
42 322
42 220
42 222
43 138
43 180
43 113
43 151
43 320
43 322
43 220
43 222
47 108
47 111
48 108
48 111
49 57
49 141
49 181
50 57
50 141
50 181
52 128
52 127
52 109
52 173
52 145
52 212
52 149
52 150
52 184
52 188
53 128
53 127
53 109
53 173
53 145
53 212
53 149
53 150
53 184
53 188
55 161
55 203
55 144
55 227
56 177
56 135
56 121
56 85
56 106
56 110
56 70
56 163
56 165
56 262
56 263
56 154
56 75
56 80
56 152
56 186
56 187
57 141
57 181
58 257
58 215
58 324
58 327
58 112
58 314
58 116
58 317
59 257
59 215
59 324
59 327
59 112
59 314
59 116
59 317
60 195
60 197
60 77
60 78
60 273
60 276
61 219
61 217
62 156
62 118
62 193
62 190
64 241
64 238
64 84
64 79
64 176
64 218
64 305
64 315
66 200
66 198
66 185
66 183
67 219
67 217
68 232
68 189
68 221
68 223
69 200
69 198
69 185
69 183
70 106
70 97
70 135
70 177
70 85
70 121
70 163
70 165
70 262
70 263
70 154
70 80
70 186
70 187
71 292
71 293
71 199
71 328
71 329
71 157
72 232
72 189
72 221
72 223
75 186
75 187
75 163
75 165
75 262
75 263
75 152
75 154
75 97
75 135
75 106
75 110
75 177
75 85
75 121
76 160
76 137
76 139
77 276
77 273
77 100
77 195
77 197
78 276
78 273
78 100
78 195
78 197
79 241
79 238
79 176
79 218
79 305
79 315
80 186
80 187
80 163
80 165
80 262
80 263
80 152
80 154
80 97
80 135
80 106
80 110
80 177
81 160
81 137
81 139
82 297
82 295
83 249
83 247
84 241
84 238
84 176
84 218
84 305
84 315
85 97
85 177
85 135
85 106
85 110
85 262
85 263
85 154
85 152
85 186
85 187
86 297
86 295
88 237
88 239
89 237
89 239
90 234
90 275
92 234
92 275
93 256
93 294
93 306
93 301
94 256
94 294
94 306
94 301
95 162
95 158
96 161
96 203
96 144
96 227
97 177
97 135
97 121
97 106
97 110
97 163
97 165
97 262
97 263
97 154
97 152
97 186
97 187
98 162
98 158
100 195
100 197
100 273
100 276
101 166
101 298
101 300
101 147
101 148
101 125
102 309
102 271
102 204
102 206
102 225
102 266
102 280
102 278
103 117
103 159
104 166
104 298
104 300
104 125
105 117
105 159
106 135
106 177
106 121
106 163
106 165
106 262
106 263
106 154
106 152
107 292
107 293
107 199
107 328
107 329
107 157
109 188
109 212
109 173
109 184
109 145
109 128
109 127
110 135
110 177
110 121
110 163
110 165
110 262
110 263
110 154
110 186
110 187
112 314
112 317
112 257
112 324
112 327
112 215
113 180
113 138
113 320
113 322
113 220
113 222
116 314
116 317
116 257
116 324
116 327
116 215
118 193
118 190
119 137
119 139
120 249
120 247
121 177
121 135
121 262
121 263
121 154
121 152
121 186
121 187
125 147
125 148
125 298
125 300
126 213
126 254
126 175
126 272
126 274
126 214
127 173
127 145
127 212
127 149
127 150
127 184
127 188
128 173
128 145
128 212
128 149
128 150
128 184
128 188
133 256
133 294
133 306
133 301
134 256
134 294
134 306
134 301
135 163
135 165
135 262
135 263
135 154
135 152
135 186
135 187
137 160
138 151
138 320
138 322
138 220
138 222
139 160
142 309
142 271
142 204
142 206
142 266
142 280
142 278
143 243
143 245
144 161
144 203
145 173
145 212
145 149
145 150
146 243
146 245
147 166
147 298
147 300
148 166
148 298
148 300
149 212
149 173
149 184
150 212
150 173
150 184
151 180
151 320
151 322
151 220
151 222
152 163
152 165
152 262
152 263
152 186
152 187
152 177
153 296
153 255
153 216
153 178
154 163
154 165
154 262
154 263
154 186
154 187
154 177
156 193
156 190
157 328
157 329
157 292
157 293
161 227
163 262
163 263
163 186
163 187
163 177
165 262
165 263
165 186
165 187
165 177
166 298
166 300
167 192
167 230
167 318
167 319
167 286
168 192
168 230
168 318
168 319
168 246
168 286
173 188
173 184
175 272
175 274
175 205
175 254
176 238
176 241
176 305
176 315
177 262
177 263
177 186
177 187
178 296
178 255
178 191
179 312
179 308
180 320
180 322
182 228
182 270
182 233
182 231
183 200
183 198
184 212
184 188
185 200
185 198
186 262
186 263
187 262
187 263
188 212
189 221
189 223
191 296
191 255
191 216
192 318
192 319
192 246
192 286
194 267
194 269
195 273
196 267
196 269
197 273
197 276
199 328
199 329
199 292
199 293
203 227
204 309
204 271
204 225
204 266
204 280
204 278
205 213
205 254
205 272
205 274
205 214
206 309
206 271
206 225
206 266
206 280
206 278
210 277
210 279
213 272
213 274
214 272
214 274
215 324
215 327
215 314
215 317
216 296
218 238
218 241
218 305
218 315
220 320
220 322
221 232
222 320
222 322
223 232
225 271
225 309
225 280
225 278
228 233
230 318
230 319
230 246
230 286
235 289
235 299
235 303
236 289
236 299
236 303
238 305
238 315
240 264
240 304
241 305
241 315
246 318
246 319
250 277
250 279
251 277
251 279
252 277
252 279
253 281
253 282
253 258
253 259
253 325
253 326
253 265
253 307
254 272
254 274
256 306
256 301
257 324
257 327
257 314
257 317
258 265
258 307
258 325
258 326
258 281
258 282
259 265
259 307
259 325
259 326
259 281
259 282
264 285
265 325
265 326
265 281
265 282
266 280
266 278
271 280
271 278
278 309
280 309
281 307
282 307
283 313
283 311
284 313
284 311
285 304
286 318
286 319
294 306
307 325
307 326
314 324
314 327
317 324
317 327
