heur016_n_300_m_15456
1 84
1 225
1 223
1 266
1 244
5 84
5 85
5 225
5 223
5 266
5 244
6 252
6 254
6 249
6 243
6 88
6 86
10 252
10 254
10 249
10 243
10 88
10 86
11 68
11 202
11 268
11 270
11 209
11 180
11 59
11 128
11 131
11 170
11 108
11 111
12 203
12 197
13 162
13 155
13 288
13 36
13 37
13 295
13 136
13 138
13 299
16 68
16 202
16 268
16 270
16 209
16 180
16 59
16 128
16 131
16 170
16 108
16 111
17 162
17 155
17 36
17 37
17 136
17 138
19 197
21 230
21 239
21 256
21 233
21 259
21 238
24 123
24 118
25 230
25 239
25 256
25 233
25 259
25 238
26 162
26 155
26 36
26 37
26 136
26 138
27 229
27 47
27 272
27 83
27 87
27 183
28 162
28 155
28 288
28 36
28 37
28 294
28 136
28 138
28 299
29 123
29 118
30 229
30 234
30 47
30 66
30 83
30 87
30 184
31 282
31 275
32 154
32 159
33 275
34 154
34 159
36 288
36 294
36 295
36 136
36 138
36 299
36 162
36 155
37 288
37 294
37 295
37 136
37 138
37 299
37 162
37 155
38 89
38 176
38 166
38 156
38 158
38 65
38 293
38 139
38 300
38 75
39 89
39 95
39 176
39 166
39 156
39 158
39 65
39 293
39 300
39 75
41 187
41 182
41 234
41 229
41 83
41 87
41 184
41 281
41 183
42 148
42 116
43 80
43 74
43 208
43 198
43 260
43 263
43 44
43 119
43 124
44 260
44 198
44 263
44 106
44 80
44 208
44 169
44 171
44 122
45 104
45 110
46 260
46 198
46 263
46 208
46 107
46 171
46 115
46 119
46 124
47 187
47 182
47 234
47 229
47 272
47 87
47 184
47 281
47 61
47 183
49 148
49 103
49 113
49 116
50 153
50 69
50 72
50 172
50 236
50 242
50 149
50 57
50 58
51 232
51 219
51 196
51 207
51 278
51 161
51 164
51 174
51 175
51 81
52 232
52 219
52 196
52 278
52 77
52 174
52 81
53 224
53 222
54 224
54 222
55 188
55 248
55 253
55 186
55 181
56 188
56 248
56 253
56 186
56 181
57 172
57 105
58 172
58 236
58 242
58 105
59 268
59 270
59 209
59 180
59 128
59 131
59 108
59 111
59 178
61 272
61 83
61 87
61 184
61 183
61 187
61 182
63 104
63 110
64 139
64 132
64 293
64 82
64 75
64 176
64 89
64 156
64 95
65 139
65 132
65 176
65 89
65 95
66 184
66 183
66 187
66 182
67 192
67 193
67 195
67 199
67 264
68 202
68 204
68 268
68 270
68 180
68 128
68 131
68 108
68 111
68 178
69 172
69 236
69 242
69 105
70 100
70 101
70 102
70 130
70 90
70 126
71 100
71 102
71 130
71 126
72 236
72 242
72 105
73 123
73 118
74 106
74 260
74 263
74 107
74 115
74 119
74 122
74 127
75 132
75 293
75 139
75 300
75 166
75 89
75 156
75 95
77 232
77 207
77 271
77 278
77 219
78 192
78 193
78 195
78 199
78 264
78 274
79 123
79 118
80 106
80 198
80 260
80 263
80 107
80 115
80 119
80 122
80 124
80 127
81 207
81 271
81 278
81 219
82 132
82 293
82 139
82 89
83 272
83 281
83 184
83 183
83 234
83 187
83 182
84 225
84 223
84 266
84 244
85 225
85 223
85 266
85 244
86 243
86 249
86 252
86 254
87 272
87 184
87 183
87 234
87 187
87 182
88 243
88 249
88 252
88 254
89 176
89 166
89 156
89 158
89 132
89 293
89 139
89 300
90 168
90 130
90 126
94 216
94 201
94 218
94 190
95 176
95 156
95 158
95 132
95 293
95 139
95 300
97 216
97 201
97 218
97 190
99 130
99 126
100 130
100 168
100 126
101 130
101 168
101 141
101 146
101 126
102 130
102 168
102 141
102 146
102 126
103 113
103 116
105 153
105 236
105 242
105 149
106 208
106 198
106 260
106 263
106 171
107 169
107 171
107 198
107 263
107 208
108 178
108 170
108 204
108 270
108 209
108 180
109 200
109 205
111 178
111 170
111 202
111 204
111 209
111 180
113 148
115 169
115 171
115 198
115 263
115 208
116 148
117 235
117 144
117 276
117 214
117 220
119 169
119 171
119 260
119 198
119 208
120 258
120 235
120 144
120 276
120 214
121 200
122 171
122 260
122 198
122 263
122 208
124 169
124 171
124 263
124 208
126 146
126 141
127 198
127 263
127 208
128 178
128 170
128 202
128 204
128 209
128 180
129 160
129 289
129 287
130 146
130 141
131 178
131 170
131 202
131 209
131 180
132 300
132 293
132 166
132 176
132 156
132 158
133 160
133 289
133 287
135 235
135 276
135 220
135 214
136 288
136 299
136 294
136 295
136 162
136 155
137 215
138 294
138 295
138 162
138 155
139 300
139 293
139 166
139 176
139 156
139 158
143 280
143 290
143 267
144 235
144 276
144 220
144 214
144 258
144 261
144 246
144 250
147 298
147 292
149 242
151 289
151 287
152 298
155 288
155 294
157 285
158 293
160 289
160 287
161 278
161 219
162 299
164 196
164 207
164 271
164 278
167 286
169 260
169 263
170 202
170 268
170 270
170 209
171 260
171 263
172 242
173 242
174 207
174 271
174 278
174 219
175 232
175 219
176 293
176 300
177 248
177 253
178 268
178 270
178 209
179 213
180 268
180 270
182 234
182 229
182 281
183 272
184 272
184 281
184 229
184 234
185 280
185 290
186 253
187 272
188 248
188 253
189 280
189 267
190 216
191 240
191 296
191 297
192 264
193 264
193 274
194 240
194 257
194 297
195 264
195 274
196 219
196 278
198 260
198 263
199 264
201 216
201 218
202 270
202 209
204 268
204 270
204 209
206 291
206 284
207 232
207 278
207 271
208 260
208 263
209 268
209 270
213 283
213 284
213 286
214 276
214 261
214 250
217 298
217 292
219 278
219 271
220 276
220 258
223 266
223 244
225 266
228 298
228 292
229 272
232 278
232 271
234 272
235 261
235 250
238 259
240 296
240 297
245 277
246 276
249 252
250 276
257 296
257 297
258 276
261 276
267 290
