heur027_n_330_m_2256
2 213
3 16
4 14
4 300
7 154
8 27
12 180
13 25
14 300
20 153
20 223
21 190
24 327
26 224
26 211
26 311
26 125
28 318
30 100
30 135
31 213
33 51
33 207
33 271
34 153
34 223
36 213
37 222
42 90
42 143
43 89
43 112
45 322
45 246
46 141
46 233
47 301
48 288
51 207
51 271
53 192
53 165
54 150
62 216
62 209
62 72
64 98
64 75
70 241
70 298
71 280
72 216
72 209
75 98
76 152
76 105
77 100
77 135
78 316
78 317
80 226
83 242
84 237
88 312
89 112
90 143
91 292
93 314
97 220
100 135
102 172
103 227
105 152
106 323
109 137
111 188
117 181
120 303
121 248
125 224
125 211
125 311
130 256
136 163
140 171
141 233
142 244
146 240
146 289
147 305
148 290
151 247
153 223
156 168
156 285
159 273
160 266
165 192
168 285
179 265
182 249
185 210
195 294
200 282
205 277
207 271
209 216
211 311
211 224
214 231
215 320
224 311
240 289
241 298
246 322
254 330
258 284
259 324
259 279
279 324
283 295
297 307
308 321
