heur015_n_300_m_15035
1 203
1 253
1 277
4 198
10 76
15 200
16 129
16 234
16 179
16 53
19 294
26 202
29 126
30 256
30 214
32 290
38 146
39 243
40 161
41 143
46 143
47 281
49 298
52 238
53 129
53 234
55 236
55 125
57 288
57 225
58 271
60 271
61 153
64 117
64 223
66 256
66 214
70 242
71 289
72 176
72 292
75 285
77 97
81 145
83 289
85 263
88 273
89 98
92 286
93 228
98 187
105 245
109 287
111 143
113 253
113 277
116 184
120 241
123 287
124 278
125 236
127 154
128 174
129 179
129 234
130 183
140 296
140 196
142 282
149 268
150 180
159 204
160 202
168 261
171 212
172 270
176 292
177 283
179 234
186 209
188 210
189 250
191 295
196 296
196 258
203 253
203 277
207 243
214 256
215 253
215 277
224 271
225 288
230 270
235 284
253 277
258 296
