heur023_n_329_m_16183
2 320
2 323
2 211
2 214
2 186
2 222
3 225
4 146
4 127
6 296
6 312
7 233
7 181
7 252
7 318
10 98
10 107
10 249
10 238
10 256
10 325
10 326
10 328
10 266
10 81
10 180
10 85
10 279
10 152
11 16
11 27
11 50
11 61
11 299
11 308
12 275
12 115
12 49
12 55
12 288
12 148
12 317
12 169
12 170
12 171
12 237
12 175
12 178
13 28
13 30
16 299
17 297
17 253
17 35
18 72
18 285
19 72
19 285
20 77
21 301
21 110
23 52
23 77
23 137
24 301
24 310
24 109
24 110
25 243
27 50
27 61
27 299
27 308
28 66
30 66
32 160
32 257
32 242
33 98
33 107
33 249
33 238
33 325
33 326
33 328
33 266
33 81
33 180
33 85
33 279
33 152
34 264
36 233
36 181
36 252
36 318
38 160
38 257
38 242
38 111
39 121
39 116
39 144
39 62
40 232
40 173
40 274
40 119
41 102
41 232
41 173
41 274
41 119
42 264
42 244
42 44
42 269
43 243
44 269
44 264
44 244
44 46
45 284
45 278
45 268
45 294
45 290
45 292
47 102
47 232
47 274
47 119
47 105
47 227
49 115
49 275
49 148
49 170
49 171
49 237
49 175
50 299
51 154
52 137
52 224
52 212
53 320
53 323
53 214
53 186
55 115
55 275
55 148
55 170
55 171
55 237
55 175
56 262
60 176
60 130
61 299
62 121
62 116
62 206
63 208
63 228
63 129
63 319
67 324
67 229
67 191
68 176
68 130
68 327
69 228
69 129
69 319
70 315
71 315
73 324
73 179
73 229
73 191
74 104
74 158
77 137
77 118
77 224
77 212
81 152
81 180
81 256
81 328
81 325
81 279
81 238
81 249
83 185
83 241
83 245
83 172
83 143
83 183
85 152
85 180
85 328
86 213
86 231
89 125
89 117
89 159
89 182
89 142
89 151
91 185
91 245
91 172
91 143
91 183
94 276
96 250
96 236
96 203
96 207
96 184
96 291
96 277
96 192
96 120
96 131
98 328
98 180
100 172
100 183
100 185
101 305
101 230
102 260
102 232
102 173
102 274
102 119
102 247
102 105
102 226
102 227
102 108
103 213
103 231
104 133
105 226
105 260
105 232
105 173
105 274
105 119
105 247
107 325
107 328
108 232
108 173
108 274
108 119
110 301
110 310
111 257
111 242
112 132
112 289
115 288
115 148
115 317
115 169
115 170
115 171
115 237
115 175
115 178
116 206
116 144
117 159
117 182
117 151
119 232
119 274
119 260
119 247
119 226
119 227
120 192
120 261
120 184
120 250
121 206
121 144
123 132
124 146
124 127
125 159
125 182
125 151
126 304
126 293
128 168
128 155
128 161
128 218
129 319
129 303
129 228
129 208
130 313
130 327
131 192
131 261
131 184
131 250
132 263
132 289
133 158
134 228
136 302
137 224
138 168
138 155
138 161
138 218
139 167
141 280
141 276
142 182
142 159
143 202
143 210
143 172
143 183
143 241
143 245
143 185
144 206
148 288
148 317
148 275
148 169
148 170
148 171
148 237
148 175
148 178
149 167
150 284
150 278
150 268
150 294
150 290
150 292
151 159
152 256
152 328
152 325
152 279
152 238
152 249
155 161
155 218
160 257
160 242
161 168
162 228
162 319
163 265
163 259
168 218
169 170
169 237
169 171
169 175
169 275
170 178
170 171
170 175
170 288
170 275
170 317
171 178
171 237
171 288
171 275
171 317
172 210
172 202
172 241
172 245
172 185
173 232
173 274
173 260
173 247
173 226
173 227
175 178
175 237
175 288
175 275
175 317
176 313
176 327
177 204
177 188
178 275
179 221
179 324
180 256
180 328
180 325
180 326
180 279
180 238
180 249
181 252
181 318
183 210
183 202
183 241
183 245
183 185
184 291
184 277
184 261
184 203
184 207
184 250
185 241
185 245
185 202
185 210
186 320
186 211
186 222
187 311
188 190
189 304
189 293
190 204
191 324
192 291
192 277
192 261
192 203
192 207
192 250
194 321
194 322
195 240
195 234
196 265
196 259
197 305
197 230
198 296
198 312
201 321
201 322
202 241
203 250
203 261
207 250
207 261
208 228
208 303
208 319
211 320
211 323
211 214
214 320
214 222
219 254
221 324
222 320
222 323
225 281
225 267
226 232
226 274
227 232
227 274
227 247
228 303
228 319
229 324
232 260
232 247
233 252
233 318
234 307
236 261
237 288
237 275
237 317
238 328
240 307
247 274
249 256
249 326
249 328
250 261
250 277
251 298
251 302
254 300
256 325
256 279
258 295
260 274
261 291
261 277
263 289
264 269
266 328
268 284
273 289
275 288
275 317
278 294
278 290
278 292
279 328
284 294
284 290
284 292
286 311
290 294
292 294
325 328
326 328
