heur036_n_347_m_17983
1 60
1 347
1 158
2 321
2 164
2 268
2 46
2 47
2 338
2 63
3 136
3 113
3 303
3 109
4 133
4 145
4 99
4 212
4 251
4 93
5 141
5 84
5 276
5 159
6 60
6 344
6 347
6 72
6 158
6 160
7 202
7 63
7 164
7 108
7 268
7 244
7 47
7 46
7 321
7 124
8 25
8 287
8 17
8 172
8 71
9 291
9 293
9 336
9 56
10 88
10 28
10 281
10 214
10 125
11 69
11 31
11 234
11 308
12 131
12 68
12 295
12 299
12 142
12 271
12 277
12 254
13 69
13 13
14 181
14 229
14 320
14 140
14 240
14 82
14 219
14 189
15 67
15 325
15 198
15 199
15 296
15 100
15 103
15 77
15 177
15 178
15 95
16 282
16 224
16 257
16 194
16 236
16 246
16 104
16 107
16 52
16 247
16 76
17 102
17 330
17 29
17 117
17 345
17 317
17 25
17 318
17 71
17 80
18 229
18 210
18 320
18 140
18 82
19 230
19 73
19 242
19 215
19 152
19 27
19 156
19 123
20 258
20 35
20 65
20 262
20 283
20 200
20 248
21 105
21 226
21 241
21 225
21 216
21 187
21 86
21 165
21 263
21 266
21 270
21 253
22 218
22 302
22 223
23 212
23 99
23 93
23 251
23 133
23 145
23 89
23 190
24 88
24 28
24 214
25 117
25 102
25 287
25 345
25 330
25 29
25 317
25 172
25 318
26 233
26 171
26 147
26 126
26 40
26 289
26 249
26 332
26 333
26 180
26 310
26 57
26 154
27 288
27 235
27 242
27 230
27 215
27 123
28 88
28 91
28 85
28 42
28 37
28 281
28 214
28 125
29 317
29 330
29 117
29 345
29 287
29 172
29 318
29 71
29 80
30 185
30 179
30 181
30 320
30 140
30 240
30 82
30 219
30 189
31 69
31 205
31 297
31 234
31 300
31 308
31 306
32 95
32 296
32 178
32 325
32 198
32 199
32 67
32 100
32 103
32 77
32 177
33 245
33 307
33 322
33 237
33 144
33 192
33 66
33 324
33 137
33 169
33 110
33 149
33 119
33 186
33 166
34 307
34 322
34 237
34 144
34 192
34 66
34 324
34 137
34 169
34 110
34 149
34 119
34 186
35 65
35 262
35 337
35 283
35 248
36 95
36 296
36 178
36 325
36 198
36 199
36 67
36 100
36 103
36 77
36 177
37 281
37 125
38 316
38 132
38 170
38 243
38 280
39 60
39 329
39 347
39 72
39 158
40 130
40 233
40 171
40 139
40 147
40 126
40 98
40 333
40 180
40 57
40 154
40 50
41 163
41 70
41 138
41 116
41 112
42 88
42 281
42 214
42 125
43 145
43 133
43 89
43 190
43 129
43 99
43 212
43 251
43 93
44 170
44 243
44 280
45 132
45 170
45 243
46 244
46 164
46 202
46 108
46 268
46 335
46 341
46 63
46 338
46 321
46 124
47 244
47 164
47 202
47 108
47 268
47 335
47 341
47 63
47 338
47 321
47 124
48 212
48 58
48 99
48 93
48 251
48 129
48 133
48 145
48 89
48 190
49 290
49 223
50 289
50 130
50 98
50 154
50 233
50 171
50 332
50 333
50 147
50 180
50 310
50 249
50 126
50 57
51 282
51 224
51 257
51 194
51 236
51 246
51 104
51 107
51 52
51 54
51 247
51 59
51 76
52 107
52 247
52 104
52 256
52 224
52 257
52 236
52 246
52 282
52 76
53 196
53 334
53 319
53 195
53 157
53 259
53 167
53 203
53 175
53 272
53 278
53 151
53 315
54 107
54 256
54 257
54 236
54 246
54 76
55 301
55 120
55 121
55 292
55 150
55 106
55 193
55 79
55 197
55 232
55 267
55 188
55 221
56 96
56 291
56 261
56 293
56 90
56 336
56 81
56 250
56 92
56 207
57 289
57 332
57 333
57 180
57 310
57 154
57 98
57 249
57 130
57 233
57 171
57 139
57 147
57 126
58 99
58 251
58 93
58 212
58 129
58 133
58 145
58 89
58 190
59 107
59 256
59 246
59 76
60 329
60 339
60 344
60 347
60 284
60 72
60 158
60 160
60 168
61 231
61 264
61 211
61 275
61 94
61 228
61 213
61 78
61 238
62 276
62 141
62 159
62 222
63 164
63 268
63 335
63 341
63 244
63 338
63 321
63 124
64 276
64 141
64 159
64 343
64 222
65 262
65 265
65 337
65 346
65 283
65 304
65 258
65 252
65 220
65 200
65 248
66 192
66 324
66 137
66 169
66 149
66 119
66 186
66 322
66 135
66 237
66 144
66 307
66 245
66 87
66 166
67 177
67 100
67 77
67 103
67 325
67 296
67 199
67 111
67 178
67 95
68 131
68 227
68 209
68 217
68 201
68 142
68 271
68 254
69 205
69 260
69 297
69 234
69 300
69 308
69 285
69 306
70 128
70 163
70 328
70 138
70 116
70 127
70 204
70 206
70 112
71 172
71 318
71 102
71 330
71 117
71 345
71 317
71 287
71 80
72 160
72 158
72 329
72 339
72 284
72 347
73 288
73 235
73 152
73 156
73 242
73 230
73 215
73 123
74 196
74 334
74 319
74 259
74 203
74 175
74 151
74 315
75 195
75 157
75 196
75 334
75 319
75 259
75 167
75 203
75 175
75 278
75 151
75 315
76 256
76 224
76 194
76 104
76 107
76 236
76 246
76 282
76 247
77 177
77 325
77 199
77 111
77 178
77 95
78 213
78 161
78 323
78 326
78 327
78 231
78 264
78 273
78 211
78 275
78 238
79 292
79 301
79 150
79 267
80 172
80 117
80 287
81 96
81 291
81 261
81 293
81 336
81 90
81 92
81 207
82 240
82 219
82 189
82 229
82 179
82 210
82 181
82 185
83 280
83 170
84 276
84 141
84 159
84 340
84 342
84 343
84 155
84 222
85 281
85 214
85 125
86 225
86 226
86 105
86 241
86 216
86 187
86 165
86 263
86 266
86 270
86 253
87 245
87 307
87 322
87 135
87 237
87 144
87 192
87 324
87 137
87 169
87 110
87 149
87 119
87 186
87 166
88 281
88 214
88 125
89 190
89 133
89 145
89 129
89 99
89 212
89 251
89 93
90 261
90 336
90 291
90 293
90 207
91 125
92 261
92 336
92 291
92 293
92 207
93 251
93 212
93 129
93 133
93 145
93 190
94 213
94 161
94 323
94 327
94 231
94 264
94 273
94 211
94 275
94 238
95 111
95 296
95 178
95 325
95 198
95 199
95 100
95 103
95 177
96 250
96 261
96 336
96 291
96 293
96 207
97 146
97 162
97 239
97 114
97 309
97 182
97 255
97 311
98 289
98 332
98 333
98 180
98 310
98 154
98 249
98 130
98 233
98 171
98 147
98 126
99 251
99 212
99 129
99 133
99 145
99 190
100 177
100 296
100 199
100 111
100 178
101 309
101 239
101 255
101 146
101 148
101 311
102 172
103 177
103 325
103 199
103 111
103 178
104 107
104 256
104 236
104 246
104 282
105 225
105 226
105 241
105 216
105 165
106 292
106 150
106 267
107 247
107 256
107 224
107 257
107 194
107 236
107 246
107 282
108 164
108 268
108 202
108 338
108 321
109 294
109 136
109 303
109 113
109 118
109 122
109 191
110 324
110 119
110 137
110 149
110 169
110 186
110 192
110 322
110 135
110 237
110 144
110 307
110 245
110 166
111 296
111 178
111 325
111 198
111 199
111 177
112 163
112 328
112 138
113 191
113 303
113 122
114 309
114 162
114 239
114 255
114 146
114 148
115 136
116 163
116 328
116 138
116 127
116 204
116 206
116 134
117 330
117 317
117 172
117 318
118 303
119 137
119 149
119 169
119 186
119 192
119 322
119 135
119 237
119 144
119 307
119 245
119 166
120 121
120 292
120 150
120 267
120 188
121 292
121 150
121 301
121 267
122 136
122 173
123 288
123 230
123 235
123 242
123 215
123 152
123 156
124 321
124 164
124 202
124 268
124 335
124 338
124 244
125 214
126 130
126 171
126 139
126 289
126 249
126 332
126 310
127 138
127 134
128 328
128 138
129 133
129 145
129 190
129 212
129 251
130 233
130 147
130 289
130 249
130 332
130 333
130 180
130 310
130 154
131 209
131 217
131 295
131 201
131 299
131 269
131 142
131 271
131 254
132 305
132 280
132 316
133 190
133 212
133 251
134 138
135 307
135 245
135 192
135 324
135 169
135 186
136 208
136 191
136 313
136 173
136 294
136 303
137 324
137 169
137 186
137 192
137 322
137 144
137 245
138 328
138 163
138 204
138 206
139 233
139 147
139 289
139 249
139 332
139 333
139 180
139 310
139 154
140 240
140 219
140 189
140 229
140 179
140 210
140 181
140 185
141 342
141 343
141 155
141 222
142 269
142 271
142 277
142 299
142 201
142 254
142 227
142 295
142 209
142 217
142 143
143 295
143 254
144 237
144 322
144 245
144 192
144 324
144 169
144 149
144 186
145 190
145 212
145 251
146 148
146 312
146 162
146 239
146 309
146 182
146 255
146 311
147 171
147 289
147 249
147 332
147 310
148 312
148 162
148 239
148 309
148 182
148 255
148 311
149 324
149 169
149 186
149 192
149 322
149 237
149 307
149 245
150 292
150 301
150 193
150 197
150 232
150 267
150 188
150 221
151 259
151 167
151 175
151 315
151 286
151 272
151 274
151 278
151 203
151 195
151 196
151 334
151 184
151 153
151 157
151 319
152 288
152 235
152 242
152 230
152 215
153 196
153 334
153 319
153 259
153 167
153 203
153 175
153 278
153 286
154 289
154 332
154 310
154 249
154 171
155 342
155 276
156 288
156 235
156 242
156 230
156 215
157 196
157 334
157 319
157 259
157 167
157 203
157 175
157 278
157 315
157 286
158 329
158 339
158 284
158 344
158 347
159 340
159 342
159 343
160 339
161 327
161 231
161 228
161 213
161 238
162 239
162 309
163 328
163 204
163 206
164 341
164 335
164 268
164 202
164 244
164 338
164 321
165 266
165 263
165 225
165 216
166 169
166 186
166 192
166 324
166 245
167 315
167 272
167 278
167 203
167 195
167 196
167 334
167 184
167 319
169 192
169 324
169 322
169 237
169 307
169 245
170 305
170 280
170 316
171 233
171 289
171 249
171 332
171 333
171 180
171 310
172 318
172 330
172 345
172 317
173 294
173 303
174 218
174 223
175 315
175 286
175 272
175 274
175 278
175 203
175 195
175 196
175 334
175 184
175 319
176 290
176 218
176 302
176 223
177 325
177 198
177 296
177 199
177 178
178 296
178 325
178 198
178 199
179 229
179 210
179 320
180 289
180 332
180 310
180 249
181 229
181 210
181 320
181 240
181 219
181 189
182 239
182 255
182 309
182 311
183 279
183 223
184 196
184 334
184 319
184 259
184 203
184 315
185 229
185 210
185 320
186 192
186 324
186 322
186 237
186 307
186 245
187 225
187 226
187 216
189 320
189 229
189 210
190 212
190 251
191 303
192 324
192 322
192 237
192 307
192 245
193 292
194 256
195 196
195 334
195 319
195 259
196 259
196 203
196 272
196 274
196 278
196 315
196 286
198 325
199 296
200 262
200 252
200 283
200 248
201 254
201 299
201 271
201 295
201 209
201 217
202 268
202 335
202 244
202 338
202 321
203 259
203 315
203 278
203 286
203 334
203 319
205 234
205 300
207 291
207 293
207 336
207 250
208 303
209 295
209 271
209 254
210 229
210 320
210 240
210 219
211 323
211 327
211 326
211 231
211 264
211 273
211 275
211 228
211 213
211 238
212 251
213 228
213 323
213 326
213 327
213 231
213 275
214 281
215 288
215 235
216 226
216 263
216 266
216 270
216 253
217 295
217 299
217 254
218 290
218 279
218 331
218 302
218 223
219 320
219 229
220 252
220 262
220 283
220 248
222 342
222 343
222 276
223 290
223 331
223 302
223 279
224 236
224 246
224 256
225 263
225 266
225 270
225 253
226 263
226 266
226 270
226 253
227 295
227 271
227 254
228 323
228 326
228 327
228 231
228 264
228 273
228 275
228 238
229 320
229 240
230 288
230 235
231 323
231 326
231 327
231 264
231 273
231 275
231 238
232 292
233 289
233 249
233 332
233 310
234 297
234 285
234 300
234 260
234 306
235 242
236 257
236 256
236 282
236 247
237 322
237 307
237 245
237 324
238 275
239 309
239 312
239 311
240 320
241 263
241 266
242 288
243 298
243 305
244 268
244 335
244 338
244 321
245 307
245 322
245 324
246 257
246 256
246 282
246 247
247 256
247 257
247 282
248 258
248 262
248 265
248 304
248 337
248 252
248 346
248 283
249 289
249 332
249 333
250 336
250 291
250 293
252 262
252 337
254 299
254 269
254 277
254 295
255 309
255 312
255 311
256 282
256 257
257 282
258 262
258 337
258 283
259 315
259 286
259 272
259 274
259 278
259 334
259 319
260 300
261 336
261 291
261 293
262 337
263 266
266 270
267 292
267 301
268 335
268 341
268 338
268 321
271 299
271 295
272 334
272 319
274 334
274 319
275 323
275 327
276 340
276 342
276 343
277 299
277 295
278 315
278 334
278 319
279 290
280 305
280 316
283 337
284 347
286 334
286 319
287 345
287 330
287 317
287 318
289 333
292 301
297 308
297 300
300 306
307 322
307 324
309 312
309 311
310 333
315 334
315 319
317 330
318 330
321 335
321 338
321 341
322 324
332 333
338 341
339 347
