heur051_n_300_m_20122
1 171
1 238
1 174
1 148
1 150
1 155
1 208
1 228
2 161
2 296
2 297
2 270
2 285
2 156
3 146
3 149
3 153
3 288
3 280
4 234
4 227
4 222
4 283
4 291
4 286
4 163
4 200
4 178
4 189
4 236
5 282
5 216
5 257
6 256
6 202
7 256
7 202
8 256
8 202
9 282
9 216
9 257
10 196
10 274
10 249
10 287
10 172
10 179
10 182
10 243
10 205
11 193
11 237
11 210
11 250
11 254
11 194
11 229
11 201
11 239
11 188
12 294
12 242
12 246
12 209
12 221
12 272
12 211
12 213
13 259
13 260
13 261
13 265
13 204
13 300
14 158
15 232
15 214
15 217
15 223
15 176
16 290
16 225
16 293
16 247
16 248
16 251
16 219
16 215
17 241
17 252
17 253
17 190
18 149
18 153
18 288
18 157
19 297
19 161
19 296
19 156
20 157
20 288
20 146
20 149
20 153
20 280
21 241
21 252
21 253
21 190
22 241
22 252
22 253
22 190
23 216
23 282
23 257
24 157
24 288
24 146
24 149
24 153
24 280
25 216
25 282
25 257
26 157
26 288
26 146
26 149
26 153
26 280
27 297
27 161
27 296
27 270
27 285
27 156
28 158
29 252
29 253
29 241
29 190
30 224
30 216
30 282
30 257
31 292
31 212
31 245
31 184
31 299
31 175
32 264
32 266
32 263
32 151
32 159
32 198
33 283
33 286
33 234
33 222
33 178
34 216
34 282
34 257
35 216
35 282
35 257
36 212
36 245
36 292
36 299
36 175
37 162
37 226
37 165
37 168
37 258
37 181
38 212
38 245
38 292
38 184
38 299
38 175
39 162
39 226
39 165
39 168
39 258
39 181
40 212
40 245
40 292
40 184
40 175
41 290
41 247
41 251
41 225
41 293
41 248
41 219
41 215
42 272
42 211
42 213
42 294
42 209
42 242
42 246
42 221
43 272
43 211
43 213
43 294
43 209
43 246
43 221
44 296
44 161
44 297
44 285
44 156
45 248
45 293
45 225
45 290
45 247
45 251
45 219
45 215
46 256
46 202
47 232
47 206
47 214
47 217
47 223
47 176
48 170
48 262
48 267
48 268
48 207
48 271
48 183
48 186
48 144
49 241
49 252
49 253
49 190
50 296
50 161
50 270
50 297
50 156
51 272
51 211
51 213
51 209
51 242
51 246
51 221
52 259
52 260
52 261
52 265
52 204
52 300
53 241
53 252
53 253
53 190
54 256
54 202
55 248
55 225
55 290
55 219
56 146
56 149
56 153
56 288
56 157
56 280
57 241
57 252
57 253
57 190
58 158
59 256
59 202
60 158
61 171
61 174
61 238
61 148
61 150
61 155
61 208
61 228
62 300
62 265
62 204
62 259
62 260
62 261
63 248
63 225
63 290
63 247
63 251
63 219
63 215
64 161
64 296
64 270
64 285
64 156
65 158
67 290
67 251
67 247
67 225
67 293
67 248
67 219
67 215
68 158
69 256
69 202
70 158
71 198
71 264
71 263
71 266
71 151
71 154
71 159
72 138
72 256
72 117
72 202
73 184
73 292
73 212
73 245
73 175
74 259
74 260
74 261
74 265
74 298
74 204
75 159
75 151
75 264
75 266
75 263
75 198
76 159
76 151
76 264
76 266
76 263
76 198
77 290
77 225
77 293
77 251
77 248
77 247
77 219
77 215
78 239
78 194
78 188
78 201
78 193
78 237
78 210
78 250
78 254
79 259
79 260
79 261
79 265
79 298
79 204
79 300
80 239
80 194
80 188
80 229
80 201
80 193
80 237
80 210
80 250
80 254
81 212
81 245
81 292
81 184
81 299
81 175
82 259
82 261
82 298
82 204
82 300
83 114
83 158
84 265
84 298
84 204
84 259
84 260
84 261
85 227
85 163
85 200
85 234
85 236
85 178
85 283
85 189
85 222
85 286
86 171
86 238
86 174
86 150
86 155
86 228
87 259
87 260
87 261
87 265
87 298
87 204
87 300
88 158
89 233
89 244
89 279
89 277
89 231
89 235
89 145
89 147
89 192
89 230
90 157
90 288
90 146
90 149
90 153
90 280
91 193
91 194
91 229
91 201
91 237
91 239
91 210
91 250
91 188
91 254
92 157
92 288
92 146
92 149
92 153
93 171
93 238
93 174
93 148
93 150
93 155
93 208
93 228
93 180
94 157
94 288
94 146
94 149
94 153
95 241
95 252
95 253
95 190
96 164
96 167
96 177
96 185
96 187
96 191
96 199
96 295
96 173
96 240
97 170
97 262
97 267
97 268
97 207
97 271
97 183
97 186
97 144
98 272
98 211
98 294
98 209
98 242
98 246
98 221
99 170
99 262
99 267
99 268
99 271
99 186
100 276
100 166
100 169
100 269
100 273
100 255
100 195
100 197
100 203
100 278
100 152
100 281
100 160
100 218
101 145
101 147
101 235
101 231
101 233
101 244
101 277
101 279
101 192
101 230
102 232
102 206
102 214
102 217
102 223
102 176
103 241
103 252
103 253
103 190
104 256
104 117
104 138
104 202
105 153
105 149
105 157
105 280
106 227
106 163
106 200
106 234
106 236
106 178
106 283
106 189
106 222
106 286
107 153
107 149
107 288
107 157
107 280
108 161
108 296
108 285
108 156
109 159
109 154
109 151
109 264
109 266
109 263
109 198
110 168
110 162
110 165
110 226
110 258
110 181
111 272
111 211
111 213
111 294
111 209
111 242
111 246
112 256
112 202
113 145
113 147
113 235
113 231
113 233
113 244
113 277
113 279
113 192
113 230
114 158
115 167
115 177
115 185
115 187
115 191
115 199
115 289
115 295
115 173
115 220
115 240
116 168
116 162
116 165
116 226
116 258
116 181
117 256
117 202
118 145
118 147
118 235
118 231
118 233
118 244
118 277
118 279
118 192
118 230
119 168
119 162
119 165
119 226
119 258
119 181
120 216
120 282
120 257
121 179
121 172
121 182
121 196
121 274
121 249
121 287
121 243
121 205
122 216
122 282
122 257
123 179
123 172
123 182
123 196
123 274
123 249
123 287
123 243
123 205
124 249
124 274
124 287
124 196
124 172
124 179
124 182
124 243
124 205
125 267
125 268
125 183
125 186
125 207
125 271
125 170
125 144
126 249
126 274
126 287
126 196
126 172
126 179
126 182
126 243
126 205
127 225
127 293
127 247
127 248
127 251
127 219
127 215
128 216
128 282
128 257
129 225
129 293
129 248
129 290
129 247
129 251
129 219
129 215
130 184
130 292
130 212
130 245
130 299
130 175
131 265
131 298
131 300
131 204
131 259
131 260
131 261
132 250
132 237
132 254
132 193
132 210
132 194
132 229
132 201
132 239
132 188
133 170
133 262
133 267
133 268
133 207
133 271
133 183
133 144
134 272
134 211
134 213
134 294
134 209
134 242
134 246
134 221
135 249
135 274
135 287
135 196
135 172
135 179
135 182
135 243
135 205
136 272
136 211
136 213
136 294
136 209
136 242
136 246
136 221
137 256
137 202
138 256
138 202
139 250
139 237
139 254
139 193
139 210
139 194
139 229
139 201
139 239
139 188
140 256
140 202
141 200
141 178
141 163
141 189
141 227
141 234
141 283
141 222
141 236
142 200
142 178
142 163
142 189
142 227
142 234
142 283
142 222
142 286
142 236
143 259
143 260
143 261
143 265
143 204
144 268
144 271
145 277
145 279
145 284
146 288
146 280
147 244
147 277
147 279
147 284
149 288
149 280
152 275
152 278
152 273
152 276
153 280
154 263
156 296
156 297
156 285
157 280
160 273
160 275
160 276
160 278
160 218
161 296
161 270
161 297
161 285
163 283
163 286
164 289
164 295
166 273
166 269
166 276
166 275
166 278
166 281
167 289
167 295
169 273
169 269
169 276
169 275
169 278
169 281
170 267
170 268
170 271
172 274
172 287
173 289
173 295
175 292
175 299
177 289
177 295
178 291
178 283
178 286
179 274
179 287
182 274
182 287
183 268
183 271
185 289
185 295
186 268
186 271
187 295
189 291
189 286
191 289
191 295
192 277
192 279
192 284
195 281
195 275
195 278
195 273
195 276
196 274
196 287
197 275
197 278
197 273
197 276
199 295
200 291
200 283
200 286
203 275
203 278
203 269
203 273
203 276
204 298
204 300
205 274
205 287
207 271
209 294
209 272
212 292
212 299
215 290
215 293
216 282
218 273
218 275
218 276
218 278
218 281
219 290
219 293
220 289
220 295
221 294
221 272
222 283
222 291
222 286
225 293
225 290
227 283
227 291
227 286
230 244
230 277
230 279
230 284
231 284
231 277
231 279
233 279
233 284
233 277
234 291
234 286
235 277
235 279
235 284
236 291
236 283
236 286
240 289
240 295
241 252
242 294
243 274
244 279
244 277
245 292
245 299
246 294
246 272
247 290
248 293
248 290
251 290
251 293
255 276
255 275
255 278
255 281
257 282
259 298
259 300
260 298
260 300
261 298
261 300
262 271
265 298
265 300
267 271
