heur037_n_347_m_31752
1 245
1 84
1 178
2 240
2 245
2 178
3 142
3 147
3 159
4 121
4 142
4 147
5 171
5 163
5 324
5 338
6 274
6 244
6 280
6 156
6 57
7 55
7 57
8 288
8 289
8 291
8 164
8 293
8 138
8 251
9 223
9 259
9 86
9 95
9 267
10 259
10 95
11 315
11 319
11 333
12 319
13 259
14 169
14 271
15 312
15 313
15 315
15 54
15 319
15 333
15 311
15 208
16 50
16 119
16 322
16 219
16 44
16 140
17 191
17 212
17 308
17 218
18 159
18 142
18 147
18 89
19 291
19 164
19 293
19 138
19 236
19 278
19 279
19 282
19 251
19 286
19 176
20 125
20 159
20 142
20 147
20 89
21 191
21 173
21 305
21 242
21 212
21 308
21 218
22 69
22 150
22 56
22 192
22 126
22 254
23 259
23 223
23 307
24 28
24 219
24 140
25 244
25 277
25 280
25 156
25 204
25 55
25 57
26 28
26 268
26 140
27 159
27 142
27 147
27 89
28 50
28 119
28 322
28 323
28 52
28 219
28 268
28 44
28 149
28 140
29 284
29 300
29 237
29 240
29 245
29 178
30 230
30 145
30 196
30 180
30 154
31 46
31 306
31 320
31 334
31 181
31 88
31 233
32 41
32 320
32 197
32 198
32 334
32 303
32 181
32 184
32 88
32 233
33 261
33 295
33 169
33 170
34 261
34 290
34 295
34 169
34 170
34 195
35 99
35 73
35 239
35 179
35 214
35 148
36 97
36 107
36 193
36 194
36 203
36 72
36 77
36 273
36 220
36 146
37 300
37 240
37 245
37 178
38 261
38 170
39 196
39 180
39 154
39 249
39 145
40 41
40 320
40 197
40 198
40 334
40 181
40 184
40 88
40 233
41 46
41 320
41 334
41 181
41 88
41 233
42 245
42 178
43 287
43 141
44 268
44 119
44 219
44 140
45 231
45 235
45 189
45 158
45 186
46 306
46 320
46 197
46 198
46 334
46 303
46 181
46 184
46 88
46 233
47 191
47 173
47 305
47 242
47 212
47 308
47 218
48 50
48 119
48 322
48 219
48 140
49 231
49 263
49 189
49 158
49 186
50 322
50 219
50 268
50 140
51 64
51 81
51 75
51 111
51 336
51 185
51 187
51 182
51 183
51 321
51 228
51 294
51 136
51 298
51 309
51 216
51 217
51 222
51 314
51 299
52 119
52 219
52 268
52 140
53 290
53 295
53 169
53 170
53 271
54 319
54 333
54 318
55 168
55 272
55 274
55 244
55 280
55 156
55 57
56 68
56 69
56 114
56 256
56 257
56 126
56 70
56 211
56 254
56 255
57 168
57 204
57 272
57 274
57 244
57 277
57 280
57 156
58 192
58 256
58 211
58 254
58 255
58 69
58 78
58 150
59 240
59 178
59 245
60 143
60 135
60 231
60 80
60 260
60 263
60 235
60 250
60 252
60 189
60 158
60 210
60 207
60 186
60 98
61 192
61 256
61 257
61 211
61 254
61 150
62 145
62 131
62 196
62 180
62 154
63 69
63 78
63 150
63 192
63 256
63 257
63 126
63 70
63 211
63 254
64 111
64 336
64 321
64 228
64 309
64 222
65 137
65 124
65 118
65 151
65 264
65 265
65 266
65 113
65 130
65 115
65 116
66 169
66 170
66 295
66 261
66 271
67 97
67 194
67 107
67 146
68 150
68 78
68 192
68 256
68 126
68 211
68 254
68 255
69 150
69 114
69 78
69 192
69 256
69 126
69 211
69 254
70 192
70 256
70 211
70 254
70 78
70 150
71 123
71 85
71 87
71 133
71 332
71 310
71 177
72 107
72 220
72 146
73 239
73 275
73 214
73 148
73 105
74 214
74 148
75 75
75 321
75 309
76 301
76 97
76 194
76 107
76 203
76 273
76 146
77 97
77 107
77 146
78 114
78 347
78 150
78 192
78 256
78 257
78 126
78 211
78 254
78 255
79 239
79 275
80 231
80 235
80 158
80 186
81 336
81 185
81 182
81 183
81 136
81 309
81 299
82 269
82 270
82 103
82 104
82 202
82 108
82 109
82 110
82 283
82 206
82 248
83 89
83 142
83 147
84 316
84 296
84 284
84 300
84 237
84 245
84 178
85 123
85 93
85 133
85 332
85 177
86 201
86 224
86 259
87 96
87 90
87 123
87 93
87 101
87 133
87 332
87 112
87 177
88 320
88 197
88 198
88 334
88 303
88 306
88 181
88 233
89 121
89 142
89 147
89 285
89 139
89 153
89 125
89 159
90 123
90 133
90 332
90 177
91 167
91 175
92 287
92 276
92 94
92 141
93 123
93 133
93 332
93 112
93 310
93 317
93 177
94 100
94 262
94 106
94 330
94 331
94 246
94 157
95 224
95 259
95 267
96 123
96 133
96 332
96 112
96 310
96 177
97 220
97 146
98 231
98 263
98 186
98 189
98 158
99 239
99 275
99 214
99 148
100 287
100 276
100 141
101 133
101 332
101 310
101 123
101 177
102 259
102 223
103 109
103 110
103 270
103 248
104 109
104 248
105 214
105 148
106 287
106 276
106 141
107 193
107 194
107 203
107 301
107 273
107 220
108 248
109 283
109 270
109 206
109 248
110 270
110 248
111 336
111 185
111 187
111 183
111 321
111 294
111 136
111 298
111 309
111 216
111 222
111 314
111 299
112 112
112 123
112 177
114 150
114 192
114 256
114 126
114 211
114 254
117 160
119 322
119 323
119 219
119 268
119 149
119 140
120 120
120 175
120 172
120 167
121 142
121 147
121 125
121 159
122 180
122 154
122 145
123 332
123 310
123 317
123 177
125 153
125 142
125 147
125 285
126 192
126 256
126 257
126 211
126 254
126 255
126 347
126 150
127 175
127 172
127 234
128 151
129 196
129 180
129 249
129 154
129 145
131 196
131 180
131 249
131 154
131 132
131 230
131 145
132 230
132 196
132 144
132 180
132 154
133 317
133 310
133 177
134 196
134 180
134 154
135 231
135 235
135 189
135 186
136 216
136 217
136 228
136 222
136 321
136 298
136 309
136 294
136 336
136 182
136 185
136 187
136 299
137 266
138 288
138 289
138 291
138 164
138 293
138 292
138 327
138 236
138 278
138 279
138 281
138 282
138 251
138 286
138 176
139 159
139 142
139 147
140 322
140 323
140 268
140 149
140 219
141 262
141 330
141 335
141 246
142 285
142 166
142 153
142 159
143 231
143 263
143 235
143 189
143 158
143 207
143 186
144 196
144 180
144 154
144 145
145 232
145 241
145 230
145 247
145 196
145 180
145 154
145 152
146 194
146 193
146 203
146 273
146 220
147 285
147 166
147 153
147 159
148 239
148 179
148 275
148 213
149 268
149 219
150 192
150 256
150 257
150 211
150 254
150 255
151 264
151 265
152 154
152 180
152 196
152 249
153 159
154 249
154 230
154 232
154 155
154 241
154 247
155 196
155 180
155 249
156 277
157 276
157 287
158 231
158 235
158 250
158 210
158 207
158 186
159 166
159 285
160 337
160 229
161 280
162 324
163 324
163 329
163 209
163 340
164 291
164 293
164 279
164 327
164 278
164 281
164 282
164 286
164 288
164 289
164 292
164 251
164 236
164 176
165 324
165 338
167 337
167 227
169 290
169 302
169 271
170 304
170 290
170 302
170 261
170 271
170 195
171 324
171 328
171 329
171 209
171 340
171 341
171 344
171 346
171 342
171 325
172 190
172 337
172 226
172 234
172 227
173 212
174 271
175 337
175 226
175 234
175 227
176 288
176 289
176 291
176 293
176 281
176 251
177 317
177 332
177 310
178 238
178 240
178 243
178 316
178 284
179 275
180 249
180 230
180 232
180 241
180 247
181 320
181 334
181 303
181 197
181 198
181 306
181 233
182 336
182 228
182 309
183 336
183 321
183 228
183 309
184 320
184 334
184 233
185 336
185 321
185 228
185 309
185 222
186 260
186 231
186 235
186 210
186 207
186 250
187 336
187 309
188 259
189 260
189 235
189 250
189 231
189 207
191 212
191 218
192 257
192 255
196 249
196 230
196 232
196 241
196 247
197 320
197 334
197 233
198 320
198 334
198 233
199 276
199 287
200 259
201 259
201 307
201 267
202 248
203 301
205 259
206 248
207 231
207 263
208 333
208 319
209 328
210 231
210 263
211 255
212 297
212 305
212 242
212 308
212 218
213 214
213 275
215 259
216 321
216 309
217 309
217 336
218 242
218 308
219 322
219 323
219 268
221 259
222 309
222 336
223 259
223 307
223 267
224 259
225 259
225 307
227 234
228 321
228 298
228 309
228 294
228 336
228 314
228 299
229 337
230 249
231 260
231 263
231 235
231 250
231 252
233 303
233 306
235 250
235 252
235 260
235 263
236 291
236 293
236 251
236 278
237 238
239 275
240 300
240 284
240 316
243 245
244 272
244 277
245 296
245 300
245 284
245 316
246 335
246 287
248 269
248 270
248 283
251 288
251 289
251 291
251 293
251 292
251 327
251 278
251 279
251 281
251 282
251 286
253 290
253 302
254 257
254 255
255 347
259 339
259 343
259 307
259 267
261 295
261 271
262 335
262 287
267 339
268 322
268 323
271 290
271 295
271 302
271 304
276 330
276 331
276 335
276 287
276 345
278 291
278 293
278 279
278 288
278 289
278 292
279 281
279 282
279 288
279 289
281 291
281 293
281 288
281 289
282 291
282 293
282 289
286 291
286 293
286 288
286 289
287 330
287 331
287 335
287 345
288 291
288 293
288 327
289 291
289 293
289 327
291 327
291 292
292 293
293 327
298 336
299 309
299 321
299 336
303 306
306 320
306 334
309 336
309 314
312 319
312 333
313 319
313 333
314 321
315 319
315 333
319 326
321 336
324 328
324 329
324 338
324 340
324 344
324 346
324 341
324 342
324 325
325 338
326 333
328 342
338 346
338 341
338 342
342 346
