heur031_n_330_m_7270
1 209
1 51
1 52
1 53
1 86
1 92
1 94
1 216
1 161
1 323
2 136
2 97
2 138
2 306
2 316
2 305
2 308
2 303
2 183
2 185
2 63
2 236
3 88
3 256
3 257
3 255
3 274
3 213
3 261
3 210
3 211
3 212
3 189
3 190
3 221
3 222
4 209
4 51
4 52
4 53
4 86
4 92
4 94
4 111
4 216
4 161
4 323
5 276
5 12
5 14
5 15
5 57
5 230
5 288
5 129
5 130
5 132
5 107
5 93
6 226
6 195
6 108
6 239
6 304
6 145
6 177
6 113
6 273
6 214
6 247
6 159
7 290
7 275
7 250
7 291
7 137
7 139
7 179
7 312
7 329
7 194
7 260
7 294
7 112
7 115
8 209
8 51
8 52
8 53
8 92
8 94
8 111
8 216
8 161
8 323
9 276
9 14
9 15
9 57
9 230
9 288
9 129
9 130
9 132
9 107
9 93
10 261
10 221
10 222
10 210
10 211
10 212
10 189
10 190
10 256
10 257
10 274
10 213
10 88
10 255
11 100
11 203
11 141
11 176
11 215
11 59
11 220
11 286
11 124
12 276
12 230
12 288
12 129
12 130
12 67
12 132
12 107
12 93
13 286
13 100
13 176
13 220
13 215
13 203
13 124
14 276
14 230
14 288
14 129
14 130
14 67
14 132
14 107
14 93
15 276
15 230
15 288
15 129
15 130
15 67
15 132
15 107
15 93
16 155
16 157
16 158
16 36
16 134
16 80
16 252
16 253
16 90
16 75
17 100
17 203
17 141
17 176
17 215
17 59
17 220
17 286
17 124
18 155
18 157
18 158
18 134
18 80
18 252
18 253
18 90
19 118
19 150
19 280
19 154
19 121
19 166
19 328
19 140
19 243
19 153
19 58
19 156
20 128
20 163
20 164
20 201
20 197
20 199
20 131
20 133
20 298
21 322
21 317
21 200
21 167
21 168
21 83
21 278
21 87
21 279
21 103
21 228
22 221
22 261
22 222
22 210
22 211
22 212
22 189
22 190
22 256
22 257
22 78
22 274
22 213
22 88
22 255
23 322
23 317
23 200
23 167
23 168
23 83
23 278
23 87
23 279
23 103
23 228
24 134
24 80
24 253
24 90
24 155
24 252
24 157
24 158
25 315
25 309
25 162
25 56
25 91
25 299
25 95
25 289
25 310
25 127
25 254
26 232
26 301
26 114
26 246
26 119
26 248
26 122
26 120
27 315
27 309
27 162
27 56
27 91
27 299
27 95
27 289
27 310
27 127
27 254
28 217
28 218
28 263
28 229
28 237
28 143
28 48
28 144
28 147
28 148
29 196
29 198
29 135
29 266
29 267
29 268
29 173
29 174
29 202
29 241
29 242
30 196
30 198
30 135
30 266
30 267
30 268
30 173
30 174
30 202
30 241
30 242
31 296
31 245
31 277
31 219
31 284
31 223
31 224
31 233
31 106
31 235
31 238
31 180
31 181
31 182
31 319
32 94
32 92
32 209
32 51
32 52
32 53
32 86
32 216
32 161
32 323
33 217
33 218
33 263
33 229
33 237
33 143
33 48
33 144
33 147
33 148
34 290
34 291
34 194
34 260
34 294
34 137
34 329
34 139
34 275
34 179
34 312
34 250
35 58
35 140
35 328
35 153
35 166
35 243
35 121
35 156
35 150
35 280
35 154
35 62
36 155
36 157
36 158
36 134
36 252
36 253
36 90
37 94
37 92
37 209
37 51
37 52
37 53
37 86
37 216
37 161
37 323
38 94
38 92
38 209
38 51
38 52
38 53
38 86
38 216
38 161
38 323
39 321
39 295
39 142
39 49
39 178
39 187
39 285
40 321
40 295
40 142
40 178
40 187
40 285
41 284
41 245
41 223
41 219
41 277
41 296
41 64
41 224
41 233
41 106
41 235
41 110
41 238
41 180
41 181
41 182
41 319
42 155
42 157
42 158
42 134
42 252
42 253
42 90
43 134
43 253
43 90
43 155
43 252
43 157
43 158
44 284
44 245
44 223
44 219
44 277
44 296
44 64
44 224
44 233
44 106
44 235
44 110
44 238
44 180
44 181
44 182
44 319
45 187
45 142
45 285
45 295
45 321
45 178
46 187
46 142
46 285
46 295
46 321
46 178
47 297
47 102
47 104
47 105
47 151
47 152
47 188
47 170
47 204
47 149
48 144
48 147
48 143
48 229
48 148
48 237
48 263
48 217
48 218
49 187
49 142
49 285
49 295
49 321
49 178
50 297
50 102
50 104
50 105
50 79
50 151
50 152
50 188
50 170
50 204
50 149
50 123
51 209
51 86
51 111
51 216
51 161
51 323
52 209
52 86
52 111
52 216
52 161
52 323
53 209
53 86
53 111
53 216
53 161
53 323
54 258
54 259
54 307
54 282
54 249
54 251
54 244
54 207
55 258
55 259
55 307
55 282
55 249
55 251
55 244
55 207
56 299
56 162
56 315
56 309
56 289
56 310
56 127
56 254
57 276
57 230
57 288
57 129
57 130
57 67
57 132
57 107
57 93
58 328
58 153
58 166
58 243
58 121
58 156
58 77
58 150
58 118
58 280
58 154
58 62
59 286
59 176
59 220
59 215
59 203
59 124
60 325
60 85
60 225
60 193
60 227
60 324
60 231
60 234
60 205
60 287
60 165
60 68
61 325
61 85
61 225
61 193
61 99
61 227
61 324
61 231
61 234
61 205
61 287
61 165
62 154
62 150
62 118
62 280
62 77
62 121
62 166
62 328
62 140
62 243
62 153
62 156
63 185
63 97
63 136
63 138
63 303
63 305
63 306
63 308
63 183
63 316
63 236
64 233
64 235
64 238
64 224
64 180
64 181
64 182
64 223
64 72
64 296
64 245
64 277
64 219
64 284
64 319
65 145
65 177
65 113
65 214
65 273
65 226
65 239
65 195
65 159
65 304
65 247
66 185
66 97
66 136
66 138
66 303
66 305
66 306
66 308
66 183
66 316
66 236
67 288
67 129
67 130
67 132
67 230
67 276
67 93
68 225
68 193
68 99
68 227
68 325
68 101
68 324
68 231
68 165
68 234
68 205
68 85
68 287
69 264
69 265
69 262
69 160
69 292
69 300
69 269
69 270
69 240
70 145
70 177
70 214
70 273
70 226
70 239
70 195
70 159
70 304
70 247
71 145
71 177
71 214
71 273
71 226
71 239
71 195
71 159
71 304
71 247
72 284
72 245
72 223
72 219
72 277
72 296
72 224
72 233
72 106
72 235
72 238
72 180
72 181
72 182
72 319
73 128
73 163
73 164
73 197
73 131
73 199
73 133
73 201
73 298
74 145
74 177
74 214
74 273
74 226
74 239
74 195
74 304
74 247
75 134
75 253
75 90
75 252
76 232
76 248
76 301
76 246
76 122
77 150
77 280
77 154
77 328
77 140
77 243
77 153
78 256
78 257
78 255
78 274
78 213
78 261
78 210
78 211
78 212
78 189
78 190
78 221
78 222
79 102
79 104
79 105
79 151
79 152
79 188
79 297
79 170
79 204
79 149
80 252
80 253
80 134
80 155
80 90
81 246
81 301
81 232
81 114
81 248
82 169
82 126
82 293
82 327
82 208
82 206
82 320
82 330
82 311
82 281
82 283
82 318
82 109
82 96
83 278
83 279
83 168
83 322
83 167
83 200
83 317
83 103
83 228
84 232
84 301
84 246
84 248
84 122
85 325
85 225
85 193
85 99
85 227
85 101
85 324
85 231
85 234
85 205
85 287
86 209
86 92
86 94
86 111
86 216
86 161
86 323
87 278
87 279
87 87
87 322
87 200
87 317
87 103
87 228
88 256
88 257
88 255
88 274
88 261
88 210
88 211
88 189
88 190
88 221
88 222
89 293
89 327
89 208
89 206
89 320
89 330
89 311
89 281
89 283
89 318
89 109
89 96
90 253
90 155
90 252
90 157
90 158
91 299
91 162
91 315
91 309
91 289
91 310
91 127
91 254
92 209
92 111
92 216
92 161
92 323
93 288
93 129
93 130
93 230
93 107
93 276
94 209
94 111
94 216
94 161
94 323
95 299
95 162
95 315
95 309
95 289
95 310
95 127
95 254
96 320
96 293
96 281
96 327
96 169
96 330
96 109
96 206
96 208
96 311
96 126
96 283
96 318
97 306
97 316
97 305
97 308
97 303
97 183
97 185
97 236
98 258
98 259
98 307
98 282
98 249
98 251
98 244
98 207
99 225
99 227
99 231
99 193
99 324
99 234
99 205
99 287
99 325
99 165
100 286
100 176
100 220
100 215
100 203
100 124
101 227
101 231
101 193
101 324
101 234
101 205
101 287
101 325
101 165
102 152
102 151
102 297
102 170
102 204
102 123
103 322
103 167
103 200
103 168
103 278
103 279
103 317
104 152
104 151
104 297
104 170
104 204
104 123
105 152
105 297
105 170
105 204
105 123
106 233
106 235
106 238
106 224
106 180
106 181
106 182
106 223
106 296
106 245
106 277
106 219
106 284
106 319
107 288
107 129
107 130
107 132
107 276
108 177
108 214
108 273
108 226
108 239
108 195
108 159
108 304
108 247
109 320
109 293
109 281
109 327
109 169
109 330
109 206
109 208
109 311
109 126
109 283
109 318
110 235
110 238
110 224
110 180
110 181
110 182
110 223
110 296
110 245
110 277
110 219
110 284
110 319
111 209
111 216
111 161
111 323
112 290
112 291
112 260
112 294
112 137
112 329
112 139
112 275
112 179
112 312
112 250
113 177
113 214
113 273
113 226
113 239
113 304
113 247
114 232
114 248
114 301
114 246
114 122
115 290
115 291
115 260
115 294
115 137
115 329
115 139
115 275
115 179
115 312
115 250
116 232
116 248
116 301
116 246
116 122
117 246
117 301
117 232
117 248
118 280
118 328
118 140
118 243
118 153
119 246
119 301
119 232
119 248
120 246
120 301
120 232
120 248
121 153
121 156
121 166
121 328
121 140
121 150
121 280
121 154
122 125
122 301
122 232
122 248
123 297
123 170
123 149
123 151
123 152
123 188
124 203
124 141
124 176
124 215
124 220
124 286
125 246
125 301
126 293
126 327
126 320
126 330
126 311
126 281
126 283
126 318
127 289
127 162
127 299
127 315
127 309
127 310
127 254
128 201
128 197
128 199
128 133
128 298
129 288
129 230
129 276
130 288
130 230
130 276
131 163
131 164
131 197
131 199
131 201
131 298
132 288
132 230
132 276
133 163
133 164
133 197
133 199
133 201
133 298
134 252
134 253
134 155
134 157
134 158
135 266
135 267
135 268
135 196
135 198
135 241
135 202
135 242
136 306
136 316
136 305
136 308
136 303
136 183
136 185
136 236
137 312
137 291
137 290
137 275
137 250
137 329
137 194
137 260
137 294
138 306
138 316
138 305
138 308
138 303
138 183
138 185
138 236
139 312
139 291
139 290
139 275
139 250
139 329
139 194
139 260
139 294
140 328
140 153
140 166
140 243
140 156
140 150
140 280
140 154
141 286
141 176
141 220
141 215
141 203
142 285
142 295
142 321
142 178
143 237
143 263
143 217
143 218
144 237
144 263
144 217
144 218
145 177
145 214
145 273
145 239
145 195
145 159
145 304
145 247
146 171
146 172
146 175
146 326
146 314
146 302
146 271
146 272
146 313
147 237
147 263
147 217
147 218
148 237
148 263
148 217
148 218
149 297
149 170
149 204
150 280
150 166
150 328
150 243
150 156
151 297
151 170
151 204
152 297
152 170
152 204
153 243
153 328
153 280
154 280
154 166
154 328
154 243
155 252
155 253
156 243
156 328
156 280
157 252
157 253
158 252
158 253
159 226
159 177
159 273
159 214
159 304
159 247
160 292
160 300
160 269
160 270
160 192
160 264
160 265
160 262
161 209
161 216
161 323
162 315
162 309
162 299
162 289
162 310
162 254
163 197
163 298
164 197
164 199
164 298
165 225
165 193
165 227
165 325
165 324
165 231
165 234
166 243
166 328
166 280
167 322
167 317
167 278
167 279
167 228
168 278
168 279
168 322
168 200
168 317
168 228
169 293
169 327
169 320
169 330
169 311
169 281
169 283
169 318
170 297
170 188
170 204
171 326
171 314
171 302
171 271
171 272
171 184
171 313
171 186
171 191
172 326
172 314
172 302
172 271
172 272
172 184
172 313
172 186
172 191
173 266
173 267
173 268
173 196
173 198
173 241
173 202
173 242
174 266
174 267
174 268
174 196
174 198
174 241
174 202
174 242
175 326
175 314
175 302
175 271
175 272
175 184
175 313
175 186
175 191
176 286
176 203
177 273
177 226
177 239
177 195
177 304
177 247
178 321
178 295
178 187
178 285
179 312
179 291
179 290
179 275
179 250
179 329
179 194
179 260
179 294
180 224
180 233
180 235
180 238
180 296
180 245
180 277
180 284
180 319
181 233
181 235
181 238
181 296
181 245
181 277
181 284
181 319
182 233
182 235
182 238
182 296
182 245
182 277
182 219
182 284
182 319
183 303
183 305
183 306
183 308
183 316
183 236
184 313
184 314
184 302
184 191
184 272
184 271
184 326
185 303
185 305
185 306
185 308
185 316
185 236
186 313
186 314
186 302
186 191
186 272
186 271
186 326
187 285
187 295
187 321
188 297
188 204
189 210
189 211
189 212
189 261
189 221
189 222
189 256
189 257
189 213
189 255
190 210
190 211
190 212
190 261
190 221
190 222
190 256
190 257
190 213
190 255
191 313
191 314
191 302
191 326
192 292
192 300
192 240
192 264
192 265
192 262
193 205
193 324
193 287
193 225
193 227
193 325
194 329
194 260
194 294
194 290
194 291
194 312
194 250
195 226
195 273
195 214
195 304
195 247
196 266
196 267
196 268
196 241
196 202
196 242
197 298
198 266
198 267
198 268
199 298
200 317
200 228
201 298
202 266
202 267
202 268
203 215
203 220
204 297
205 234
205 324
205 225
205 227
205 231
205 325
206 293
206 327
206 320
206 330
206 311
206 281
206 283
206 318
207 249
207 251
207 244
207 307
207 282
208 293
208 327
208 320
208 330
208 311
208 281
208 283
208 318
209 216
209 323
210 261
210 221
210 222
210 256
210 257
210 274
210 255
211 261
211 221
211 222
211 256
211 257
211 274
211 255
212 261
212 221
212 222
212 257
212 274
213 274
213 261
213 221
213 222
214 273
214 226
214 239
214 304
214 247
215 286
216 323
217 229
217 237
218 229
218 237
219 245
219 284
219 277
219 296
219 224
219 233
219 235
219 238
219 319
220 286
221 274
221 255
222 256
222 257
222 274
222 255
223 284
223 245
223 277
223 296
223 233
223 235
223 238
223 319
224 233
224 235
224 238
224 296
224 245
224 277
224 284
224 319
225 324
225 234
225 287
225 325
226 239
226 273
226 304
226 247
227 324
227 234
227 287
227 325
228 322
228 278
228 279
228 317
229 237
229 263
230 276
230 288
231 324
231 287
231 325
232 301
232 246
233 238
233 296
233 245
233 284
233 319
234 324
234 287
234 325
235 296
235 245
235 284
236 303
236 305
236 306
236 308
237 263
238 296
238 245
239 273
239 304
239 247
240 292
240 300
240 269
240 270
240 264
240 265
240 262
241 266
241 267
241 268
242 266
242 267
242 268
244 251
244 259
244 258
244 307
245 277
245 296
245 319
246 301
246 248
247 304
247 273
249 249
249 259
249 258
249 307
249 282
250 275
250 312
250 260
251 259
251 258
251 307
251 282
254 289
254 315
254 309
254 310
255 274
256 274
257 274
258 307
258 282
259 282
260 329
260 290
260 291
260 275
260 312
261 274
262 292
264 292
265 292
265 300
269 292
270 292
271 326
272 326
273 304
275 290
275 291
275 329
275 294
276 288
277 284
277 296
279 317
280 328
281 330
281 318
281 311
281 293
282 307
283 330
283 318
283 311
283 293
284 296
284 319
290 312
291 312
292 300
293 320
293 311
293 318
294 312
295 321
296 319
302 326
305 316
311 320
311 327
312 329
313 326
314 326
318 327
320 330
327 330
