heur049_n_300_m_17695
1 137
1 138
1 139
1 140
1 211
1 215
1 96
1 149
1 200
2 32
2 288
2 34
2 39
2 143
2 274
2 249
2 285
3 137
3 138
3 139
3 140
3 210
3 215
3 96
3 149
3 200
4 185
4 144
4 179
4 281
4 28
5 137
5 138
5 139
5 140
5 210
5 211
5 215
5 96
5 149
5 200
5 244
6 137
6 138
6 139
6 140
6 211
6 215
6 96
6 149
6 200
7 112
7 116
7 121
7 124
7 193
7 231
7 142
7 111
7 38
8 112
8 121
8 124
8 193
8 225
8 230
8 207
8 142
8 111
8 38
9 112
9 116
9 121
9 225
9 230
9 231
9 207
9 142
9 111
9 38
10 199
10 98
10 93
10 94
10 273
10 270
10 271
10 275
10 260
10 130
10 257
11 93
11 94
11 273
11 275
11 260
11 130
12 142
12 191
12 207
12 225
12 230
12 231
12 111
12 112
12 116
12 124
12 38
13 269
13 37
13 44
13 18
13 238
14 199
14 98
14 93
14 94
14 223
14 272
14 273
14 270
14 271
14 275
14 260
14 130
14 227
14 257
15 79
15 82
15 250
15 247
15 157
16 194
16 104
17 259
17 22
17 238
17 237
18 259
18 44
18 31
18 237
19 199
19 98
19 93
19 272
19 273
19 270
19 271
19 275
19 260
19 130
19 227
19 257
20 194
20 204
20 190
20 132
20 266
21 132
21 190
21 104
21 266
22 259
22 269
22 37
22 44
22 238
22 237
23 190
23 132
23 104
23 266
24 194
24 204
24 190
24 132
24 104
24 266
25 190
25 132
25 104
25 266
26 194
26 190
26 132
26 266
27 190
27 132
27 104
27 266
28 281
28 179
28 180
28 185
28 91
29 172
29 173
29 174
29 181
29 183
29 192
29 202
29 197
29 198
29 289
29 92
29 105
29 209
30 172
30 173
30 174
30 181
30 183
30 192
30 202
30 197
30 198
30 289
30 92
30 105
30 209
31 259
31 269
31 238
31 237
32 274
32 276
32 278
32 285
32 288
32 249
33 172
33 173
33 174
33 181
33 183
33 192
33 202
33 197
33 198
33 289
33 92
33 105
34 274
34 276
34 278
34 285
34 288
34 249
35 172
35 173
35 174
35 181
35 183
35 192
35 202
35 197
35 198
35 289
35 92
35 105
35 209
36 267
36 159
36 166
36 175
36 176
36 177
36 186
36 106
36 102
36 182
37 259
37 269
37 238
37 237
38 188
38 191
38 193
38 203
38 207
38 225
38 230
38 231
38 111
38 112
38 115
38 121
39 274
39 276
39 278
39 285
39 288
39 143
39 249
40 195
40 167
40 201
40 107
40 187
40 113
40 110
40 219
40 171
40 117
40 248
41 192
41 289
41 197
41 198
41 202
41 172
41 173
41 174
41 181
41 183
41 92
41 105
41 209
42 172
42 173
42 174
42 181
42 183
42 192
42 202
42 197
42 198
42 289
42 92
42 105
42 209
43 267
43 159
43 166
43 175
43 176
43 177
43 186
43 102
43 106
43 182
44 259
44 269
44 238
44 237
45 219
45 201
45 187
45 195
45 167
45 113
45 107
45 110
45 171
45 248
45 50
46 166
46 175
46 176
46 177
46 267
46 146
46 160
46 162
46 106
46 186
46 102
46 182
47 219
47 201
47 187
47 195
47 167
47 113
47 114
47 107
47 110
47 171
47 117
47 248
48 219
48 201
48 187
48 195
48 167
48 113
48 110
48 171
48 117
48 248
49 219
49 201
49 187
49 195
49 167
49 113
49 107
49 171
49 117
49 248
50 195
50 167
50 201
50 107
50 171
50 110
50 113
50 114
50 219
50 248
50 187
51 85
51 88
51 90
51 170
51 300
51 127
51 178
51 226
52 129
52 134
52 135
52 125
52 126
52 292
53 129
53 134
53 135
53 125
53 126
53 292
54 85
54 88
54 90
54 170
54 300
54 127
54 178
54 226
55 292
56 145
56 146
56 150
56 159
56 160
56 162
56 166
56 175
56 176
56 177
56 106
56 102
56 182
57 129
57 134
57 135
57 125
57 126
57 292
58 133
58 136
58 108
58 109
58 148
58 118
58 120
58 224
58 205
58 214
58 216
58 217
58 184
58 279
59 97
59 99
59 95
59 153
59 293
60 97
60 99
60 95
60 213
60 153
60 293
61 85
61 88
61 90
61 170
61 300
61 127
61 178
61 226
62 129
62 135
62 125
62 126
62 292
63 292
64 162
64 186
64 106
64 166
64 267
64 175
64 176
64 177
64 145
64 146
64 102
64 182
65 291
65 247
65 296
65 76
65 79
65 82
65 245
65 250
65 251
66 162
66 186
66 159
66 106
66 166
66 267
66 175
66 176
66 177
66 102
66 182
67 126
67 292
68 129
68 134
68 135
68 125
68 126
68 292
69 162
69 159
69 166
69 267
69 175
69 176
69 177
69 102
69 182
70 186
70 159
70 106
70 166
70 267
70 175
70 176
70 177
70 182
71 129
71 125
71 292
72 97
72 99
72 293
72 77
72 78
72 83
72 213
72 153
72 95
73 129
73 292
73 134
73 135
73 125
74 288
74 143
74 274
74 276
74 278
74 249
74 285
75 100
75 101
75 103
75 258
75 228
75 229
75 232
75 233
75 240
75 163
75 218
75 286
76 250
76 156
76 296
77 213
77 153
77 293
78 213
78 153
79 245
79 247
79 250
79 156
79 296
80 164
80 165
80 268
80 141
80 147
80 243
80 151
80 284
80 287
81 258
81 228
81 229
81 232
81 233
81 240
81 163
81 218
81 286
82 245
82 247
82 250
82 251
82 296
83 213
83 153
83 293
84 280
84 196
84 294
84 298
84 155
84 208
84 277
84 152
84 282
84 283
84 158
85 170
85 300
85 127
85 178
85 226
86 128
86 222
86 220
86 221
86 122
86 123
86 252
86 253
86 254
86 255
86 212
86 206
87 157
87 156
87 296
88 170
88 300
88 127
89 164
89 165
89 268
89 141
89 151
89 284
89 287
89 243
90 170
90 300
90 127
90 178
90 226
91 180
91 185
91 144
92 192
92 289
92 197
92 198
92 202
92 172
92 173
92 181
92 183
93 199
93 273
93 270
93 275
93 260
93 227
93 257
94 223
94 199
94 272
94 273
94 270
94 271
94 275
94 260
94 227
94 257
95 213
95 153
95 293
96 137
96 138
96 139
96 140
96 210
96 215
96 149
96 200
97 213
97 153
97 293
98 199
98 272
98 273
98 275
98 260
98 227
98 257
99 293
100 258
100 228
100 229
100 232
100 233
100 240
100 163
100 218
100 286
101 258
101 228
101 229
101 232
101 233
101 240
101 163
101 218
101 286
102 145
102 146
102 150
102 162
102 175
102 176
102 177
103 258
103 228
103 229
103 232
103 233
103 163
103 218
103 286
104 194
104 204
104 190
104 266
105 192
105 289
105 197
105 198
105 202
105 172
105 173
105 183
105 209
106 162
106 166
106 267
106 176
106 146
106 150
106 182
107 167
107 201
107 187
107 219
107 171
108 136
108 148
108 224
108 205
108 214
108 184
108 279
109 136
109 224
109 205
109 214
109 184
109 279
110 195
110 167
110 201
110 187
110 219
110 171
111 142
111 191
111 203
111 225
111 230
111 124
112 193
112 225
112 230
112 203
112 207
112 191
112 142
113 195
113 167
113 187
113 171
114 195
114 167
114 201
114 187
114 219
114 171
114 248
115 193
115 225
115 230
115 207
115 142
116 193
116 225
116 230
116 231
116 203
116 207
116 188
116 191
117 195
117 167
117 201
117 171
117 219
117 187
118 136
118 131
118 224
118 205
118 214
118 184
118 279
119 147
119 141
119 287
120 136
120 148
120 224
120 205
120 214
120 184
120 279
121 225
121 230
121 231
121 203
121 207
121 191
121 142
122 253
122 254
122 255
122 220
122 221
122 222
122 261
122 212
122 206
123 252
123 253
123 254
123 255
123 220
123 221
123 261
123 212
123 206
124 193
124 225
124 230
124 231
124 203
124 207
124 188
124 191
126 292
127 170
127 178
127 226
128 253
128 254
128 255
128 220
128 221
128 261
128 212
129 292
130 270
130 272
130 273
130 271
130 223
130 257
131 224
131 216
131 217
131 184
131 279
132 194
132 204
132 189
132 190
132 266
133 214
133 216
133 184
134 292
135 292
136 224
136 205
136 214
136 216
136 184
136 279
137 210
137 215
137 200
137 244
138 210
138 215
138 200
138 244
139 210
139 211
139 215
139 200
139 244
140 210
140 215
140 200
141 164
141 165
141 268
141 290
141 284
141 287
141 243
142 188
142 191
142 193
142 203
142 207
142 225
142 230
142 231
143 288
143 274
143 276
143 278
143 285
143 249
144 179
144 180
144 185
144 281
145 166
145 267
145 176
145 186
145 182
146 166
146 267
146 175
146 177
146 182
147 164
147 165
147 268
147 284
147 287
147 243
148 224
148 214
149 210
149 200
149 244
150 166
150 267
150 175
150 176
150 177
150 182
151 164
151 165
151 268
151 290
151 287
151 243
152 294
152 280
152 277
152 208
154 280
154 196
154 294
154 295
154 282
154 277
154 283
154 208
155 280
155 196
155 294
155 295
155 298
155 282
155 277
155 283
155 208
156 291
156 245
156 250
156 247
157 291
157 251
157 245
157 250
157 247
158 196
158 294
158 295
158 298
158 282
158 208
158 283
158 277
158 280
159 186
159 166
159 267
159 175
159 176
159 177
159 182
160 166
160 177
160 182
161 280
161 282
161 277
161 208
162 186
162 166
162 267
162 175
162 177
162 182
168 297
169 297
170 178
178 300
184 216
191 230
193 230
196 294
196 295
208 294
208 295
208 298
208 299
213 293
220 222
221 221
226 300
236 297
239 297
241 297
242 256
242 297
245 291
245 296
246 297
247 291
247 296
249 278
250 291
250 296
251 296
256 263
256 264
256 297
262 297
264 297
265 297
277 294
277 298
277 299
278 288
280 294
280 295
280 298
282 294
282 295
282 299
283 294
285 288
