heur014_n_300_m_14191
1 290
1 239
1 229
1 70
2 290
2 240
2 229
3 134
3 79
3 145
3 148
3 93
3 158
3 127
5 297
5 287
5 265
5 151
5 113
5 110
6 288
6 297
6 284
7 271
7 243
7 261
7 13
7 129
7 163
7 166
7 251
7 156
8 183
8 130
8 231
8 137
8 108
8 29
9 82
9 168
9 183
9 130
9 231
9 137
9 139
9 108
9 29
10 97
10 249
10 94
10 79
10 145
10 93
10 127
11 266
11 43
11 38
11 270
11 257
11 259
11 260
11 267
11 281
12 173
12 174
12 117
12 162
13 64
13 261
13 243
13 95
13 129
13 163
13 166
13 251
13 61
14 281
14 257
14 259
14 267
14 260
14 38
14 266
14 270
15 128
15 101
15 198
15 296
15 207
15 241
15 245
15 150
15 182
15 125
16 86
16 41
16 34
16 131
16 226
16 164
16 116
16 190
16 100
16 286
17 204
17 205
17 80
17 118
17 60
18 173
18 174
18 117
18 162
19 169
19 165
20 36
21 30
21 162
21 173
21 174
21 117
22 251
22 53
22 47
22 163
22 156
22 166
22 129
22 64
22 261
22 243
22 95
23 68
23 76
23 206
23 114
23 191
23 289
23 120
24 128
24 198
24 101
24 150
24 296
24 125
24 182
24 241
24 245
24 207
25 214
25 264
25 75
26 50
26 63
26 112
26 195
26 115
26 59
26 192
26 256
26 197
26 105
26 42
26 253
26 223
27 173
27 174
27 117
27 162
28 65
28 109
28 46
28 48
28 209
28 149
28 217
28 218
28 221
29 108
29 111
29 137
29 130
29 139
29 106
29 168
29 136
29 82
29 183
29 88
30 173
30 174
30 117
31 162
31 173
31 174
31 117
32 173
32 174
32 117
32 162
33 224
33 202
33 126
33 155
33 268
34 86
34 226
34 164
34 116
34 190
34 100
34 286
35 178
35 171
35 248
35 269
38 266
38 270
38 257
38 260
38 267
38 281
39 227
39 222
39 144
39 96
39 255
39 103
40 120
40 206
40 191
41 131
41 226
41 116
41 100
42 256
42 105
42 253
42 223
42 195
42 112
42 115
43 266
43 294
43 281
44 146
45 227
45 222
45 255
45 103
46 149
46 221
47 251
47 163
47 166
47 129
47 261
47 243
47 95
48 149
48 109
48 217
48 218
48 221
49 87
50 195
50 115
50 59
50 256
50 197
50 105
50 253
50 223
51 204
51 205
51 80
51 118
52 234
52 238
52 157
52 194
52 275
52 179
52 283
53 251
53 163
53 156
53 166
53 129
53 261
53 271
53 243
53 95
54 142
54 228
54 201
54 233
54 186
54 175
54 124
54 188
54 160
55 199
55 200
55 62
55 184
55 291
56 204
56 205
57 99
57 292
57 272
57 210
57 279
57 135
57 211
57 181
57 187
58 72
58 140
58 78
58 159
59 195
59 112
59 192
59 256
59 197
59 105
59 223
60 204
60 205
61 129
61 163
61 261
61 166
61 271
61 156
61 95
62 200
62 199
62 89
62 193
62 291
63 112
63 195
63 105
63 223
64 271
64 95
64 243
64 261
64 129
64 163
64 166
64 251
64 156
65 109
65 149
65 217
65 218
65 221
66 216
66 176
66 213
66 273
67 119
67 167
67 84
67 147
68 206
68 114
68 295
68 289
68 120
70 290
70 229
70 104
70 239
70 240
71 85
71 268
71 224
71 202
71 237
71 155
71 126
72 140
72 220
73 214
74 119
74 167
74 84
74 147
75 214
76 206
76 114
76 295
76 120
78 140
78 220
79 127
79 145
79 225
79 242
79 93
79 148
79 158
79 133
79 94
80 204
80 205
80 118
81 142
81 233
81 186
81 175
81 188
81 160
82 136
82 183
82 130
82 231
82 137
82 108
82 111
83 194
83 196
83 283
83 179
83 234
83 238
83 177
83 157
84 293
84 167
84 119
85 268
85 224
85 202
85 235
85 237
85 154
85 126
86 226
86 164
86 116
86 100
87 146
88 168
88 136
88 183
88 231
88 137
88 139
88 108
88 111
89 184
89 180
89 247
89 199
89 200
89 193
89 291
90 204
90 205
91 121
91 142
91 228
91 232
91 201
91 233
91 186
91 175
91 124
91 188
91 160
92 134
92 145
92 225
92 242
92 93
92 148
92 158
92 94
93 225
93 242
93 134
93 145
93 127
93 158
93 133
93 249
94 249
94 133
94 225
94 134
94 242
94 158
94 127
95 271
95 243
95 261
95 129
95 163
95 166
95 251
95 156
96 255
96 227
96 222
97 249
97 133
97 225
97 134
97 145
97 242
97 148
97 127
98 172
98 178
98 248
98 269
99 263
99 210
99 292
99 135
99 170
99 211
99 181
99 250
99 187
100 131
100 226
100 190
101 198
101 296
101 125
101 182
101 241
101 207
102 208
102 132
103 255
103 227
103 222
104 240
104 239
104 229
105 192
105 256
105 253
105 223
105 197
105 195
105 112
105 115
106 231
106 130
106 137
106 139
106 111
106 168
106 136
106 183
107 300
108 231
108 136
108 183
109 221
109 209
110 288
110 297
110 151
110 284
110 287
111 137
111 130
111 139
111 231
111 168
112 256
112 253
113 265
113 151
113 284
114 191
114 295
114 289
115 192
115 256
115 197
115 253
115 223
116 164
116 190
116 131
116 226
116 286
117 174
118 204
118 205
119 293
119 167
120 289
120 295
120 206
120 191
121 228
121 232
121 201
121 233
121 175
121 160
122 201
122 188
122 228
122 232
122 233
122 175
122 160
123 248
123 138
123 171
123 236
123 178
123 244
123 285
124 201
124 188
124 228
124 232
124 233
124 175
124 160
125 296
125 198
125 150
125 241
125 245
125 207
126 224
126 202
126 235
126 237
126 154
126 268
127 225
127 242
127 148
128 150
128 198
128 296
128 182
128 241
128 245
129 166
129 271
129 243
130 231
130 168
130 183
131 226
131 190
133 249
133 225
133 242
133 158
134 225
134 242
134 148
134 249
135 170
135 181
135 211
135 292
135 210
135 279
136 168
136 183
136 231
137 231
137 168
137 183
138 244
138 178
138 171
138 172
138 252
138 269
139 231
139 183
140 159
140 220
141 203
141 212
141 153
141 254
142 232
142 201
142 233
142 188
142 160
143 219
143 262
143 273
143 274
143 299
143 258
143 176
143 213
143 216
144 227
144 222
144 255
145 225
145 242
145 158
145 249
148 158
148 225
148 242
148 249
149 209
149 217
149 218
149 221
150 198
150 182
150 241
150 207
151 265
151 297
152 203
152 212
152 254
152 153
153 203
153 212
153 276
153 278
154 224
154 202
154 235
154 237
154 268
155 224
155 235
155 237
155 268
156 166
156 261
156 271
156 243
157 177
157 234
157 238
157 194
157 196
157 275
157 179
157 283
158 225
159 220
160 228
160 232
160 201
160 233
160 175
160 188
160 186
161 189
161 280
162 173
163 251
163 166
163 271
164 190
164 226
166 251
166 261
166 271
166 243
167 293
168 183
168 231
170 181
170 250
170 292
170 263
170 210
170 279
171 236
171 178
171 285
171 248
171 269
172 178
172 285
172 248
172 252
176 216
176 258
176 213
176 262
176 273
176 274
176 219
177 275
177 283
178 285
178 236
178 244
178 248
178 252
178 269
179 275
179 283
180 246
180 199
180 200
180 291
181 250
181 292
181 263
181 272
181 210
181 279
182 296
182 241
182 245
183 231
184 246
184 247
184 199
184 200
184 298
184 291
185 215
186 201
187 250
187 211
187 292
187 263
187 272
187 279
189 280
189 277
191 289
192 256
192 253
192 223
193 199
193 200
193 246
193 291
194 283
194 275
195 256
195 253
196 283
196 275
197 256
197 253
197 223
198 296
198 241
198 245
198 207
199 298
199 246
199 291
200 298
200 291
202 237
202 268
203 276
203 278
203 212
203 254
206 295
206 289
207 241
207 245
207 296
209 218
210 279
210 272
210 292
210 250
211 250
211 292
211 263
211 272
211 279
212 254
212 276
212 278
213 299
213 274
214 264
216 299
217 221
218 221
219 299
222 255
223 256
223 253
224 268
225 242
225 249
227 255
229 290
234 275
234 283
235 268
236 285
236 252
236 269
237 268
238 275
238 283
239 290
240 290
243 261
243 271
244 285
244 248
244 269
246 291
247 291
248 285
248 269
250 292
250 263
250 272
250 279
251 271
252 285
254 276
254 278
257 294
258 299
259 294
259 281
260 294
262 299
263 292
265 297
266 294
267 294
269 285
270 294
270 281
274 299
279 292
281 294
282 300
284 297
289 295
291 298
