heur002_n_100_m_3274
1 43
1 95
1 47
2 96
2 67
2 69
2 70
2 54
3 97
3 99
3 44
3 84
3 52
3 86
3 53
3 88
3 89
3 90
3 100
3 61
3 78
3 82
3 87
3 50
5 42
5 81
5 58
5 71
5 74
5 92
5 62
6 43
6 38
6 95
6 47
7 43
7 95
7 47
8 65
8 72
8 76
8 80
8 49
8 57
8 56
8 93
8 45
8 46
8 63
10 92
10 71
10 74
10 21
10 66
10 42
10 81
10 58
10 62
10 26
11 43
11 95
11 47
12 43
12 47
13 47
14 75
14 43
14 47
15 75
15 43
15 95
15 47
16 73
16 91
16 79
16 85
16 98
16 48
16 68
17 98
17 73
17 79
17 85
17 91
18 46
18 56
18 57
18 63
18 65
18 72
18 93
19 67
19 69
19 70
19 94
19 51
19 77
19 96
19 54
20 75
20 95
20 47
21 71
21 74
21 92
21 66
21 42
21 81
21 83
21 55
21 58
21 62
22 60
22 76
22 65
22 72
22 80
22 49
22 57
22 56
22 93
22 45
22 46
22 63
23 79
23 73
23 85
23 91
23 98
23 48
23 68
24 64
24 98
24 68
24 73
24 79
24 48
24 85
24 91
25 60
25 76
25 65
25 72
25 80
25 57
25 28
25 56
25 93
25 45
25 46
25 63
25 59
27 75
27 43
27 95
27 47
28 49
28 46
29 31
29 70
29 67
29 69
29 96
30 67
31 70
31 69
31 51
31 96
31 54
32 86
32 99
32 84
32 88
32 89
32 52
32 53
32 90
32 44
32 61
32 82
32 87
33 45
33 46
33 56
33 57
33 63
33 65
33 72
33 76
33 93
34 99
34 84
34 52
34 86
34 53
34 88
34 89
34 90
34 44
34 97
34 100
34 61
34 82
34 87
34 50
35 67
35 69
35 77
35 51
35 94
35 96
35 54
36 52
36 88
36 97
36 100
36 61
36 82
37 99
37 44
37 84
37 52
37 86
37 53
37 88
37 89
37 90
37 97
37 100
37 61
37 78
37 82
37 87
37 50
38 75
38 43
38 95
38 47
39 65
39 72
39 76
39 60
39 80
39 49
39 56
39 57
39 93
39 45
39 46
39 63
39 59
40 57
40 49
40 72
40 65
40 45
40 63
41 47
