heur026_n_330_m_1370
3 142
3 229
3 98
4 246
4 197
5 284
6 210
8 22
8 164
9 168
9 211
9 73
9 187
9 287
9 247
9 136
10 267
11 25
11 286
11 212
12 296
12 141
13 43
13 260
13 221
14 132
14 249
15 66
15 146
16 241
16 38
16 191
17 235
19 219
19 207
21 289
22 164
23 199
25 286
25 212
26 50
26 97
26 288
26 48
26 208
27 236
27 54
28 96
29 145
31 230
32 172
32 107
32 45
33 288
33 97
33 48
33 50
33 208
34 329
34 245
34 315
35 90
35 55
35 311
36 327
37 170
38 241
38 191
39 136
39 168
39 73
39 211
39 247
39 187
39 287
40 77
42 160
42 53
43 260
43 221
44 231
44 60
44 119
44 76
45 107
45 172
46 251
47 206
48 288
48 97
48 50
48 208
49 106
49 244
50 97
50 288
50 208
51 184
52 302
52 75
53 160
54 236
55 90
55 311
56 268
56 232
56 175
59 299
60 76
60 231
60 119
62 314
63 298
63 92
64 240
64 194
65 317
65 283
65 316
65 94
65 209
66 146
68 275
68 100
69 188
70 104
70 88
70 243
71 101
71 135
72 300
72 216
73 168
73 211
73 187
73 287
73 247
73 136
75 302
76 231
76 119
78 318
78 303
79 250
80 214
81 213
81 86
82 233
82 274
82 262
82 239
84 177
84 228
86 213
87 91
88 104
88 243
89 226
90 311
92 298
93 306
93 220
93 237
94 316
94 283
94 317
94 209
95 238
95 242
97 288
97 208
98 229
98 142
99 163
100 275
101 135
102 279
103 257
103 293
104 243
105 148
106 244
107 172
108 133
109 325
110 153
111 153
113 323
113 166
114 174
116 278
119 231
122 297
122 304
123 213
124 270
124 264
125 143
126 261
126 181
128 225
129 330
129 167
132 249
134 305
136 168
136 211
136 247
136 187
136 287
139 149
139 224
140 198
141 296
142 229
149 224
154 169
154 189
155 192
155 176
156 273
157 321
158 196
159 205
161 280
165 328
166 323
167 330
168 211
168 187
168 287
168 247
169 189
175 232
175 268
176 192
177 228
178 193
178 307
178 180
180 193
180 307
181 261
187 247
187 287
187 211
190 276
191 241
193 307
194 240
197 246
201 203
201 271
203 271
207 219
208 288
209 283
209 316
209 317
211 287
211 247
212 286
216 300
217 319
217 266
220 306
220 237
221 260
222 312
222 313
223 263
232 268
233 262
233 239
237 306
238 242
239 274
239 262
245 329
245 315
247 287
255 308
257 293
262 274
264 270
265 309
266 319
269 301
283 316
283 317
292 295
297 304
303 318
315 329
