heur038_n_361_m_7987
1 54
3 357
3 141
4 307
4 340
4 80
4 44
4 203
5 201
6 111
7 312
8 180
8 142
8 266
8 224
8 159
8 303
8 87
9 29
9 296
9 273
10 107
10 294
11 348
13 241
13 204
15 171
15 28
15 126
15 89
16 110
17 244
18 245
18 168
19 297
21 188
22 123
22 247
23 51
24 172
25 270
27 48
28 126
28 171
28 89
29 296
29 273
30 72
31 248
31 41
34 333
34 79
34 130
34 322
35 217
35 86
35 161
35 260
36 94
38 282
38 155
38 100
38 135
38 237
39 197
40 226
40 315
40 246
40 275
41 248
42 354
43 128
44 307
44 340
44 203
45 279
47 139
47 327
48 212
52 290
53 93
55 189
56 113
57 210
58 202
58 292
59 78
60 136
61 146
61 104
61 97
61 325
63 234
64 214
65 242
65 259
65 257
66 144
66 256
67 74
67 198
67 334
67 183
68 149
68 339
70 202
70 292
71 197
73 250
74 334
74 198
74 183
75 175
79 130
79 322
80 307
80 340
80 203
82 208
82 271
82 115
83 108
83 165
85 221
85 106
86 217
86 161
86 260
87 303
87 224
87 142
89 171
89 126
90 140
91 292
91 202
96 349
97 156
97 104
97 146
97 325
99 355
100 135
100 282
100 237
104 156
104 146
104 325
105 274
105 179
105 347
106 221
107 294
113 249
115 208
115 271
116 345
117 154
119 240
121 262
121 133
122 170
123 247
124 211
126 171
129 352
129 269
129 158
130 333
130 322
131 254
131 164
133 291
133 262
135 282
135 237
137 193
137 265
137 252
139 327
141 357
142 180
142 266
142 159
142 303
144 293
144 256
145 295
146 156
147 304
148 218
149 339
150 326
152 341
152 215
155 282
155 237
156 325
157 318
158 269
158 352
159 303
159 224
159 266
160 308
160 258
161 260
161 217
168 245
169 202
169 292
173 270
179 274
179 347
180 224
180 303
181 332
181 213
181 319
182 324
182 338
183 198
183 334
185 243
185 196
186 222
193 265
193 252
195 330
196 243
198 334
200 358
202 292
203 307
203 340
204 241
205 328
208 271
209 337
209 350
213 332
213 319
215 341
216 232
216 300
217 260
224 266
224 303
226 315
226 246
226 275
227 317
229 238
230 329
232 300
235 251
237 282
239 311
242 259
242 257
246 315
246 275
252 265
253 261
255 298
256 293
257 259
258 308
264 286
266 303
268 324
268 338
269 352
272 314
273 296
274 347
276 335
281 331
284 301
285 290
302 336
307 340
313 320
316 323
319 332
324 338
337 350
343 356
