heur028_n_330_m_3253
1 51
1 92
1 53
1 52
1 96
1 136
1 137
1 138
1 178
1 262
1 235
1 252
2 301
2 58
2 61
2 110
2 164
3 51
3 92
3 53
3 52
3 96
3 136
3 137
3 138
3 178
3 262
3 235
3 252
4 199
4 200
4 241
4 159
4 65
4 291
4 293
4 328
4 201
4 202
4 203
4 329
4 204
4 71
4 250
5 167
5 168
5 330
5 206
5 209
5 306
5 311
5 314
5 193
5 147
5 132
5 191
5 172
5 194
6 301
6 58
6 66
6 68
6 61
6 110
6 164
7 228
7 229
7 230
7 267
7 270
7 94
7 260
7 100
7 268
7 215
8 228
8 229
8 230
8 260
8 100
8 267
8 268
8 270
8 49
8 94
8 215
9 82
9 85
9 86
9 124
9 302
9 323
9 326
9 327
9 225
9 226
9 171
9 242
9 210
9 211
9 248
9 127
10 301
10 58
10 66
10 68
10 61
10 110
10 164
11 228
11 229
11 230
11 267
11 270
11 94
11 260
11 100
11 268
11 215
12 236
12 176
12 177
12 174
12 249
12 179
12 292
12 125
12 279
13 236
13 176
13 177
13 174
13 249
13 179
13 292
13 125
13 279
14 236
14 176
14 177
14 174
14 249
14 179
14 292
14 125
14 279
15 236
15 176
15 177
15 174
15 249
15 179
15 292
15 125
15 279
16 292
16 236
16 176
16 177
16 174
16 179
16 249
16 125
16 279
17 193
17 194
17 132
17 167
17 168
17 330
17 172
17 206
17 209
17 306
17 147
17 311
17 314
17 191
18 96
18 262
18 136
18 137
18 138
18 178
18 51
18 52
18 53
18 92
18 235
18 252
19 224
19 97
19 195
19 134
19 135
19 198
19 175
19 303
19 189
19 183
19 152
19 185
19 154
19 187
19 93
19 184
19 95
20 73
20 59
20 115
20 117
20 119
20 156
20 157
20 161
20 102
20 265
20 278
21 73
21 59
21 115
21 117
21 119
21 156
21 157
21 161
21 102
21 265
21 278
22 59
22 73
22 115
22 117
22 119
22 156
22 157
22 161
22 102
22 265
22 278
23 302
23 82
23 85
23 86
23 124
23 323
23 326
23 327
23 225
23 226
23 171
23 242
23 210
23 211
23 248
23 127
24 59
24 73
24 115
24 117
24 119
24 156
24 157
24 161
24 102
24 265
24 278
25 59
25 73
25 115
25 117
25 119
25 156
25 157
25 161
25 102
25 265
25 278
26 301
26 58
26 61
26 110
26 164
27 256
27 288
27 290
27 258
27 287
27 285
27 286
27 253
27 254
27 255
28 256
28 288
28 290
28 258
28 287
28 285
28 286
28 253
28 254
28 255
29 256
29 288
29 290
29 258
29 287
29 285
29 286
29 253
29 254
29 255
30 256
30 288
30 290
30 258
30 287
30 285
30 286
30 253
30 254
30 255
31 96
31 136
31 137
31 138
31 178
31 51
31 52
31 53
31 92
31 262
31 235
31 252
32 104
32 105
32 108
32 143
32 48
32 212
32 214
32 87
32 88
32 89
32 216
32 223
32 325
32 299
32 304
32 196
32 300
33 107
33 109
33 111
33 149
33 120
33 122
33 155
33 296
34 64
34 67
34 197
34 103
34 144
34 60
34 221
34 63
35 96
35 136
35 137
35 138
35 178
35 51
35 52
35 53
35 92
35 262
35 235
35 252
36 107
36 109
36 111
36 149
36 120
36 122
36 155
36 296
37 96
37 136
37 137
37 138
37 178
37 51
37 52
37 53
37 92
37 262
37 235
37 252
38 263
38 264
38 83
38 116
38 118
38 91
38 222
38 208
38 131
39 96
39 136
39 137
39 138
39 178
39 51
39 52
39 53
39 92
39 262
39 235
39 252
40 107
40 109
40 111
40 149
40 120
40 122
40 155
40 296
41 126
41 46
41 101
41 142
41 237
41 307
41 312
41 315
41 317
41 213
41 162
42 126
42 46
42 101
42 142
42 237
42 307
42 312
42 315
42 317
42 213
42 162
43 107
43 109
43 111
43 149
43 120
43 122
43 155
43 296
44 126
44 101
44 142
44 237
44 307
44 312
44 315
44 317
44 213
44 162
44 78
45 98
45 99
45 231
45 139
45 275
45 276
45 181
45 321
45 322
45 281
45 271
45 114
45 153
45 319
45 62
45 70
45 295
45 166
46 77
46 79
46 126
46 101
46 142
46 237
46 307
46 312
46 315
46 317
46 213
46 162
46 78
47 98
47 99
47 231
47 139
47 275
47 276
47 181
47 321
47 322
47 281
47 271
47 114
47 153
47 319
47 62
47 70
47 295
47 166
48 104
48 105
48 143
48 108
48 212
48 214
48 216
48 223
48 325
48 299
48 304
48 196
48 300
49 228
49 229
49 230
49 267
49 270
49 94
49 260
49 100
49 268
49 215
50 128
50 129
50 130
50 232
50 233
50 234
50 170
50 273
50 277
50 217
50 123
51 96
51 136
51 137
51 138
51 178
51 262
51 235
51 252
52 96
52 136
52 137
52 138
52 178
52 262
52 235
52 252
53 136
53 137
53 138
53 178
53 262
53 235
53 252
54 75
54 76
54 84
54 180
54 246
54 247
54 251
54 192
54 186
54 282
55 160
55 163
55 165
55 158
55 205
55 145
55 146
55 148
55 150
55 151
55 188
55 190
55 318
56 160
56 163
56 165
56 158
56 205
56 145
56 146
56 148
56 150
56 151
56 188
56 190
56 318
57 160
57 163
57 165
57 158
57 205
57 145
57 146
57 148
57 150
57 151
57 188
57 190
57 318
58 301
58 66
58 68
58 61
58 110
58 164
59 73
59 115
59 117
59 119
59 156
59 157
59 161
59 265
59 278
60 67
60 197
60 69
60 72
60 74
60 221
61 68
61 301
61 164
62 321
62 98
62 99
62 322
62 153
62 231
62 139
62 271
62 114
62 275
62 276
62 181
62 281
62 319
62 70
62 295
62 166
63 197
63 69
63 72
63 74
63 221
64 197
64 69
64 72
64 74
64 221
65 291
65 293
65 328
65 201
65 202
65 203
65 329
65 204
65 199
65 200
65 241
65 159
65 250
66 66
66 301
66 164
67 197
67 103
67 144
67 221
68 301
68 164
69 197
69 103
69 144
69 221
70 139
70 271
70 275
70 276
70 153
70 281
70 181
70 319
70 321
70 322
70 98
70 99
70 231
70 114
70 295
70 166
71 291
71 293
71 199
71 200
71 328
71 201
71 202
71 203
71 329
71 204
71 241
71 159
71 250
72 197
72 103
72 144
72 221
73 119
73 156
73 157
73 161
73 102
73 265
73 278
74 197
74 103
74 144
74 221
75 180
75 246
75 247
75 251
75 192
75 186
75 282
76 180
76 246
76 247
76 251
76 192
76 186
76 282
77 126
77 101
77 142
77 237
77 307
77 312
77 315
77 317
77 213
77 162
78 162
78 101
78 142
78 237
78 307
78 213
78 312
78 315
78 317
78 126
79 126
79 101
79 142
79 237
79 307
79 312
79 315
79 317
79 213
79 162
80 263
80 264
80 91
80 222
80 208
80 131
81 263
81 264
81 91
81 222
81 208
81 131
82 302
82 323
82 326
82 327
82 225
82 226
82 171
82 242
82 210
82 211
82 248
82 127
83 263
83 264
83 91
83 222
83 208
83 131
84 180
84 246
84 247
84 251
84 192
84 186
84 282
85 302
85 323
85 326
85 327
85 225
85 226
85 171
85 242
85 210
85 211
85 248
85 127
86 302
86 323
86 326
86 327
86 225
86 226
86 171
86 242
86 210
86 211
86 248
87 104
87 105
87 143
87 108
87 212
87 214
87 216
87 223
87 325
87 299
87 304
87 196
87 300
88 104
88 105
88 143
88 108
88 212
88 214
88 216
88 223
88 325
88 299
88 304
88 196
88 300
89 104
89 105
89 143
89 108
89 212
89 214
89 216
89 223
89 325
89 299
89 304
89 196
89 300
90 227
90 266
90 269
90 272
90 261
90 294
90 274
90 257
90 207
90 121
91 263
91 264
91 222
91 116
91 118
91 208
91 131
92 96
92 136
92 137
92 138
92 178
92 262
92 235
92 252
93 152
93 224
93 195
93 198
93 175
93 183
93 184
93 185
93 154
93 187
93 303
93 189
94 228
94 229
94 230
94 267
94 270
94 260
94 100
94 268
94 215
95 152
95 134
95 224
95 195
95 198
95 175
95 183
95 184
95 185
95 154
95 187
95 303
95 189
96 262
96 235
96 252
97 152
97 134
97 224
97 195
97 198
97 175
97 183
97 184
97 185
97 154
97 187
97 303
97 189
98 275
98 276
98 231
98 321
98 322
98 281
98 271
98 114
98 153
98 319
98 295
98 166
99 275
99 276
99 231
99 321
99 322
99 281
99 271
99 114
99 153
99 319
99 295
99 166
100 228
100 229
100 230
100 260
100 267
100 270
100 268
100 215
101 126
101 237
101 307
101 312
101 315
101 317
101 213
101 162
102 161
102 115
102 117
102 119
102 156
102 157
102 265
102 278
103 197
103 221
104 108
104 212
104 214
104 216
104 223
104 325
104 299
104 304
104 196
104 300
105 212
105 214
105 216
105 223
105 325
105 299
105 304
105 196
105 300
106 112
106 113
106 324
106 140
106 141
106 182
106 219
106 220
106 289
106 298
106 243
106 245
106 284
106 239
106 244
107 120
107 122
107 155
107 296
108 143
108 212
108 214
108 216
108 223
108 325
108 299
108 304
108 196
108 300
109 120
109 122
109 155
109 296
110 301
110 164
111 120
111 122
111 155
111 296
112 324
112 140
112 141
112 182
112 219
112 220
112 289
112 298
112 243
112 245
112 284
112 239
112 244
113 324
113 140
113 141
113 182
113 219
113 220
113 289
113 298
113 243
113 245
113 284
113 239
113 244
114 321
114 322
114 271
114 281
114 319
114 231
114 139
114 275
114 276
114 181
114 295
114 166
115 161
115 265
115 278
116 263
116 264
116 222
116 208
116 131
117 161
117 265
117 278
118 263
118 264
118 222
118 208
118 131
119 265
119 278
120 149
120 155
120 296
121 257
121 227
121 133
121 261
121 294
121 266
121 269
121 173
121 207
121 272
121 274
122 149
122 155
122 296
123 128
123 129
123 130
123 232
123 233
123 234
123 170
123 273
123 277
123 217
124 302
124 323
124 326
124 327
124 225
124 226
124 171
124 242
124 210
124 211
124 248
124 127
125 292
125 236
125 176
125 177
125 174
125 179
125 249
125 279
126 142
126 237
126 307
126 312
126 315
126 317
126 213
126 162
127 248
127 225
127 226
127 242
127 323
127 326
127 327
127 302
128 232
128 233
128 234
128 273
128 277
128 217
129 232
129 233
129 234
129 273
129 277
129 217
130 232
130 233
130 234
130 273
130 277
130 217
131 263
131 264
131 208
131 222
132 193
132 191
132 147
132 167
132 168
132 330
132 206
132 209
132 306
132 311
132 314
132 194
133 227
133 266
133 269
133 272
133 261
133 294
133 274
133 257
133 207
134 152
134 224
134 195
134 198
134 183
134 184
134 185
134 154
134 187
134 303
134 189
135 152
135 224
135 195
135 198
135 183
135 184
135 185
135 154
135 187
135 303
135 189
136 262
136 235
136 252
137 262
137 235
137 252
138 262
138 235
138 252
139 275
139 276
139 231
139 321
139 322
139 281
139 271
139 153
139 319
139 295
139 166
140 220
140 219
140 324
140 289
140 298
140 243
140 245
140 284
140 239
140 244
141 220
141 219
141 324
141 289
141 298
141 243
141 245
141 284
141 239
141 244
142 237
142 307
142 312
142 315
142 317
142 213
142 162
143 212
143 214
143 216
143 223
143 325
143 299
143 304
143 196
143 300
144 197
144 221
145 190
145 150
145 151
145 160
145 163
145 165
145 205
145 158
145 318
146 150
146 151
146 160
146 163
146 165
146 205
146 158
146 318
147 193
147 167
147 168
147 330
147 206
147 209
147 306
147 311
147 314
147 172
147 194
148 160
148 163
148 165
148 205
148 158
148 318
149 155
149 296
150 160
150 163
150 165
150 205
150 158
150 318
151 188
151 160
151 163
151 165
151 205
151 158
151 318
152 224
152 195
152 198
152 175
152 183
152 184
152 185
152 187
152 303
152 189
153 321
153 322
153 271
153 281
153 319
153 231
153 275
153 276
153 181
153 295
153 166
154 198
154 224
154 175
154 183
154 184
154 185
154 187
154 303
154 189
155 296
156 161
156 265
156 278
157 161
157 265
157 278
158 205
158 188
158 190
158 318
159 291
159 293
159 328
159 202
159 203
159 329
159 204
159 250
160 205
160 188
160 190
160 318
161 265
161 278
162 237
162 307
162 213
162 312
162 315
162 317
163 205
163 188
163 190
163 318
164 301
165 188
165 190
165 318
166 271
166 275
166 276
166 281
166 295
166 181
166 319
166 321
166 322
166 231
167 330
167 306
167 311
167 314
167 193
167 191
167 172
167 194
168 330
168 306
168 311
168 314
168 193
168 191
168 172
168 194
169 320
169 259
169 297
169 238
169 240
169 283
169 305
169 308
169 309
169 280
169 313
169 218
169 310
169 316
170 232
170 233
170 234
170 273
170 277
170 217
171 248
171 225
171 226
171 242
171 323
171 326
171 327
171 302
172 193
172 330
172 206
172 209
172 306
172 311
172 314
172 191
172 194
173 227
173 266
173 269
173 272
173 261
173 294
173 274
173 257
173 207
174 236
174 249
174 179
174 292
174 279
175 224
175 183
175 184
175 185
175 187
175 195
175 198
175 303
175 189
176 236
176 249
176 292
176 279
177 236
177 249
177 292
177 279
178 262
178 235
178 252
179 249
179 292
179 236
179 279
180 246
180 247
180 251
180 192
180 186
180 282
181 275
181 276
181 231
181 321
181 322
181 281
181 271
181 319
181 295
182 220
182 219
182 324
182 289
182 298
182 243
182 245
182 284
182 239
182 244
183 195
183 198
183 303
183 189
184 195
184 198
184 303
184 189
185 195
185 198
185 303
185 189
186 192
186 251
186 246
186 247
186 282
187 195
187 198
187 303
188 205
188 318
189 224
189 195
189 198
189 303
190 205
190 318
191 330
191 206
191 209
191 306
191 311
191 314
191 194
192 251
192 246
192 247
192 282
193 330
193 206
193 209
193 306
193 311
193 314
194 330
194 206
194 209
194 306
194 311
194 314
195 224
195 303
196 223
196 325
196 299
196 304
196 212
196 214
196 216
196 300
197 221
198 224
198 303
199 291
199 293
199 328
199 203
199 329
199 204
199 250
200 291
200 293
200 328
200 329
200 204
200 250
201 291
201 293
201 328
201 329
201 250
202 291
202 293
202 328
202 329
202 250
203 291
203 293
203 328
203 329
203 241
203 250
204 291
204 293
204 328
204 329
204 241
204 250
205 318
206 330
206 306
206 311
206 314
207 257
207 227
207 261
207 294
207 266
207 269
207 272
207 274
208 263
208 264
208 222
209 330
209 306
209 311
209 314
210 248
210 225
210 226
210 242
210 323
210 326
210 327
210 302
211 248
211 225
211 226
211 242
211 323
211 326
211 327
211 302
212 223
212 325
212 299
212 304
212 300
213 237
213 307
213 312
213 315
213 317
214 223
214 325
214 299
214 304
214 300
215 228
215 229
215 230
215 267
215 268
215 270
216 223
216 325
216 299
216 304
216 300
217 232
217 233
217 234
217 273
217 277
218 320
218 313
218 238
218 240
218 308
218 309
218 280
218 310
218 283
218 316
218 297
218 305
219 324
219 289
219 298
219 243
219 245
219 284
219 239
219 244
220 324
220 289
220 298
220 243
220 245
220 284
220 239
220 244
223 325
223 299
223 304
223 300
224 303
225 248
225 242
225 323
225 326
225 327
225 302
226 248
226 242
226 323
226 326
226 327
226 302
227 261
227 294
227 274
227 257
228 260
229 260
230 260
231 321
231 322
231 281
231 319
231 295
235 262
235 252
236 249
236 292
236 279
237 307
237 312
237 315
237 317
238 283
238 308
238 309
238 310
238 313
238 316
238 297
238 259
238 305
239 289
239 324
239 298
239 243
239 245
239 284
239 244
240 308
240 309
240 310
240 313
240 316
240 297
240 259
240 305
241 291
241 293
241 328
241 329
241 250
242 248
242 326
242 327
242 302
243 289
243 298
243 324
244 289
244 324
244 298
245 289
245 298
245 324
246 282
247 282
248 323
248 326
248 327
249 279
250 293
250 328
250 329
251 282
252 262
253 288
253 290
253 285
253 286
253 287
254 288
254 290
254 285
254 286
254 287
255 288
255 290
255 285
255 286
255 287
256 288
256 290
256 285
256 286
256 287
257 266
257 269
257 272
257 274
258 288
258 290
258 285
258 286
258 287
259 320
259 283
259 308
259 309
259 280
259 313
259 310
259 316
259 305
260 267
260 270
260 268
261 274
261 266
261 269
261 272
265 278
266 294
266 274
269 294
269 274
271 321
271 322
271 281
271 319
271 276
271 295
272 294
274 294
275 321
275 322
275 281
275 319
275 295
276 321
276 322
276 281
276 295
279 292
280 308
280 309
280 310
280 313
280 316
280 297
280 305
281 295
283 320
283 308
283 309
283 310
283 313
283 316
283 297
283 305
284 289
284 298
284 324
289 324
295 321
295 322
295 319
297 320
297 308
297 309
297 313
297 310
297 316
298 324
299 325
300 325
302 323
302 326
302 327
304 325
305 320
305 316
308 320
309 320
310 320
313 320
316 320
