heur012_n_250_m_20035
1 166
2 119
2 155
2 166
3 99
3 119
3 155
3 166
4 57
4 169
4 107
5 157
5 175
6 101
6 102
6 26
6 27
6 29
6 30
7 119
7 155
7 166
9 40
9 41
9 43
10 119
10 166
11 158
12 32
13 57
13 169
13 35
13 107
15 101
15 102
16 152
16 124
16 125
17 101
17 102
18 169
18 107
19 101
19 102
20 104
20 105
20 106
20 111
20 112
20 113
20 156
20 118
21 57
21 169
21 107
22 57
22 169
22 189
22 35
22 107
23 70
23 54
23 58
23 59
23 60
23 163
23 117
23 55
24 54
24 58
24 163
24 117
25 54
25 58
25 163
25 117
26 101
26 102
26 193
26 146
27 101
27 102
27 86
27 193
27 146
28 133
28 65
28 224
28 168
29 101
29 102
29 193
30 101
30 102
30 193
31 162
31 160
31 165
31 172
31 242
31 244
31 247
31 249
31 123
31 61
32 230
32 231
32 232
32 138
32 139
32 140
32 235
32 240
32 53
32 151
33 237
33 173
33 174
33 178
33 153
33 154
33 159
33 161
34 237
34 173
34 174
34 178
34 180
34 153
34 154
34 159
34 161
35 169
35 207
35 245
35 57
35 107
36 144
36 133
36 65
36 234
36 224
36 168
37 144
37 133
37 65
37 224
37 168
38 237
38 173
38 174
38 178
38 180
38 153
38 154
38 159
38 161
39 192
39 100
39 199
39 201
39 83
39 241
39 149
39 246
39 87
39 157
39 175
39 228
40 144
40 133
40 65
40 234
40 168
41 144
41 133
41 65
41 234
41 224
41 168
42 144
42 133
42 65
42 234
42 224
42 168
43 144
43 133
43 90
43 65
43 234
43 224
43 168
44 144
44 133
44 65
44 224
44 168
45 133
45 65
45 224
45 168
46 144
46 133
46 65
46 234
46 224
46 168
47 144
47 133
47 65
47 234
47 224
47 168
48 144
48 133
48 65
48 234
48 224
48 168
49 133
49 144
49 65
49 234
49 224
49 168
50 237
50 173
50 174
50 153
50 154
50 159
53 79
55 163
57 77
57 207
57 76
61 162
61 242
61 244
63 212
64 212
65 84
65 90
65 85
65 224
66 212
67 179
67 212
74 143
74 150
76 169
76 107
77 169
77 189
77 107
78 103
78 108
78 110
78 115
81 192
82 200
83 192
83 199
83 200
83 241
83 157
83 175
85 133
85 224
86 193
87 192
87 157
87 175
88 192
88 196
88 200
88 241
89 196
89 200
89 175
91 193
93 193
94 250
94 158
95 119
95 166
96 185
96 181
98 119
98 166
99 119
99 155
99 166
100 192
100 157
100 175
101 193
101 146
102 193
102 146
103 216
103 217
103 218
103 219
103 220
103 221
103 191
104 137
107 207
108 216
108 217
108 218
108 219
108 220
108 221
108 132
108 177
108 238
108 136
108 191
110 216
110 217
110 218
110 219
110 220
110 221
110 177
110 191
114 176
115 216
115 217
115 218
115 219
115 220
115 221
115 132
115 177
115 238
115 233
115 226
115 136
115 243
116 197
116 188
116 190
116 176
119 130
119 148
119 222
120 179
120 212
121 197
121 188
121 190
121 176
123 242
123 244
123 249
124 225
124 223
125 225
125 223
126 152
127 152
129 152
130 155
130 166
133 168
134 156
135 166
142 163
148 166
151 240
152 227
152 223
154 178
154 180
155 222
157 200
157 201
157 228
158 236
158 209
158 210
158 213
158 215
160 244
162 244
164 212
165 244
166 222
167 197
167 176
167 188
167 190
169 207
170 212
171 212
172 244
172 247
172 249
175 200
175 201
175 241
175 228
181 206
182 206
184 202
184 203
184 204
184 206
185 202
185 203
185 204
185 205
185 206
189 207
195 202
195 203
195 204
195 206
