heur020_n_320_m_5905
1 302
2 209
3 291
3 47
4 43
4 74
5 227
5 122
5 210
6 278
7 222
8 172
8 182
9 17
9 200
9 44
10 73
10 58
11 273
11 54
11 197
11 32
13 278
14 93
15 166
16 314
17 200
17 44
19 96
20 194
22 45
22 162
23 285
23 145
24 297
26 124
27 169
27 157
28 298
28 318
29 69
31 303
32 273
32 197
32 54
33 277
33 70
36 99
36 299
37 243
37 51
37 186
37 49
37 310
37 275
38 52
38 103
38 176
38 245
40 234
40 219
42 259
42 48
43 74
43 183
44 200
45 147
45 162
47 134
47 291
48 259
49 186
49 310
49 51
49 243
49 275
50 191
50 305
51 243
51 186
51 310
51 275
52 103
52 176
52 245
53 220
53 270
54 273
54 197
56 142
56 237
56 185
56 150
57 114
58 73
59 252
59 97
60 201
60 83
60 171
62 249
62 208
63 64
63 68
63 163
64 68
64 163
70 277
72 127
74 183
75 118
75 179
76 281
78 216
79 123
79 153
79 177
79 317
81 286
82 290
82 111
83 171
83 201
84 209
85 107
87 190
88 181
90 255
90 254
90 105
91 276
91 140
92 113
94 250
95 158
97 252
98 175
99 299
100 130
103 245
104 228
105 254
105 255
106 246
108 217
110 301
111 290
115 265
115 156
116 296
116 271
118 179
121 234
121 219
122 227
122 210
123 177
123 317
126 289
126 223
127 295
131 278
133 251
134 291
139 249
139 208
140 276
141 214
141 272
141 266
141 247
142 237
142 185
142 150
144 195
145 285
146 148
147 162
149 238
149 207
150 185
150 237
152 213
152 184
152 311
153 177
153 317
157 169
159 278
161 283
165 288
167 188
167 280
167 269
170 262
171 201
172 182
174 232
176 245
177 317
178 267
180 284
184 311
184 213
185 237
186 310
186 243
186 275
187 314
188 280
191 305
192 202
192 260
197 273
199 306
207 238
208 249
210 227
211 241
212 224
212 315
213 311
214 272
214 266
214 247
218 268
219 234
220 270
223 289
225 263
226 264
226 239
239 264
243 310
243 275
247 272
247 266
254 255
258 320
258 308
258 319
266 272
269 280
271 296
275 310
307 313
308 320
319 320
