heur018_n_300_m_25919
1 118
1 49
1 214
5 194
5 298
5 289
5 220
6 290
7 131
11 249
11 300
11 78
14 166
15 228
17 286
17 272
17 273
18 136
18 146
18 282
18 279
20 213
20 139
21 297
22 185
24 180
24 283
25 163
26 296
26 133
27 170
27 284
28 163
29 168
29 199
30 147
30 148
30 159
31 163
32 142
34 233
35 243
35 206
35 183
36 297
39 248
39 135
41 210
42 262
42 167
44 195
45 252
46 208
47 166
48 163
49 118
50 224
50 117
53 249
53 300
54 165
57 142
59 197
61 171
64 213
64 139
65 208
66 168
66 199
67 200
70 118
71 185
73 214
73 118
74 252
75 197
77 131
78 249
78 300
79 269
79 143
80 238
81 206
81 243
85 244
86 294
88 203
88 156
88 174
89 187
90 195
91 200
92 168
92 199
93 182
93 127
93 251
93 245
93 192
94 126
95 243
95 206
95 236
95 183
97 195
99 166
100 290
101 163
102 137
102 209
102 217
103 136
103 146
103 282
103 291
103 279
105 192
105 271
105 245
105 182
105 251
105 127
107 272
107 286
107 273
108 244
109 159
110 288
110 162
111 122
111 211
111 293
111 255
112 277
112 281
112 198
112 188
112 125
114 150
114 247
115 122
115 211
115 293
115 255
146 279
279 282
