heur017_n_300_m_15641
1 224
1 227
1 270
1 277
1 276
1 269
1 236
2 224
2 227
2 270
2 277
2 276
2 269
2 236
3 97
3 109
3 95
3 129
3 103
3 139
3 114
3 116
4 41
4 43
4 144
4 54
4 223
4 194
4 196
4 205
4 80
4 217
4 221
4 226
5 160
5 193
5 192
5 198
5 145
5 242
5 147
5 212
5 244
5 249
5 77
6 71
6 201
6 202
6 265
6 267
6 240
6 241
6 53
6 248
6 126
7 97
7 109
7 95
7 129
7 103
7 139
7 114
7 116
7 118
8 294
8 295
8 239
8 213
8 23
8 91
8 220
8 150
9 67
9 99
9 104
9 93
9 260
9 264
9 268
9 76
9 275
9 153
9 181
10 131
10 228
10 74
10 79
11 206
11 86
11 232
11 208
11 214
11 122
11 299
11 111
11 112
11 113
12 139
12 116
12 118
12 103
12 97
12 109
12 95
13 68
13 146
13 120
13 34
13 62
13 141
14 270
14 277
14 276
14 269
15 289
15 162
15 258
15 261
15 165
15 262
15 296
15 297
15 168
15 143
15 124
15 119
15 187
16 56
16 90
16 84
16 238
16 163
16 164
16 157
16 89
16 152
16 94
17 108
17 90
17 84
17 238
17 163
17 164
17 170
17 157
17 89
17 152
17 94
18 160
18 192
18 198
18 145
18 147
18 212
18 249
18 77
19 160
19 193
19 192
19 198
19 145
19 242
19 147
19 212
19 244
19 249
19 77
20 80
20 217
20 205
20 207
20 194
20 221
20 43
20 273
20 149
20 54
20 223
20 226
21 80
21 217
21 205
21 207
21 194
21 196
21 144
21 273
21 149
21 223
21 226
21 237
22 110
22 32
22 38
22 254
22 123
23 294
23 295
23 218
23 239
23 213
23 220
23 91
23 45
23 150
24 294
24 295
24 218
24 239
24 213
24 91
24 150
25 272
25 121
25 278
25 256
25 257
25 107
25 251
25 66
25 69
25 61
25 83
25 73
26 239
26 294
26 295
26 91
27 146
27 120
27 62
27 141
28 110
28 280
28 288
28 282
28 259
28 39
28 140
28 254
28 123
28 255
29 201
29 202
29 265
29 267
29 240
29 241
29 248
29 126
29 92
29 71
30 123
30 259
30 254
30 255
30 288
30 110
30 280
30 282
31 171
31 180
31 177
31 178
31 151
31 185
31 159
31 135
32 259
32 254
32 123
32 255
32 140
32 288
32 110
32 280
32 282
33 295
33 239
33 91
33 150
34 197
34 68
34 146
34 120
35 36
35 68
35 146
35 120
35 197
35 62
35 235
35 141
36 146
36 120
36 197
36 141
37 171
37 176
37 180
37 191
37 177
37 178
37 151
37 185
37 159
37 135
38 259
38 254
38 123
38 255
38 140
38 288
38 110
38 280
38 282
39 123
39 259
39 254
39 255
39 140
39 288
39 110
39 280
39 282
40 96
40 166
40 105
40 106
40 279
40 115
40 117
40 247
40 281
40 252
40 64
41 144
41 149
41 273
41 223
41 194
41 80
41 217
41 226
42 171
42 176
42 179
42 180
42 182
42 191
42 177
42 151
42 185
42 188
42 159
42 135
43 144
43 149
43 223
43 50
43 196
43 205
43 207
43 80
43 217
43 221
44 292
44 293
44 199
44 300
44 158
44 290
44 291
44 101
44 172
44 173
44 174
44 81
45 225
45 294
45 295
45 218
45 239
45 243
45 213
45 91
45 220
45 150
46 97
46 129
46 103
46 139
46 109
46 114
46 116
46 118
46 95
47 197
47 68
47 146
47 120
47 235
47 141
48 105
48 106
48 166
48 96
48 115
48 117
48 252
48 247
48 281
48 279
48 64
49 130
49 132
49 78
49 148
49 154
49 200
49 203
49 211
49 216
49 142
49 233
49 136
50 144
50 273
50 149
50 223
50 80
51 130
51 132
51 148
51 154
51 200
51 203
51 211
51 216
51 142
51 233
51 136
52 100
52 102
52 138
52 271
52 274
52 85
52 125
52 87
52 127
52 195
52 137
53 265
53 267
53 241
53 248
53 92
53 126
53 71
54 144
54 273
54 149
54 223
54 194
54 196
54 205
54 207
54 80
54 217
54 221
54 226
54 237
55 108
55 90
55 238
55 163
55 164
55 170
55 157
55 88
55 89
55 152
55 94
56 108
56 90
56 84
56 238
56 163
56 164
56 170
56 157
56 88
56 89
56 152
56 94
57 108
57 90
57 84
57 163
57 164
57 157
57 88
57 89
57 152
57 94
58 131
58 228
58 134
58 70
58 74
58 79
59 131
59 228
59 134
59 70
59 74
59 79
60 131
60 228
60 134
60 70
60 74
60 79
61 256
61 257
61 272
61 278
61 251
62 197
62 146
62 120
62 235
62 141
63 219
63 298
63 156
63 284
63 189
63 286
63 186
64 106
64 279
64 281
64 250
64 247
64 252
65 260
65 263
65 264
65 268
65 275
65 153
66 256
66 257
66 272
66 278
66 251
66 83
66 73
67 260
67 263
67 264
67 268
67 275
67 153
68 146
68 197
68 235
68 141
69 257
69 272
69 278
69 251
71 201
71 202
71 265
71 267
71 240
71 241
71 248
72 100
72 138
72 271
72 274
72 253
72 155
72 125
72 287
72 137
73 257
73 272
73 278
73 251
75 264
75 260
75 263
75 153
75 275
75 268
76 264
76 260
76 263
76 153
76 275
76 268
76 181
77 160
77 193
77 192
77 198
77 145
77 242
77 147
77 212
77 244
77 249
78 154
78 148
78 200
78 203
78 211
78 216
78 142
78 233
78 136
80 194
80 196
80 144
80 273
80 149
80 223
80 237
81 290
81 291
81 292
81 293
81 300
81 173
81 158
82 283
82 284
82 167
82 175
82 183
82 156
82 189
82 209
82 219
82 186
83 256
83 257
83 272
83 278
83 251
84 238
84 163
84 170
84 157
84 152
85 253
85 274
85 87
85 195
86 206
86 229
86 232
86 208
86 214
86 222
86 169
86 299
86 111
87 274
87 287
87 271
87 155
87 138
87 253
87 195
87 137
88 152
88 163
88 164
88 157
89 152
89 163
89 164
89 157
89 170
89 238
90 238
90 163
90 164
90 170
90 157
90 152
91 225
91 294
91 295
91 243
91 213
91 220
91 150
92 265
92 267
93 260
93 263
93 264
93 275
93 153
94 152
94 163
94 164
94 157
94 238
95 139
96 106
96 166
96 117
96 252
96 247
96 281
96 250
96 279
98 231
98 230
98 246
98 204
98 210
98 215
98 184
98 190
98 266
99 260
99 263
99 264
99 268
99 275
99 153
99 181
100 138
100 253
100 125
100 271
100 274
100 155
100 195
100 137
101 172
101 173
101 174
101 290
101 291
101 292
101 199
101 234
101 300
101 158
102 138
102 253
102 271
102 274
102 155
102 287
102 195
102 137
103 139
104 260
104 263
104 264
104 268
104 275
105 252
105 281
105 279
106 166
106 252
106 247
106 281
106 250
106 279
107 256
107 257
107 251
107 272
107 278
108 238
108 163
108 164
108 170
108 157
108 152
110 280
110 288
110 282
110 259
110 140
110 254
110 255
111 169
111 299
111 229
111 232
111 208
111 214
111 122
111 222
112 169
112 299
112 229
112 232
112 206
112 214
112 222
113 169
113 299
113 229
113 232
113 206
113 208
113 214
114 139
115 166
115 252
115 247
115 281
115 250
115 279
116 139
117 252
117 247
117 281
117 279
118 139
119 289
119 162
119 261
119 262
119 296
119 297
119 168
119 143
121 272
121 278
121 251
122 232
122 229
122 222
122 208
122 214
122 206
122 169
123 259
123 254
123 140
123 288
123 280
123 282
124 296
124 289
124 297
124 168
124 143
124 162
124 258
124 261
124 165
124 262
124 187
125 138
125 271
125 274
125 155
125 287
125 137
126 201
126 202
126 265
126 240
126 241
126 248
127 138
127 271
127 155
127 287
127 195
127 137
128 246
128 230
128 231
128 161
128 204
128 210
128 215
128 184
128 190
128 285
128 266
130 154
130 148
130 200
130 203
130 211
130 216
130 142
130 233
130 136
132 154
132 148
132 200
132 203
132 211
132 216
132 142
132 233
132 136
133 161
133 190
133 285
133 266
134 228
135 191
135 176
135 178
135 179
135 180
135 185
136 203
137 195
137 271
137 274
137 253
137 287
138 253
138 271
138 274
138 287
138 195
140 259
140 254
140 288
140 280
140 282
141 197
141 235
142 200
142 203
142 211
142 216
142 233
143 289
143 297
143 258
143 261
143 262
144 273
144 223
144 194
144 196
144 205
144 207
144 217
144 221
144 226
145 192
145 193
145 198
145 249
145 212
145 244
146 197
147 192
147 193
147 249
147 242
147 244
148 211
148 216
148 233
149 273
149 223
149 196
149 205
149 207
149 217
149 221
149 226
149 237
150 294
150 295
150 239
150 243
151 178
151 185
151 191
152 170
152 238
153 275
153 268
153 264
153 181
154 203
154 211
154 216
154 233
155 274
155 253
156 189
156 175
156 298
156 283
156 284
156 286
156 209
156 219
156 186
157 170
157 238
158 293
158 199
158 234
158 300
158 291
158 172
158 173
158 174
159 191
159 171
159 176
159 177
159 178
159 180
159 182
159 185
159 188
160 192
160 249
160 242
160 244
161 184
161 210
161 204
161 215
161 230
161 231
161 246
162 258
162 261
162 262
162 289
162 297
162 168
163 238
164 170
164 238
165 261
165 289
165 168
165 187
166 252
166 247
166 281
166 279
167 298
167 283
167 284
167 286
168 289
168 296
168 297
168 258
168 261
168 262
169 299
172 290
172 291
172 292
172 293
172 300
173 291
173 292
173 293
173 300
174 291
174 292
174 293
174 300
175 298
175 283
175 284
175 286
181 260
181 263
181 264
181 268
181 275
183 298
183 283
183 284
183 286
184 285
184 266
186 298
186 283
186 284
186 286
187 289
187 258
187 261
187 262
187 296
187 297
189 298
189 283
189 284
189 286
190 285
190 266
194 217
195 271
195 274
195 253
199 292
199 293
199 300
199 291
201 265
201 267
202 265
202 267
204 285
204 266
206 299
208 299
209 283
209 284
209 286
210 285
210 266
213 295
214 232
214 299
215 285
217 273
218 294
218 295
219 298
219 283
219 284
219 286
220 239
220 294
220 295
221 273
222 299
223 237
224 270
224 277
224 276
224 269
225 295
227 270
227 277
227 276
227 269
229 299
230 285
230 266
231 285
231 266
232 299
234 292
234 293
234 300
234 291
236 269
236 270
236 276
236 277
237 273
239 295
240 265
240 267
241 265
241 267
243 295
245 270
245 277
245 276
245 269
246 285
246 266
247 279
248 265
248 267
261 296
