heur003_n_120_m_2588
1 111
1 81
1 75
1 106
1 26
1 34
1 38
1 39
1 77
1 49
1 117
1 120
1 89
1 16
1 52
1 79
1 82
2 35
2 99
2 101
2 53
2 86
2 25
2 60
2 93
3 19
3 32
3 45
3 51
3 107
3 88
3 118
3 103
3 54
3 15
3 57
3 95
4 68
4 105
4 27
4 31
4 64
4 44
5 104
5 100
5 33
5 18
5 72
5 14
5 17
5 85
5 71
5 69
6 26
6 34
6 49
6 75
6 77
6 81
6 106
6 111
6 117
6 120
6 89
6 16
6 52
6 79
6 82
7 56
7 73
7 23
7 20
7 21
7 74
7 62
7 76
7 78
7 90
7 40
8 35
8 101
8 91
8 93
8 53
8 86
8 60
8 116
8 109
8 99
8 25
9 105
9 31
9 27
9 30
9 68
9 64
9 44
10 31
10 30
10 68
10 64
10 44
11 56
11 59
11 55
11 73
11 23
11 20
11 21
11 110
11 92
11 74
11 76
11 80
11 24
11 70
11 96
11 90
12 101
12 91
12 93
12 119
12 53
12 86
12 60
12 116
12 109
12 99
12 25
13 105
13 31
13 27
13 30
13 68
13 44
14 43
14 97
14 33
14 100
14 102
15 32
15 103
15 107
15 45
15 51
15 118
15 54
15 57
16 38
16 39
16 41
16 49
16 75
16 89
16 106
16 111
16 120
16 52
16 63
17 43
18 33
18 43
18 102
19 45
19 107
19 54
19 57
20 55
20 110
20 92
20 62
20 96
20 90
20 40
21 55
21 59
21 110
21 96
21 90
21 40
22 42
22 47
22 48
22 112
22 115
22 61
23 55
23 56
23 59
23 110
23 92
23 62
23 96
23 90
23 40
24 55
24 56
24 59
24 62
24 76
24 92
24 110
24 96
24 90
25 35
25 99
25 109
25 53
25 91
25 60
26 75
26 34
26 38
26 39
26 41
26 49
26 117
26 120
26 89
26 79
26 63
27 105
27 64
27 44
28 98
28 113
28 114
28 94
28 108
29 98
29 113
29 114
29 83
29 87
29 108
30 105
30 68
31 105
31 64
32 51
32 107
32 88
32 118
32 103
32 54
33 104
33 72
33 85
33 71
33 102
34 41
34 49
34 120
34 77
34 106
34 75
34 111
34 81
34 89
34 52
34 79
34 82
34 63
35 101
35 119
35 53
35 86
35 60
35 116
35 109
35 99
36 98
36 113
36 114
36 83
36 94
36 87
36 58
36 108
37 98
37 113
37 114
37 83
37 94
37 87
37 58
37 108
38 49
38 117
38 120
38 77
38 106
38 75
38 111
38 81
38 52
38 79
38 82
38 63
39 117
39 120
39 77
39 106
39 75
39 111
39 81
39 89
39 52
39 79
39 82
39 63
40 55
40 56
40 59
40 70
40 73
40 74
40 76
40 80
40 90
40 96
41 117
41 77
41 106
41 75
41 111
41 81
41 52
41 79
41 82
41 63
42 48
42 46
42 112
42 61
42 84
42 47
42 50
42 66
43 72
43 85
43 97
43 100
43 104
43 71
43 102
43 69
44 64
44 68
44 105
45 88
45 118
45 103
45 95
46 112
46 61
46 115
46 66
47 67
47 112
47 115
47 61
47 66
48 67
48 112
48 61
48 84
48 66
49 117
49 106
49 75
49 111
49 79
49 82
49 63
50 112
50 115
50 61
50 66
51 88
51 118
51 103
52 75
52 89
52 106
52 111
52 117
52 120
52 79
52 63
53 101
53 119
53 93
53 116
53 109
53 99
54 103
54 118
54 88
54 95
55 73
55 110
55 74
55 62
55 96
56 110
56 62
56 96
57 103
57 88
57 95
58 113
58 114
58 87
58 94
58 65
59 62
59 96
60 101
60 119
60 91
60 93
60 116
60 109
60 99
61 112
61 67
61 115
61 84
62 73
62 74
62 110
62 76
62 80
62 70
62 96
62 78
62 90
63 75
63 77
63 79
63 81
63 82
63 111
63 117
63 120
64 105
65 98
65 113
65 114
65 83
65 94
65 108
66 67
66 112
66 84
67 112
67 115
68 105
69 97
70 92
70 110
70 96
71 97
71 100
71 104
71 102
72 97
72 100
73 92
73 96
73 90
74 110
74 92
74 90
75 111
75 117
75 120
75 89
77 117
77 120
77 111
77 89
78 96
79 111
80 92
80 90
81 111
81 117
81 120
81 89
82 111
82 117
82 120
83 114
83 113
84 112
85 97
85 100
85 104
86 101
86 119
86 91
86 93
86 116
86 109
87 98
87 113
87 94
87 108
88 103
89 117
89 120
91 109
93 116
93 109
93 99
94 114
94 113
95 118
98 114
98 113
99 116
99 119
101 119
101 116
101 109
103 118
106 111
106 117
106 120
108 113
108 114
112 115
