heur016_n_300_m_15456
1 36
2 109
2 213
2 35
2 227
2 40
2 237
2 86
2 125
3 53
3 143
3 153
3 91
3 157
3 250
4 114
4 141
4 182
4 113
4 195
4 265
4 254
4 50
5 75
5 36
6 296
7 172
7 60
7 173
7 73
7 209
7 258
7 261
7 229
8 273
8 77
8 134
9 233
9 238
9 199
9 163
9 119
9 166
9 275
9 190
9 255
10 272
10 296
11 264
11 31
11 132
11 139
11 142
11 242
11 147
11 150
11 151
11 120
11 152
13 137
13 145
13 117
13 126
13 235
13 276
13 62
13 193
13 106
13 43
13 54
14 296
14 297
14 272
15 161
15 174
15 112
15 164
15 69
15 72
15 175
16 188
16 103
16 96
16 234
16 61
16 160
16 192
16 288
16 135
16 44
16 236
16 46
17 111
17 84
17 128
18 273
18 279
18 134
19 51
19 52
20 45
20 186
20 243
20 165
20 33
21 268
21 270
21 156
21 158
21 78
21 220
22 45
22 186
22 243
22 165
22 33
23 161
23 174
23 112
23 164
23 69
23 72
23 175
24 233
24 238
24 178
24 163
24 119
24 166
24 255
25 288
25 135
25 44
25 236
25 46
25 183
25 64
25 96
25 160
25 103
25 234
25 188
26 87
26 118
27 283
27 284
28 83
28 87
28 118
29 233
29 238
29 199
29 163
29 119
29 166
29 190
29 255
30 169
30 290
30 168
30 115
31 264
31 274
31 74
31 142
31 242
31 147
31 150
31 151
31 152
32 240
32 257
32 140
32 300
32 207
33 165
33 243
33 181
33 186
34 240
34 257
34 140
34 300
34 207
35 125
35 227
35 237
35 86
35 204
35 194
35 262
35 109
35 213
35 191
38 63
39 63
40 125
40 86
40 204
40 194
40 262
40 109
41 93
41 253
41 249
41 122
42 300
42 257
42 240
42 207
43 193
43 235
43 276
43 117
43 62
44 236
44 183
44 58
44 192
44 288
44 294
44 96
44 160
44 103
44 234
44 148
44 188
44 61
45 186
45 243
45 165
45 181
46 236
46 183
46 192
46 294
46 96
46 160
46 103
46 234
46 148
46 188
46 61
47 93
47 253
47 249
48 209
48 258
48 261
48 229
49 300
49 257
49 240
49 207
50 195
50 265
50 141
50 113
50 114
50 182
50 90
50 254
51 200
51 205
51 184
52 205
52 184
53 143
53 79
53 153
53 91
53 157
53 250
54 193
54 106
54 137
54 235
54 145
54 276
54 117
54 62
54 126
56 76
57 100
57 197
57 123
57 85
57 266
57 244
57 245
58 135
58 183
58 236
58 192
58 288
58 96
58 103
58 234
58 177
58 148
58 188
59 260
59 263
59 131
59 180
59 208
60 172
60 209
60 258
60 261
60 229
61 96
61 64
61 103
61 148
61 188
61 192
61 288
61 294
61 135
61 183
62 235
62 137
62 145
62 117
62 126
62 193
62 106
64 177
64 96
64 234
64 160
64 192
64 288
64 294
64 135
64 183
65 246
65 179
65 210
65 211
66 209
66 258
66 261
67 268
67 270
68 260
68 263
68 131
68 180
68 208
69 164
69 174
69 112
70 169
70 171
70 290
70 115
71 115
72 112
73 172
73 209
73 258
73 261
74 120
74 132
74 139
74 242
74 151
74 264
74 274
77 134
77 273
77 279
78 268
78 270
78 156
78 220
79 91
79 143
79 250
80 210
80 211
80 246
83 118
84 111
84 128
85 214
85 123
85 197
85 203
85 144
85 266
85 244
85 185
86 227
86 125
86 204
86 194
86 262
86 109
86 213
86 191
87 118
87 206
88 136
88 138
88 176
89 282
89 162
89 155
89 189
89 252
89 108
89 221
89 231
90 114
90 113
90 265
90 254
91 157
91 143
91 153
91 250
93 253
93 249
93 122
94 105
94 291
94 286
94 127
95 282
95 189
95 252
95 108
95 221
95 231
96 234
96 177
96 148
96 188
96 160
96 192
96 288
96 294
96 135
96 236
96 183
97 105
97 291
97 286
97 127
98 281
98 130
98 217
98 293
99 203
99 197
99 144
99 123
99 214
99 266
99 244
99 245
100 203
100 144
100 123
100 214
100 266
100 245
100 185
101 289
101 247
101 216
101 218
101 287
102 289
102 247
102 216
102 218
102 287
103 177
103 234
103 160
103 192
103 288
103 294
103 135
103 236
103 183
105 291
105 286
106 193
106 235
106 145
106 276
107 277
107 198
108 221
108 231
108 162
108 282
108 155
108 252
108 189
109 262
109 194
109 191
109 204
109 237
110 222
112 299
112 174
112 164
112 295
112 175
113 195
113 254
113 141
113 182
114 141
114 182
114 195
115 290
115 168
115 146
115 285
115 169
115 171
116 212
116 215
117 235
117 276
118 206
119 178
119 199
119 233
119 166
119 201
119 275
119 190
119 255
120 142
120 150
120 152
120 264
120 274
121 198
122 249
122 253
123 214
123 197
123 203
123 144
123 266
123 244
123 185
124 149
124 230
124 239
124 219
124 196
125 227
125 237
125 204
125 194
125 213
125 191
126 235
126 276
126 193
127 291
127 286
129 277
130 281
130 293
130 217
131 180
131 263
131 208
132 147
132 142
132 150
132 152
132 242
132 264
132 274
133 277
133 198
134 273
134 279
135 183
135 236
135 192
135 294
135 148
136 176
137 235
137 276
137 193
138 176
139 147
139 142
139 150
139 152
139 242
139 151
139 264
139 274
140 240
140 300
140 207
141 265
141 254
142 264
143 250
144 214
144 266
144 244
144 245
145 235
145 276
146 290
147 264
148 188
148 288
148 294
149 230
149 256
149 259
149 251
149 219
149 292
150 242
150 264
151 242
151 264
152 264
153 250
154 223
154 248
154 280
154 267
155 282
155 252
155 221
156 268
156 270
156 220
158 268
158 270
159 223
159 280
159 267
160 294
160 183
161 295
162 282
163 178
163 199
163 201
163 275
163 255
164 295
164 299
165 243
166 201
167 246
167 210
167 211
168 290
168 285
169 290
169 285
171 290
171 285
172 209
172 258
172 261
173 209
173 258
173 261
173 229
174 295
177 234
177 236
178 233
178 238
178 255
179 246
179 210
179 211
180 260
180 263
182 265
182 254
185 266
185 244
185 214
185 245
186 243
188 288
188 294
189 221
189 231
190 255
190 233
191 262
192 236
192 234
193 276
194 213
194 262
194 227
194 237
195 254
195 265
196 219
196 256
197 214
197 266
197 244
197 245
198 277
199 233
199 238
199 255
201 233
201 238
203 214
203 266
203 244
203 245
204 227
204 237
207 257
207 271
208 260
208 263
209 261
213 262
214 266
214 244
216 287
217 281
218 289
218 287
219 292
219 259
220 270
221 282
222 241
223 280
224 241
228 298
229 258
229 261
231 282
232 292
234 288
234 294
236 288
236 294
237 262
238 275
239 292
240 271
247 289
247 287
248 280
251 292
252 282
255 275
256 292
257 300
257 271
259 292
