heur010_n_250_m_4507
1 164
1 172
1 178
1 194
1 116
1 97
1 139
2 164
2 172
2 178
2 194
2 116
2 97
2 139
3 162
3 156
3 157
3 158
3 159
3 141
3 183
3 199
3 120
4 164
4 172
4 178
4 194
4 116
4 97
4 139
5 164
5 172
5 178
5 194
5 116
5 97
5 139
6 162
6 156
6 157
6 158
6 159
6 141
6 183
6 199
6 120
7 162
7 156
7 157
7 158
7 159
7 141
7 183
7 199
7 120
8 192
8 197
8 205
8 206
8 209
8 211
8 213
8 217
8 188
8 189
8 190
8 63
8 201
9 164
9 172
9 178
9 194
9 116
9 97
9 139
10 134
10 27
10 31
10 59
10 16
10 17
10 21
10 22
10 15
10 163
11 69
11 71
11 72
11 74
11 109
11 83
11 84
11 85
11 87
11 88
11 123
11 200
12 162
12 156
12 157
12 158
12 159
12 141
12 183
12 199
12 120
13 162
13 156
13 157
13 158
13 159
13 141
13 183
13 199
13 120
14 96
14 160
14 98
14 99
14 100
14 161
14 101
14 243
14 151
14 153
15 134
15 59
15 22
15 27
15 31
15 163
16 134
16 59
16 27
16 31
16 163
17 134
17 59
17 27
17 31
17 163
18 228
18 132
18 203
18 77
18 207
18 208
18 212
18 25
18 155
19 134
19 59
19 27
19 31
19 163
20 203
20 208
20 228
20 77
20 155
20 132
21 134
21 59
21 27
21 31
21 163
22 134
22 59
22 27
22 31
22 163
23 128
23 225
23 130
23 126
23 166
23 136
23 233
23 127
23 174
23 177
23 249
23 26
23 219
23 220
23 221
23 222
23 223
24 132
24 228
24 203
24 77
24 207
24 212
24 25
24 155
25 203
25 207
25 208
25 212
25 228
25 77
25 155
25 132
26 128
26 225
26 223
26 166
26 233
26 174
26 177
26 222
26 249
26 219
26 220
26 221
26 126
26 127
26 136
27 134
27 59
27 163
28 64
28 193
28 68
28 198
28 179
28 181
28 57
28 187
28 180
28 195
28 231
29 65
29 227
29 58
29 170
29 154
29 61
29 62
29 86
29 152
30 218
30 226
30 135
30 142
30 145
30 148
31 59
31 163
32 129
32 52
32 184
32 186
32 66
32 70
32 75
32 94
32 229
32 102
32 103
32 232
32 104
32 107
32 245
33 218
33 226
33 135
33 137
33 140
33 142
33 145
33 148
34 89
34 90
34 91
34 92
34 93
34 236
34 185
34 133
34 191
34 138
34 176
35 218
35 226
35 135
35 137
35 140
35 142
35 145
35 148
36 64
36 193
36 195
36 68
36 198
36 231
36 112
36 179
36 180
36 181
36 54
36 187
37 236
37 89
37 90
37 91
37 92
37 93
37 185
37 133
37 191
37 138
37 176
38 236
38 89
38 90
38 91
38 92
38 93
38 185
38 133
38 191
38 138
38 176
39 154
39 65
39 58
39 62
39 227
39 170
39 86
39 152
40 165
40 168
40 105
40 237
40 242
40 53
40 246
41 236
41 89
41 90
41 91
41 92
41 93
41 185
41 133
41 191
41 138
41 176
42 226
42 135
42 140
42 142
42 145
42 218
42 148
43 236
43 89
43 90
43 91
43 92
43 93
43 185
43 133
43 191
43 138
43 176
44 236
44 89
44 90
44 91
44 92
44 93
44 185
44 133
44 191
44 138
44 176
45 237
45 242
45 246
45 165
45 168
45 105
46 226
46 135
46 137
46 140
46 142
46 145
46 218
46 148
47 129
47 143
47 52
47 184
47 186
47 66
47 67
47 70
47 94
47 229
47 102
47 104
47 107
47 245
48 224
48 215
48 239
48 240
48 238
48 214
48 247
48 250
48 216
48 248
49 129
49 143
49 52
49 184
49 186
49 60
49 66
49 67
49 70
49 94
49 229
49 232
49 104
49 107
49 245
50 154
50 65
50 58
50 62
50 227
50 170
50 86
50 152
51 154
51 170
51 86
51 152
52 129
52 229
52 232
52 245
52 102
52 103
52 104
52 106
52 184
52 186
52 94
53 246
53 165
53 168
54 193
54 198
54 179
54 181
54 187
54 180
54 195
54 231
55 129
55 184
55 186
55 94
55 103
55 104
55 107
55 245
56 230
56 234
56 235
56 76
56 78
56 79
56 80
56 81
56 82
56 241
56 95
57 193
57 198
57 179
57 181
57 187
57 180
57 195
57 231
57 112
58 154
58 227
58 170
58 86
58 152
59 163
60 107
60 94
61 154
61 170
61 86
61 152
62 154
62 170
62 86
62 152
63 205
63 206
63 209
63 211
63 213
63 217
63 192
63 197
63 188
63 189
63 190
63 201
64 193
64 198
64 179
64 181
64 187
64 180
64 195
64 231
64 112
65 154
65 227
65 170
65 86
65 152
66 229
66 232
66 245
66 103
66 104
66 107
66 184
66 186
66 94
67 229
67 232
67 245
67 102
67 103
67 104
67 106
67 107
67 184
67 186
67 94
68 193
68 198
68 179
68 181
68 187
68 180
68 195
68 231
68 112
69 83
69 84
69 85
69 87
69 88
69 200
70 229
70 232
70 245
70 102
70 103
70 104
70 106
70 107
70 184
70 186
70 94
71 83
71 84
71 85
71 87
71 88
71 123
71 200
72 83
72 85
72 87
72 88
72 200
72 109
73 167
73 169
73 171
73 173
73 175
73 244
73 117
73 182
73 121
73 122
74 83
74 84
74 85
74 87
74 88
74 123
74 200
75 103
75 104
75 107
75 184
75 186
75 94
76 230
76 234
76 235
76 241
76 95
77 228
77 203
77 207
77 208
77 212
77 155
77 132
78 230
78 234
78 235
78 241
79 230
79 234
79 235
79 241
80 230
80 234
80 235
80 241
81 230
81 234
81 235
81 241
82 230
82 234
82 235
82 241
83 109
83 123
83 200
84 123
84 200
84 84
85 109
85 123
85 200
86 227
86 154
86 170
86 152
87 109
87 123
87 200
88 109
88 123
88 200
89 236
89 185
89 133
89 191
89 138
89 176
90 236
90 185
90 133
90 191
90 138
90 176
91 236
91 185
91 133
91 191
91 138
91 176
92 236
92 185
92 133
92 191
92 138
92 176
93 236
93 185
93 133
93 191
93 138
93 176
94 129
94 184
94 186
94 229
94 102
94 103
94 232
94 104
94 106
94 107
94 245
94 143
95 230
95 234
95 235
95 241
96 160
96 161
96 151
96 153
96 101
96 243
97 194
97 164
97 172
97 178
97 116
97 139
98 160
98 161
98 151
98 153
98 101
98 243
99 160
99 161
99 151
99 153
99 101
99 243
100 160
100 161
100 151
100 153
100 101
100 243
101 160
101 161
101 151
101 153
101 243
102 184
102 186
102 129
102 229
102 232
102 245
102 143
103 184
103 186
103 129
103 229
103 245
103 143
104 184
104 186
104 129
104 229
104 232
104 245
104 143
105 165
105 168
105 237
105 242
105 246
106 184
106 186
106 129
106 229
106 245
107 184
107 186
107 129
107 229
107 232
107 245
107 143
108 196
108 202
108 210
108 131
108 144
108 146
108 147
108 149
108 204
109 200
110 196
110 202
110 210
110 144
110 146
110 147
110 204
111 196
111 202
111 210
111 144
111 146
111 147
111 149
111 204
112 193
112 195
112 198
112 231
112 179
112 180
112 181
112 187
113 196
113 202
113 210
113 131
113 144
113 146
113 147
113 204
114 167
114 171
114 173
114 175
114 244
114 169
115 196
115 202
115 210
115 144
115 146
115 147
115 204
116 164
116 194
116 172
116 178
116 139
117 167
117 173
117 175
117 244
117 169
117 150
118 144
118 146
118 147
118 196
118 202
118 210
118 204
119 144
119 146
119 147
119 149
119 196
119 202
119 210
119 204
120 162
120 199
120 141
120 183
120 156
120 157
120 158
120 159
121 167
121 171
121 173
121 175
121 244
121 169
121 150
122 167
122 171
122 173
122 175
122 244
122 169
123 200
124 167
124 171
124 173
124 175
124 244
124 169
125 196
125 202
125 210
125 144
125 146
125 147
125 204
126 225
126 220
126 221
126 222
126 223
126 219
126 166
126 249
126 177
126 174
127 225
127 220
127 221
127 222
127 223
127 233
127 219
127 166
127 249
127 177
127 174
128 225
128 220
128 221
128 222
128 223
128 219
128 166
128 249
128 177
128 174
129 229
129 232
129 245
129 184
129 186
130 225
130 220
130 221
130 222
130 223
130 233
130 219
130 166
130 249
130 177
130 174
131 144
131 146
131 196
131 202
131 210
131 204
132 228
132 203
132 207
132 208
132 212
132 155
133 185
133 236
133 191
133 176
134 163
135 226
135 218
136 225
136 166
136 233
136 174
136 177
136 249
136 219
136 220
136 221
136 222
136 223
137 218
138 185
138 236
138 191
138 176
139 194
139 164
139 172
139 178
140 218
141 162
141 156
141 157
141 158
141 159
141 183
141 199
142 218
143 184
143 186
143 245
144 196
144 202
144 210
144 204
145 226
145 218
146 196
146 202
146 210
146 204
147 196
147 202
147 210
147 204
148 226
148 218
149 196
149 202
149 210
149 204
150 167
150 169
150 171
150 173
150 175
150 182
151 243
152 227
153 243
154 227
155 228
155 203
155 207
155 208
155 212
156 183
156 199
157 183
157 199
158 183
158 199
159 183
159 199
160 243
161 243
162 183
162 199
164 178
164 194
165 237
165 242
165 246
166 225
166 223
166 233
166 222
166 219
166 220
166 221
166 249
166 177
167 182
167 244
168 237
168 242
168 246
169 244
169 182
170 227
171 182
171 244
172 178
172 194
173 182
173 244
174 225
174 223
174 233
174 177
174 222
174 249
174 219
174 220
174 221
175 182
175 244
176 236
177 225
177 223
177 233
177 222
177 249
177 219
177 220
177 221
179 231
180 231
181 231
182 244
184 229
184 232
184 245
185 236
186 229
186 232
186 245
188 206
188 209
188 211
188 217
188 201
189 205
189 206
189 209
189 211
189 213
189 217
189 201
190 205
190 206
190 209
190 211
190 213
190 217
190 201
191 236
192 205
192 206
192 209
192 211
192 213
192 217
192 201
195 231
197 205
197 206
197 209
197 211
197 213
197 217
197 201
203 228
207 228
208 228
212 228
214 239
214 240
214 238
214 247
214 250
214 248
215 239
215 240
215 238
215 247
215 250
215 248
216 239
216 240
216 238
216 247
216 250
216 248
218 226
219 233
219 249
220 233
220 249
221 233
221 249
222 233
222 249
223 233
223 249
224 239
224 240
224 238
224 247
224 250
224 248
225 233
225 249
