heur004_n_140_m_3014
1 100
1 9
1 113
1 84
1 67
2 64
2 57
2 62
2 74
2 68
2 124
2 97
2 105
2 61
3 33
3 34
3 134
3 39
3 73
3 41
3 44
3 111
3 31
3 76
3 132
3 38
4 128
4 32
4 35
4 123
4 45
4 27
4 28
4 30
4 94
4 40
5 33
5 34
5 39
5 73
5 75
5 44
5 111
5 22
5 76
5 38
6 96
6 129
6 130
6 133
6 46
6 47
6 49
6 50
6 51
6 53
6 92
6 89
6 90
6 99
7 72
7 108
7 79
7 81
7 82
7 83
7 85
7 87
7 55
7 88
7 86
7 78
8 80
8 84
8 77
8 69
8 100
8 113
8 67
9 84
9 77
9 69
9 100
9 113
9 67
10 80
10 84
10 77
10 69
10 100
10 113
10 67
11 32
11 35
11 27
11 40
11 45
11 94
11 123
11 28
11 30
12 103
12 107
12 98
12 65
12 58
12 36
12 112
12 42
13 70
13 110
13 120
13 121
13 63
13 102
13 60
13 93
13 26
13 52
14 103
14 107
14 98
14 65
14 58
14 36
14 112
14 42
15 110
15 120
15 121
15 59
15 17
15 102
15 60
15 93
15 26
15 52
16 96
16 129
16 130
16 19
16 46
16 47
16 48
16 49
16 50
16 51
16 53
16 56
16 92
16 89
16 90
16 99
16 125
17 110
17 120
17 121
17 59
17 102
17 60
17 66
17 93
17 26
17 52
18 33
18 34
18 39
18 73
18 31
18 134
18 44
18 111
18 75
18 41
18 76
18 132
18 38
19 130
19 46
19 48
19 49
19 50
19 53
19 56
19 92
19 89
19 90
19 99
20 103
20 107
20 98
20 65
20 58
20 36
20 112
20 42
21 129
21 46
21 50
21 51
21 53
21 92
21 89
21 90
21 99
21 125
22 34
22 71
22 73
22 31
22 134
22 111
22 75
22 41
22 76
22 132
22 38
23 37
23 101
23 138
23 114
23 115
23 116
23 117
23 118
23 119
23 122
23 91
23 95
23 131
23 137
24 34
24 134
24 71
24 73
24 41
24 75
24 76
24 111
24 31
24 132
24 38
25 69
25 80
25 84
25 113
25 67
26 66
26 102
26 110
26 120
26 121
26 59
26 60
26 63
27 128
27 45
27 123
27 94
28 128
28 123
29 135
29 104
29 106
29 136
29 139
29 140
29 109
29 54
29 127
29 126
30 128
30 123
30 94
31 71
31 73
31 134
31 75
31 41
31 76
32 128
32 45
32 123
32 94
33 73
33 134
33 111
33 75
33 41
33 76
33 132
34 73
34 134
34 111
34 75
34 41
34 76
34 132
35 128
35 123
35 94
36 98
36 65
36 103
36 107
36 58
36 112
36 42
37 101
37 114
37 115
37 117
37 118
37 119
37 91
37 95
37 138
37 131
37 137
38 132
38 134
38 41
38 73
38 75
38 76
38 111
39 134
39 111
39 75
39 41
39 76
39 132
40 128
40 45
40 94
40 123
41 134
41 71
41 111
41 76
41 132
42 65
42 103
42 107
42 112
42 58
43 135
43 104
43 106
43 136
43 139
43 140
43 109
43 54
43 127
43 126
44 134
44 71
44 73
44 111
44 132
45 128
45 123
46 96
46 129
46 130
46 133
46 99
46 125
47 56
47 96
47 129
47 130
47 133
47 90
47 99
47 125
48 53
48 96
48 129
48 130
48 133
48 89
48 90
48 99
48 125
49 96
49 129
49 130
49 133
49 90
49 99
49 125
50 96
50 129
50 130
50 133
50 90
50 99
50 125
51 96
51 129
51 130
51 133
51 89
51 99
51 125
52 66
52 110
52 120
52 121
52 59
52 60
52 63
53 129
53 130
53 133
53 125
54 135
54 104
54 106
54 136
54 139
54 140
54 127
54 126
55 72
55 108
56 96
56 129
56 130
56 133
56 125
57 74
57 124
57 61
58 98
58 65
58 112
59 110
59 120
59 121
59 102
60 70
60 110
60 120
60 121
61 97
61 74
61 124
62 74
62 124
62 97
62 105
63 110
63 120
63 121
63 102
64 74
64 124
64 105
65 103
66 70
66 102
66 110
66 120
66 121
67 69
67 77
67 80
67 84
68 74
68 124
68 97
68 105
69 100
69 113
70 110
70 120
70 121
70 102
70 93
71 134
71 132
73 134
73 132
74 97
74 105
75 134
75 111
75 132
76 134
76 132
77 100
77 113
80 100
80 113
82 108
84 100
84 113
89 125
90 129
90 130
90 133
90 125
91 114
91 115
91 117
91 118
91 119
91 116
91 137
92 129
92 130
92 133
92 125
93 110
93 120
93 121
95 114
95 115
95 117
95 118
95 119
95 116
97 124
98 107
99 133
101 114
101 115
101 117
101 118
101 119
101 116
101 138
101 137
102 110
102 120
102 121
103 112
104 135
104 136
104 139
104 109
104 127
104 126
106 136
106 139
106 140
106 109
106 127
106 126
109 135
109 136
109 139
109 140
109 127
109 126
111 134
111 132
114 122
114 131
114 137
115 138
115 122
115 131
115 137
116 138
116 122
116 131
116 137
117 138
117 122
117 131
117 137
118 138
118 122
118 131
118 137
119 138
119 131
119 137
