heur022_n_322_m_14226
1 231
1 238
2 225
2 147
2 196
4 157
6 55
6 82
6 297
6 265
8 275
8 75
8 87
8 191
9 106
11 141
11 151
14 301
14 298
14 47
14 56
14 254
16 217
16 293
18 128
18 80
19 129
19 218
19 182
19 190
19 95
20 222
20 183
22 192
22 287
23 100
23 66
26 318
29 51
29 312
30 120
33 41
33 223
34 226
34 52
35 141
36 219
40 212
40 105
40 261
41 223
43 76
43 320
43 171
45 72
45 266
47 56
47 254
47 109
47 99
47 301
51 91
52 226
53 307
54 178
55 82
55 297
55 265
56 298
56 109
56 99
56 301
58 239
61 165
63 262
64 269
66 290
66 250
67 209
67 81
67 211
69 133
70 112
71 295
71 246
71 267
72 210
72 266
73 259
73 296
73 270
74 284
75 191
75 275
75 87
76 145
76 320
76 171
77 113
79 126
80 128
80 187
81 211
81 209
82 297
82 265
83 302
85 170
85 94
87 275
87 191
88 311
88 159
91 312
92 154
94 170
95 314
95 190
95 182
95 129
95 218
97 192
97 287
99 301
99 298
99 109
99 254
100 181
101 273
101 189
103 179
104 281
105 212
109 298
109 254
109 301
111 205
113 185
113 310
115 308
116 271
118 155
118 140
118 143
123 199
125 165
127 135
128 187
128 142
128 247
129 218
129 314
129 182
129 190
130 289
130 158
131 319
132 174
133 272
134 136
135 216
137 278
139 207
140 155
140 143
140 284
141 151
142 187
143 284
145 171
147 196
153 270
153 296
153 259
155 284
156 303
158 289
158 255
159 175
159 311
159 234
161 207
163 278
164 271
166 317
166 229
167 267
169 315
171 320
175 311
175 234
176 322
176 220
176 233
177 256
177 252
180 237
180 239
181 290
182 190
182 314
182 218
183 222
185 310
187 247
189 273
190 314
190 218
192 287
196 225
203 279
204 309
209 211
217 276
218 314
220 244
220 268
221 242
228 316
229 317
233 322
233 268
233 244
234 311
239 245
241 267
244 322
249 251
250 290
252 256
254 298
254 301
255 289
259 270
260 302
263 309
265 297
267 295
268 322
270 296
282 305
298 301
