heur027_n_330_m_2256
1 72
1 158
2 64
2 320
2 329
2 78
2 280
2 58
3 66
4 154
4 102
4 142
4 238
6 117
7 149
8 102
8 142
8 238
8 154
9 273
9 275
11 147
12 282
12 60
12 55
13 24
13 222
13 106
14 134
14 191
14 287
14 135
15 274
16 126
16 209
17 47
18 171
20 83
20 284
22 264
23 183
24 222
24 106
25 139
25 226
26 178
28 131
28 150
28 159
29 188
29 321
29 57
29 326
29 255
31 211
31 208
31 224
31 305
31 271
32 290
34 98
34 109
35 219
35 48
35 317
36 238
36 142
36 102
36 154
37 178
39 186
39 215
41 181
41 309
41 59
42 330
42 236
43 152
44 278
45 192
46 179
46 279
48 317
48 219
49 304
49 63
49 176
49 313
50 251
50 241
50 86
51 294
51 328
54 240
55 60
55 282
56 125
57 255
57 321
57 326
57 188
58 64
58 320
58 329
58 78
58 280
59 309
59 181
60 282
61 315
62 89
62 232
63 304
63 176
63 313
64 329
64 78
64 320
64 280
67 132
68 319
72 158
73 206
74 114
75 295
76 128
76 144
77 217
78 329
78 320
78 280
79 145
80 95
82 316
83 284
84 189
84 124
85 324
86 241
86 251
87 198
89 232
90 138
91 281
92 113
93 148
93 101
94 172
94 247
96 297
96 260
96 213
97 229
98 109
99 269
99 167
100 190
101 148
102 238
102 154
103 237
105 291
105 177
106 222
107 246
107 298
107 228
108 242
108 239
110 233
110 119
112 270
115 162
115 258
115 307
115 285
118 187
118 286
119 233
121 168
121 136
121 195
122 254
123 306
123 230
124 189
126 209
128 144
129 276
130 268
130 265
131 150
131 159
133 196
134 191
134 287
135 191
135 287
136 195
136 168
137 163
137 180
139 226
140 249
142 238
142 154
143 252
143 204
146 257
150 159
154 238
157 169
157 300
157 259
160 248
162 258
162 307
162 285
163 180
164 173
166 299
167 269
168 195
169 300
169 259
172 247
175 253
176 304
176 313
177 291
179 279
181 309
186 215
187 286
188 321
188 326
188 255
191 287
193 263
193 288
197 205
197 310
197 203
199 325
200 308
200 318
201 302
202 235
202 221
202 283
203 205
203 310
204 252
205 310
208 211
208 224
208 305
208 271
211 224
211 305
211 271
213 297
213 260
219 317
221 235
221 244
221 283
223 327
224 271
224 305
225 277
225 323
228 298
228 246
230 306
231 267
235 244
235 283
236 330
241 251
246 298
255 321
255 326
256 312
258 285
258 307
260 297
263 288
266 322
271 305
277 323
280 329
285 307
294 328
304 313
308 318
320 329
321 326
