heur024_n_329_m_27115
1 113
1 27
1 21
1 79
2 126
2 167
2 74
2 267
3 228
3 39
4 27
4 79
5 111
5 109
5 214
5 199
5 65
5 133
5 10
5 266
5 54
5 56
5 249
5 122
5 59
6 77
6 45
6 26
7 230
7 299
7 203
7 269
7 31
7 234
7 181
8 289
9 188
9 165
10 56
10 54
10 249
10 65
10 266
10 59
10 199
10 109
10 214
11 185
11 204
12 236
12 231
12 164
12 207
12 291
12 294
12 244
12 170
12 140
12 44
12 242
12 149
12 117
13 161
14 136
14 17
14 96
14 141
14 324
14 328
14 158
15 325
15 169
15 156
15 159
16 138
17 96
17 152
17 324
17 328
17 303
17 239
17 314
17 158
18 138
18 173
18 302
19 216
19 222
19 311
20 216
20 222
20 311
21 79
22 26
22 110
22 66
22 105
22 77
22 45
23 237
23 189
24 160
24 284
24 80
25 305
25 275
25 115
26 235
26 110
26 66
26 69
26 105
26 77
26 45
26 51
27 145
27 79
28 160
28 284
28 80
29 81
29 189
30 80
30 160
30 284
30 184
31 230
31 299
31 290
31 203
31 269
31 40
31 234
31 181
31 285
31 223
32 237
32 189
33 248
33 179
33 197
33 139
34 284
34 80
35 322
35 243
35 246
35 282
35 155
35 287
35 195
35 292
35 198
35 71
35 137
35 187
35 61
36 224
36 216
36 222
36 311
38 160
38 184
38 284
38 80
39 178
39 228
39 166
39 260
39 41
39 42
39 46
39 250
40 230
41 228
41 211
42 228
42 166
42 211
43 305
43 275
43 115
44 170
44 242
44 140
44 294
44 207
45 66
45 51
45 69
45 77
45 105
45 235
45 110
46 228
47 165
47 188
48 188
49 176
49 253
49 175
49 218
49 114
50 160
50 284
51 77
52 297
52 116
52 327
53 250
53 228
54 122
54 133
56 122
56 133
56 199
57 160
57 284
57 184
57 80
58 305
58 275
58 115
58 157
58 319
59 133
59 122
59 199
60 296
60 121
60 150
60 143
61 187
61 195
61 130
62 216
62 311
63 296
63 121
63 150
64 156
64 159
65 133
65 122
65 199
66 69
66 77
66 105
66 235
66 110
67 138
68 138
68 173
68 254
69 77
70 232
70 148
71 187
71 195
71 198
71 130
72 280
72 132
72 247
72 252
72 318
72 172
72 317
72 95
73 128
73 225
73 258
74 126
74 167
74 267
75 200
75 201
75 128
75 225
75 258
76 163
76 196
76 208
76 212
76 278
76 255
77 105
77 110
78 312
79 145
79 113
80 306
80 301
80 160
80 210
80 284
80 184
81 257
81 237
81 245
81 189
83 132
83 252
83 318
83 172
83 95
84 165
84 188
85 297
86 183
87 183
88 295
88 274
89 288
89 107
89 295
89 274
89 131
89 134
90 192
90 232
90 148
90 124
91 144
91 261
92 189
93 175
93 176
93 114
93 218
93 253
94 144
94 261
95 317
95 132
95 264
95 172
95 247
95 280
95 252
95 318
95 271
96 152
96 141
96 136
96 324
96 328
96 303
96 240
96 239
96 314
96 158
97 216
97 222
97 311
98 156
98 159
99 144
99 261
100 305
100 275
100 115
100 319
101 289
102 120
102 118
103 218
103 175
103 176
103 253
104 183
107 274
108 176
108 253
108 175
109 199
109 133
109 122
111 133
112 128
112 225
114 218
114 175
114 176
114 253
115 270
115 304
115 305
115 300
115 157
115 319
115 135
115 202
115 147
116 297
116 251
116 272
116 168
116 154
116 191
117 170
117 140
117 242
118 206
119 297
119 251
119 272
119 154
119 191
120 206
121 296
121 323
121 308
121 182
121 150
121 143
122 249
122 266
122 133
122 199
122 214
124 148
124 321
124 329
124 273
124 192
124 186
124 315
125 188
126 267
127 296
127 150
128 309
128 258
128 200
128 201
128 209
128 180
128 316
129 213
129 312
130 282
130 287
130 243
130 246
130 322
130 155
130 195
130 292
130 198
130 137
130 187
131 274
132 264
132 280
132 247
132 252
132 318
132 172
132 317
132 271
133 266
133 249
133 199
133 214
135 305
135 275
136 152
136 324
136 328
137 187
137 195
137 243
137 287
138 217
138 173
138 293
138 298
138 302
138 281
138 254
140 170
140 242
140 149
140 291
140 164
140 294
140 231
140 236
140 207
140 244
141 324
141 328
141 239
141 314
141 158
142 188
143 323
143 296
144 229
144 261
146 312
147 202
147 305
147 275
147 157
148 232
148 321
148 329
148 192
148 186
148 315
149 242
150 193
150 323
150 296
150 308
151 176
151 253
151 175
152 324
152 328
152 158
153 283
153 171
154 272
154 251
155 195
155 198
155 187
156 320
156 325
156 169
156 215
157 300
157 319
157 304
157 305
157 275
157 202
158 314
158 240
158 328
158 324
159 320
159 325
159 169
159 215
160 301
162 311
163 208
163 212
163 278
163 255
164 170
164 242
165 188
165 221
165 190
166 228
166 250
167 267
170 242
170 294
170 231
170 207
171 177
171 174
171 194
172 264
172 280
172 317
172 271
173 302
173 281
174 283
175 218
176 218
177 283
178 211
178 228
180 225
180 258
181 285
182 296
183 219
186 232
187 292
187 198
187 322
187 243
187 246
187 282
187 287
188 277
188 310
188 221
188 190
189 257
189 237
191 297
191 272
192 315
192 232
192 329
194 283
195 292
195 198
195 322
195 243
195 246
195 282
195 287
196 208
196 212
196 278
196 255
197 248
198 322
198 243
198 282
198 287
199 214
199 249
200 225
201 225
201 258
201 316
202 305
202 275
203 230
203 234
203 285
205 312
207 294
207 242
209 225
211 228
211 260
211 250
213 312
216 220
216 222
216 311
218 253
220 311
222 311
222 224
222 313
223 230
224 311
225 309
225 258
225 316
226 312
227 289
228 260
228 250
229 261
230 299
230 290
230 269
230 234
230 285
231 242
232 321
232 329
232 273
232 315
233 259
233 289
234 285
234 269
237 257
238 289
239 328
239 324
240 328
242 291
242 294
243 287
247 252
247 318
251 297
251 279
251 327
252 264
252 280
252 317
252 271
254 281
254 302
259 289
263 289
264 318
265 289
269 285
270 275
270 305
271 318
272 279
273 315
274 288
274 295
275 304
275 305
275 300
275 319
276 289
280 318
284 301
284 306
285 299
289 326
296 323
296 308
300 305
305 319
311 313
317 318
