heur039_n_361_m_13593
1 98
1 227
1 4
1 41
1 48
1 340
1 240
1 223
1 307
2 219
2 244
2 259
2 168
2 232
2 242
2 246
2 218
2 99
2 111
2 162
3 263
3 128
3 108
3 300
3 215
3 282
3 127
3 63
3 255
3 225
4 227
4 41
4 233
4 340
4 91
4 16
4 240
4 237
4 223
4 307
5 226
5 291
5 164
5 166
5 337
5 147
5 184
5 315
5 156
5 152
5 159
6 250
6 243
6 81
6 45
6 54
6 228
6 43
6 236
6 46
6 21
6 247
6 28
6 87
7 202
7 220
7 299
7 292
7 100
7 47
7 84
7 24
7 155
7 319
7 153
7 212
8 33
8 161
8 323
8 105
8 80
8 116
8 308
8 311
8 30
8 69
8 280
9 262
9 149
9 285
9 72
9 53
9 234
9 189
9 187
9 124
9 317
9 222
10 96
10 67
10 294
10 136
10 204
10 13
10 114
10 306
11 15
11 304
11 338
11 288
11 324
11 293
11 51
11 86
11 56
11 25
11 90
11 88
11 57
11 361
11 194
12 186
12 68
12 326
12 289
12 314
12 192
12 131
12 52
12 353
13 114
13 36
13 306
13 294
13 208
13 204
13 359
14 360
14 302
14 206
14 265
15 37
15 143
15 338
15 288
15 324
15 51
15 86
15 57
15 279
15 361
15 194
16 98
16 41
16 48
16 340
16 240
16 237
16 223
16 307
17 186
17 68
17 326
17 289
17 314
17 192
17 131
17 52
17 353
18 109
18 264
18 64
18 312
18 60
18 216
18 296
18 309
18 213
19 263
19 128
19 108
19 300
19 215
19 282
19 127
19 63
19 255
19 225
20 66
20 163
20 58
20 39
20 199
20 74
20 266
20 106
20 333
20 77
20 335
20 82
20 61
20 93
20 154
20 125
20 134
21 228
21 43
21 45
21 81
21 54
22 186
22 68
22 326
22 289
22 314
22 192
22 131
22 52
22 353
23 357
23 342
23 185
23 180
23 198
23 210
23 211
23 160
23 322
23 137
23 330
23 148
23 150
23 318
23 287
24 84
24 292
24 202
24 299
24 220
24 319
24 153
24 212
25 57
25 51
25 37
25 143
25 338
25 279
25 361
26 350
26 34
26 201
26 272
26 126
26 165
26 327
26 140
26 239
26 178
26 191
26 59
27 176
27 274
27 251
27 360
27 302
27 206
27 265
28 228
28 236
28 43
28 45
28 81
28 54
29 350
29 34
29 272
29 126
29 327
29 140
29 239
29 178
29 191
29 59
30 323
30 308
30 311
30 33
30 161
30 105
30 35
30 183
30 69
31 263
31 128
31 108
31 300
31 215
31 282
31 127
31 63
31 255
31 225
32 273
32 271
32 95
32 170
32 97
33 105
33 323
33 80
33 116
33 308
33 311
33 35
33 183
33 69
33 280
34 201
34 344
34 165
34 327
34 140
34 178
34 59
35 161
35 323
35 105
35 80
35 116
35 308
35 311
35 69
35 280
36 96
36 67
36 136
36 114
36 306
36 294
36 208
36 204
37 304
37 338
37 288
37 324
37 293
37 51
37 86
37 56
37 90
37 88
37 57
37 361
37 194
38 157
38 173
38 121
38 122
38 286
38 217
38 115
38 261
39 266
39 154
39 125
39 333
39 93
39 335
39 66
39 199
39 77
39 82
39 58
39 61
39 163
39 134
40 188
40 71
40 104
40 75
40 321
40 290
40 310
40 245
40 332
41 233
41 227
41 340
41 91
41 240
41 237
41 223
41 307
42 275
42 190
42 167
42 336
42 169
42 339
42 103
42 297
42 101
42 94
42 44
42 334
43 228
43 46
43 247
43 45
43 81
43 243
43 54
44 101
44 167
44 103
44 169
44 297
44 336
44 146
44 275
44 339
44 55
44 94
44 190
44 334
45 250
45 243
45 228
45 236
45 46
45 247
45 87
46 81
46 54
47 84
47 292
47 202
47 299
47 220
47 319
47 153
47 212
48 233
48 227
48 340
48 91
48 240
48 237
48 223
48 307
49 79
49 176
49 274
49 251
49 360
49 302
49 206
49 265
50 209
50 203
50 214
50 141
50 85
50 352
50 341
50 120
50 123
50 257
50 254
51 57
51 56
51 88
51 90
51 86
51 288
51 324
51 293
51 143
51 279
51 361
51 194
52 192
52 131
52 68
52 326
52 314
52 186
53 262
53 149
53 285
53 234
53 189
53 124
53 317
53 222
54 250
54 243
54 228
54 236
54 247
54 87
55 275
55 190
55 167
55 336
55 169
55 339
55 103
55 297
55 101
55 94
56 57
56 143
56 279
56 361
57 88
57 90
57 86
57 288
57 324
57 293
57 304
57 143
57 338
57 279
57 361
57 194
58 199
58 74
58 106
58 125
58 163
59 126
59 165
59 327
59 201
59 140
59 239
59 272
59 178
59 344
59 350
59 191
60 64
60 312
60 216
60 264
60 109
60 117
60 89
60 296
60 309
60 213
61 199
61 74
61 106
61 163
62 271
62 273
62 95
63 128
63 255
63 127
63 263
63 225
64 264
64 109
64 117
64 89
64 296
64 213
65 274
65 360
65 302
65 206
65 265
66 199
66 74
66 106
66 154
66 125
66 163
67 114
67 306
67 294
67 208
67 204
67 359
68 289
68 314
68 192
68 353
69 161
69 105
69 80
69 116
69 183
69 311
69 280
70 112
70 142
70 130
70 200
70 107
70 268
70 277
70 182
70 346
71 284
71 104
71 75
71 331
71 188
71 321
71 290
71 310
71 245
71 332
72 262
72 149
72 285
72 234
72 124
72 317
72 222
73 356
73 358
73 295
73 283
73 345
73 347
73 298
73 355
73 224
73 320
73 258
73 193
73 129
73 135
73 172
73 118
73 119
73 221
74 266
74 154
74 125
74 333
74 93
74 335
74 199
74 77
74 82
74 163
74 134
75 284
75 331
75 321
75 290
75 310
75 332
76 305
76 92
76 112
76 142
76 130
76 200
76 107
76 268
76 277
76 182
76 346
77 82
77 199
77 266
77 106
77 335
77 163
77 134
78 200
78 346
78 268
78 130
78 107
78 277
78 182
78 142
78 112
79 274
79 360
79 302
79 206
79 265
80 323
80 308
80 311
80 161
80 105
80 183
81 250
81 243
81 228
81 236
81 247
81 87
82 199
82 106
82 154
82 125
82 163
83 271
83 207
83 273
83 177
83 95
84 155
84 100
84 292
84 202
84 299
84 220
84 319
84 153
84 212
85 139
85 141
85 209
85 214
85 341
85 123
85 254
86 324
86 304
86 143
86 338
86 279
86 361
88 143
88 338
88 279
88 361
89 117
89 109
89 264
89 312
89 216
89 296
89 309
89 213
90 143
90 338
90 279
90 361
90 194
91 98
91 227
91 340
91 307
92 305
92 112
92 142
92 130
92 200
92 107
92 268
92 277
92 182
92 346
93 106
93 199
93 163
94 146
94 334
95 197
95 170
95 207
95 177
95 151
95 158
95 97
96 114
96 306
96 294
96 208
96 204
96 359
97 197
97 170
97 271
97 207
97 273
97 177
98 233
98 227
98 340
98 240
98 237
98 223
98 307
99 259
99 168
99 244
99 218
99 162
100 292
100 202
100 299
100 220
100 319
100 153
100 212
101 146
101 334
102 354
102 260
102 230
102 144
102 175
102 267
102 301
102 241
103 146
103 297
103 334
104 284
104 331
104 188
104 321
104 290
104 310
104 332
105 161
105 323
105 116
105 311
105 183
105 280
106 266
106 154
106 125
106 333
106 335
106 199
106 163
106 134
107 249
107 200
107 346
107 268
107 277
107 182
107 328
107 329
107 305
107 343
107 248
108 300
108 225
109 264
109 312
109 216
109 296
109 309
110 256
110 278
110 303
110 196
110 270
110 349
110 269
111 259
111 168
111 244
111 218
111 162
112 328
112 329
112 305
112 343
112 248
112 200
112 268
112 277
112 182
112 249
112 346
113 171
113 181
113 195
113 133
113 229
113 231
113 138
113 235
113 205
113 281
114 136
114 306
114 294
114 204
114 359
115 261
115 174
115 238
115 217
115 173
115 121
115 122
115 157
115 286
116 323
116 308
116 311
116 161
116 183
117 264
117 312
117 216
117 296
117 309
117 213
118 224
118 320
118 258
118 135
118 172
118 221
118 129
118 355
118 356
118 295
118 298
118 347
118 283
119 172
119 221
119 135
119 224
119 258
119 320
119 193
119 129
119 355
119 356
119 358
119 295
119 298
119 347
119 345
119 283
120 139
120 141
121 286
121 217
121 261
121 174
121 238
122 286
122 217
122 261
122 174
122 238
123 352
123 139
123 203
123 141
123 209
123 214
123 254
124 187
124 189
124 222
124 262
124 149
124 285
125 333
125 266
125 335
125 199
125 163
125 134
126 272
126 201
126 344
126 165
126 327
126 140
126 178
127 282
127 300
127 225
128 282
128 300
128 225
129 258
129 193
129 135
129 172
129 221
129 355
129 358
129 298
129 347
129 345
130 249
130 200
130 346
130 268
130 277
130 182
130 328
130 329
130 305
130 343
130 248
131 289
131 314
131 353
132 256
132 276
132 278
132 303
132 270
132 349
132 269
133 281
133 235
133 229
133 231
133 195
133 171
133 179
133 181
134 163
134 199
134 154
134 335
135 224
135 258
135 320
135 193
135 356
135 358
135 295
135 347
135 345
135 283
136 306
136 294
136 208
136 204
136 359
137 160
137 330
137 211
137 185
138 281
138 235
138 229
138 231
138 195
138 171
138 179
138 181
139 209
139 203
139 214
139 141
139 352
139 341
139 257
139 254
140 191
140 165
140 239
140 201
140 272
140 344
140 350
141 203
141 209
141 214
141 352
141 341
141 257
141 254
142 328
142 329
142 305
142 343
142 248
142 200
142 268
142 277
142 182
142 249
142 346
143 304
143 338
143 288
143 324
143 293
143 361
143 194
144 354
144 260
144 325
144 230
144 145
144 313
144 316
144 267
144 301
144 241
145 354
145 260
145 230
145 175
145 267
145 301
145 241
146 275
146 190
146 167
146 336
146 169
146 339
146 297
147 226
147 184
147 337
147 315
148 160
148 322
148 318
148 330
148 357
148 210
148 211
148 342
148 185
149 285
149 262
149 234
149 189
149 187
149 317
149 222
150 160
150 330
150 357
150 210
150 211
150 185
151 273
151 271
152 166
152 226
152 184
152 337
152 291
152 315
153 292
153 202
153 299
153 155
153 220
153 319
153 212
154 333
154 266
154 335
154 199
154 163
155 292
155 202
155 299
155 220
155 319
155 212
156 226
156 184
157 286
157 217
157 261
157 174
157 238
158 273
158 271
159 226
159 184
160 322
160 318
160 287
160 330
160 357
160 198
160 210
160 211
160 180
160 342
160 185
161 323
161 308
161 311
161 183
161 280
162 259
162 232
162 242
162 244
162 246
162 218
162 219
163 199
163 266
163 333
163 335
164 226
164 184
164 337
164 315
165 239
165 191
165 178
165 327
165 272
165 350
166 226
166 184
167 297
167 334
168 259
168 232
168 218
168 242
168 246
168 219
168 244
169 297
169 334
170 177
170 207
170 273
170 271
171 179
171 229
171 205
172 224
172 258
172 320
172 193
172 355
172 356
172 358
172 295
172 298
172 347
172 345
172 283
173 286
173 217
173 261
173 174
173 238
174 217
174 286
175 354
175 260
175 325
175 230
175 313
175 316
175 267
175 301
175 241
176 274
176 251
176 253
176 360
176 302
176 348
176 206
176 265
177 273
177 271
178 191
178 239
178 201
178 272
178 344
178 350
179 181
179 195
179 229
179 231
179 235
179 205
179 281
180 185
180 357
180 330
181 229
181 205
181 281
182 277
182 249
182 328
182 329
182 305
182 343
182 248
183 323
183 308
183 311
183 280
184 226
184 337
184 291
184 315
185 198
185 357
185 342
185 210
185 211
185 322
185 330
185 318
185 287
186 289
186 314
186 192
186 353
187 234
187 317
187 222
187 262
187 285
188 331
188 284
188 321
188 290
188 310
188 332
189 234
189 317
189 222
189 262
189 285
190 297
190 334
191 327
191 201
191 272
191 344
192 289
192 326
192 314
192 353
193 224
193 320
193 258
193 221
193 355
193 356
193 358
193 295
193 298
193 347
193 345
193 283
194 288
194 324
194 361
194 338
194 279
195 229
195 205
195 281
196 252
196 270
196 256
196 303
196 278
196 349
196 269
197 273
197 271
198 357
198 330
199 266
199 333
199 335
200 249
200 277
200 328
200 329
200 305
200 343
200 248
201 272
201 350
201 327
201 239
202 299
202 292
202 319
202 212
203 341
204 359
204 294
204 306
205 281
205 235
205 229
205 231
206 274
206 251
206 348
206 253
206 265
207 273
207 271
208 294
208 306
209 341
210 357
210 322
210 330
210 318
211 357
211 322
211 330
211 318
212 319
213 309
213 264
213 296
213 312
213 216
214 352
214 341
214 257
215 225
216 264
216 296
216 309
217 286
217 261
217 238
218 242
218 246
218 259
218 219
218 244
219 244
219 259
220 319
221 224
221 258
221 320
221 356
221 358
221 295
221 347
221 345
221 283
222 234
222 317
222 262
223 227
223 340
223 307
224 355
224 358
224 298
224 347
224 345
224 283
225 255
225 263
225 300
225 282
226 337
226 291
226 315
227 240
227 237
227 307
228 243
229 281
229 235
229 231
230 325
230 313
230 316
230 267
230 301
230 241
232 259
232 244
234 262
234 285
237 340
237 307
238 286
239 327
239 272
239 344
240 340
240 307
241 354
241 260
241 325
241 301
241 313
241 316
242 259
242 244
244 259
244 246
245 321
245 290
245 331
245 284
245 310
246 259
248 329
248 268
248 277
248 346
249 346
249 268
249 277
249 329
251 360
251 302
251 265
252 270
252 303
252 278
252 349
252 269
253 360
253 302
253 265
254 257
254 341
255 263
256 278
256 270
256 349
256 269
257 341
258 355
258 356
258 358
258 295
258 298
258 347
258 345
258 283
260 325
260 313
260 316
260 267
260 301
261 286
262 317
263 300
263 282
264 312
264 296
265 360
265 274
265 302
265 348
267 354
267 325
267 313
267 316
267 301
268 277
268 328
268 329
268 305
268 343
269 351
269 303
269 276
270 303
270 276
270 278
270 349
270 351
272 350
272 344
272 327
274 360
274 302
275 297
275 334
276 278
276 349
277 346
277 328
277 329
277 305
277 343
278 303
278 351
279 288
279 324
279 293
279 304
279 338
279 361
280 323
280 308
280 311
283 345
283 347
283 358
283 298
283 355
283 320
284 331
284 321
284 290
284 310
284 332
285 317
287 330
288 338
288 361
289 326
290 331
290 332
292 319
293 304
293 338
293 361
294 306
294 359
295 345
295 347
295 358
295 298
295 355
296 312
296 309
297 339
297 334
298 356
298 358
298 347
298 345
298 320
299 319
301 354
301 325
301 313
301 316
302 348
303 349
303 351
304 361
305 328
305 329
305 346
307 340
309 312
310 331
310 332
313 354
314 326
314 353
316 354
318 330
318 357
320 355
320 358
320 347
320 345
321 331
321 332
322 330
322 357
324 338
324 361
325 354
326 353
327 344
327 350
328 346
329 346
330 357
330 342
331 332
334 336
334 339
338 361
341 352
343 346
344 350
345 358
345 356
345 355
347 358
347 356
347 355
348 360
349 351
355 356
355 358
356 358
