heur050_n_300_m_19207
1 68
3 282
3 47
5 159
6 67
6 173
7 165
8 120
9 199
9 108
9 151
11 45
13 258
13 116
13 68
14 56
17 50
17 94
17 295
17 107
17 250
20 113
21 83
23 282
23 47
24 85
24 117
24 80
26 45
26 164
27 45
29 84
30 92
31 115
33 148
33 265
35 96
36 81
36 53
36 150
36 86
38 200
38 161
38 265
39 68
43 122
43 130
45 164
46 120
47 282
47 208
48 134
48 202
48 193
48 284
48 189
50 257
50 94
50 295
50 107
52 286
53 133
53 105
53 194
53 179
54 188
55 188
56 129
56 290
56 174
56 82
56 118
58 277
63 240
63 279
65 205
66 176
67 173
67 196
70 186
70 274
70 299
70 141
73 125
73 159
74 125
74 159
76 276
76 233
76 172
77 299
77 141
77 274
77 186
80 112
80 229
80 209
80 117
80 85
81 133
81 105
81 194
81 179
82 118
82 290
82 129
82 174
83 271
84 210
84 244
84 93
85 117
85 144
85 112
85 229
86 194
86 133
86 105
86 179
87 288
88 180
89 212
90 231
91 187
91 267
93 244
93 190
93 210
94 295
95 218
95 228
98 166
98 158
98 183
99 223
102 291
103 110
105 150
105 179
106 235
107 295
108 151
108 195
108 199
108 234
108 207
109 254
111 137
112 229
112 144
113 259
114 281
114 217
116 258
117 144
117 229
118 290
119 154
119 163
119 297
121 242
121 261
125 159
126 283
126 171
127 267
127 187
128 261
129 290
132 225
132 245
141 274
143 264
143 273
143 253
143 247
144 229
144 209
145 220
148 265
149 239
151 234
151 207
152 241
152 255
160 219
161 265
162 278
162 293
163 297
168 292
171 283
177 206
181 280
186 274
187 267
189 284
189 202
192 278
195 207
198 236
199 234
199 207
200 265
201 266
208 282
217 281
227 262
231 256
240 279
242 261
243 249
250 295
257 295
274 299
278 293
