heur015_n_300_m_15035
1 281
1 249
2 166
2 179
2 199
3 167
5 197
6 77
7 116
8 126
9 182
10 93
11 194
11 145
13 236
16 257
16 264
16 89
19 268
20 157
21 232
21 227
22 262
23 275
25 85
25 162
26 190
26 279
26 228
26 155
28 144
28 300
29 178
29 287
29 269
29 276
30 185
30 238
31 257
31 264
34 203
34 94
35 110
35 282
37 79
37 80
37 235
39 285
39 165
40 135
43 229
44 296
44 290
48 256
50 228
50 279
50 57
50 190
50 155
52 260
54 293
54 138
54 271
54 255
57 120
57 279
57 228
57 155
58 270
59 211
60 141
60 146
60 254
61 257
64 140
64 289
65 277
65 114
66 251
68 283
68 101
69 286
69 247
70 272
70 273
72 291
73 258
74 277
75 181
76 293
76 138
76 271
76 209
76 255
79 235
80 235
81 293
81 138
81 271
81 209
81 255
83 284
84 112
87 243
87 173
89 264
89 257
90 126
94 203
96 202
97 269
97 178
97 276
97 287
98 204
98 198
99 250
99 139
99 263
99 201
100 210
100 274
101 283
103 162
103 184
105 169
106 297
109 177
109 278
109 142
111 169
112 188
113 263
113 139
113 250
114 192
114 277
117 212
119 178
119 287
119 269
119 276
120 279
120 190
123 227
123 232
124 211
125 148
128 297
129 220
133 171
133 239
134 174
136 224
137 280
138 255
138 209
138 196
138 293
138 271
139 263
139 201
140 289
142 177
142 278
143 187
144 172
144 300
145 194
147 185
147 238
147 225
152 207
153 205
155 228
156 295
160 234
160 226
166 199
169 217
171 239
172 300
177 278
178 269
179 199
185 225
189 221
190 279
190 228
192 277
193 226
196 293
196 271
196 209
196 255
198 204
200 281
200 249
201 250
201 263
209 255
209 293
209 271
210 274
214 246
216 268
223 277
225 238
226 234
228 279
233 266
237 294
244 299
247 286
248 298
249 281
250 263
252 294
255 293
255 271
257 264
261 294
