heur019_n_300_m_28765
1 203
2 159
2 203
3 159
3 203
4 203
5 159
5 203
6 159
7 50
7 159
7 203
8 203
9 259
9 218
9 239
9 247
9 182
10 60
10 241
10 168
10 221
10 249
11 168
12 235
13 168
13 249
14 203
15 168
15 249
16 168
16 249
17 241
17 168
17 221
17 249
18 60
18 241
18 168
18 221
18 249
19 182
20 168
21 210
21 201
22 210
22 294
22 201
22 100
23 210
23 201
23 100
24 210
24 294
24 295
24 298
24 299
25 278
25 179
25 185
25 186
25 193
26 210
26 299
26 100
27 210
27 290
27 291
27 295
27 296
27 298
27 300
27 219
28 210
28 291
28 295
28 296
28 297
28 298
28 299
28 300
28 201
28 219
29 234
29 236
29 252
29 161
30 161
31 231
31 232
31 234
31 237
31 238
31 252
32 161
33 236
33 238
33 252
33 161
34 238
34 161
35 210
36 210
36 291
36 294
36 295
36 296
36 298
36 299
37 233
37 236
37 161
38 234
38 238
38 161
39 160
39 178
40 159
40 203
41 159
41 203
42 159
42 203
43 161
44 159
45 159
45 203
47 159
47 203
48 159
48 203
49 155
49 293
50 159
50 203
51 168
51 221
51 249
52 168
52 249
53 261
53 262
53 267
53 270
53 217
53 253
54 289
54 283
54 284
54 155
55 293
55 283
55 155
56 289
56 293
56 283
56 284
56 287
56 155
58 168
58 221
58 249
60 168
61 259
61 260
61 239
61 274
61 243
61 247
61 218
61 182
62 203
63 199
63 205
63 208
63 215
64 293
64 281
64 283
64 284
65 283
66 168
66 221
66 249
67 168
68 168
68 221
70 225
70 230
70 220
71 225
71 230
71 220
72 225
72 230
72 220
73 234
73 236
73 238
73 252
73 161
74 203
75 225
75 230
77 281
77 283
77 284
78 162
78 167
78 187
78 154
78 176
79 230
79 220
79 255
80 160
80 178
81 199
81 200
81 202
81 205
81 206
81 208
81 215
82 162
82 167
82 176
82 240
82 154
82 187
83 199
83 205
83 208
83 215
84 256
84 199
84 200
84 202
84 205
84 208
84 215
85 256
85 199
85 205
85 215
86 194
86 195
86 196
86 198
86 271
86 213
86 214
86 216
86 188
86 190
86 191
86 226
86 242
88 171
88 173
88 175
88 245
89 199
89 205
89 208
89 215
90 263
90 266
90 217
91 203
92 182
92 109
92 243
92 247
94 235
94 258
94 246
94 251
95 258
95 224
95 246
96 258
96 224
96 251
97 182
98 258
98 246
99 235
99 258
99 251
100 290
100 297
100 201
100 210
101 273
101 275
101 277
101 280
101 179
101 183
101 185
101 186
101 193
103 259
103 247
103 218
104 274
104 182
105 246
106 259
106 239
106 247
106 218
106 182
107 188
107 189
107 190
107 191
107 194
107 195
107 196
107 197
107 198
107 207
107 209
107 211
107 213
107 214
107 216
108 168
109 218
109 274
109 182
110 259
110 260
110 239
110 243
110 247
110 218
110 274
110 182
111 258
111 224
111 246
111 251
112 168
113 258
115 167
115 156
115 162
115 187
115 192
117 258
117 251
118 258
119 178
119 160
120 258
122 178
123 178
123 160
124 225
124 230
124 220
125 178
125 160
126 178
127 178
127 160
130 170
130 163
130 165
130 166
130 158
130 172
131 291
131 294
131 297
131 298
131 299
131 201
131 210
131 219
132 193
132 277
132 279
132 179
132 183
133 163
133 165
133 166
133 158
134 163
134 166
134 158
134 172
135 170
135 163
135 166
135 265
135 158
135 222
135 172
136 163
136 165
136 170
136 166
136 172
136 158
137 300
137 201
137 210
138 170
138 163
138 165
138 166
138 158
138 172
139 188
139 189
139 190
139 191
139 195
139 196
139 198
139 211
139 214
139 216
139 271
139 242
140 218
140 182
141 217
141 263
141 266
141 204
142 217
142 262
142 266
143 261
143 262
143 263
143 266
143 267
143 270
144 217
144 262
144 263
144 264
144 266
144 269
144 227
144 204
145 178
145 160
147 163
147 170
147 165
147 158
148 217
149 262
149 263
149 268
149 270
149 227
150 162
150 192
151 162
151 240
152 162
152 176
153 217
153 262
153 263
153 264
153 266
153 268
153 269
153 270
153 227
153 253
154 240
155 288
155 289
155 293
155 281
155 282
155 284
155 285
155 286
155 287
156 240
157 273
157 275
157 276
157 277
157 278
157 279
157 280
158 265
158 222
159 244
161 229
161 231
161 232
161 233
161 234
161 236
161 237
161 238
161 252
162 223
162 240
163 265
163 222
164 257
164 228
164 245
164 248
164 250
164 254
165 265
165 222
166 265
166 222
167 240
168 241
168 221
168 249
169 257
169 228
169 245
169 248
169 250
169 254
170 265
170 222
171 257
171 228
171 245
171 248
171 250
171 254
172 265
172 222
173 257
173 228
173 245
173 248
173 250
173 254
174 257
174 228
174 245
174 248
174 250
174 254
175 257
175 228
175 245
175 248
175 250
176 223
176 240
177 257
177 228
177 245
177 248
177 250
177 254
179 273
179 275
179 276
179 277
179 278
179 279
179 280
180 273
180 275
180 276
180 277
180 278
180 279
180 280
181 273
181 275
181 276
181 277
181 278
181 279
181 280
182 259
182 260
182 274
182 239
182 243
182 247
183 273
183 275
183 276
183 277
183 278
183 279
183 280
184 278
184 279
185 273
185 275
185 276
185 277
185 278
185 279
185 280
186 273
186 275
186 276
186 277
186 278
186 279
186 280
187 223
187 240
188 271
188 226
188 242
189 271
189 226
189 242
190 271
190 272
190 226
190 242
191 271
191 272
191 226
191 242
192 240
192 223
193 275
193 276
193 277
193 278
194 216
194 271
194 272
195 271
195 272
195 226
195 242
196 271
196 272
196 226
196 242
197 271
197 272
197 226
197 242
198 271
198 272
198 226
198 242
199 256
200 256
201 290
201 291
201 292
201 294
201 295
201 296
201 297
201 298
201 299
201 300
201 219
202 256
203 244
204 261
204 262
204 263
204 264
204 266
204 267
204 268
204 269
204 270
204 227
204 253
205 256
206 256
207 271
207 272
207 226
207 242
208 256
209 271
209 226
209 242
210 290
210 291
210 292
210 294
210 295
210 296
210 297
210 298
210 299
210 300
210 219
211 271
211 272
211 226
211 242
212 257
212 228
212 245
212 248
212 254
213 271
213 272
213 226
213 242
214 271
214 272
214 226
214 242
215 256
216 271
216 272
216 226
216 242
217 261
217 262
217 263
217 264
217 266
217 267
217 269
217 270
217 227
217 253
218 259
218 260
218 239
218 243
218 247
218 274
228 248
