heur025_n_329_m_32168
1 64
1 60
1 61
1 220
1 39
1 76
1 240
1 244
1 246
1 247
1 226
1 92
1 103
2 139
2 148
2 177
2 294
2 128
2 227
2 31
2 207
3 274
3 140
4 64
4 60
4 39
4 76
4 240
4 244
4 246
4 226
4 92
5 7
5 136
5 199
5 200
5 41
5 42
5 15
5 19
5 90
5 123
5 124
5 93
5 234
5 277
6 39
6 10
6 76
7 199
7 200
7 123
7 124
7 41
8 311
8 22
9 157
9 196
9 311
10 64
10 60
10 61
10 220
10 76
10 240
10 244
10 246
10 247
10 226
10 92
10 103
11 211
11 204
11 253
11 78
11 224
11 271
11 239
11 44
11 170
11 100
12 32
12 290
12 292
12 133
12 295
12 298
12 205
12 48
12 252
12 117
12 150
12 55
12 156
12 30
13 89
13 130
13 36
13 327
13 35
13 323
13 329
13 172
13 175
13 53
16 230
17 166
17 230
17 137
17 23
17 25
17 160
18 230
18 173
19 199
19 124
21 286
21 77
22 157
22 311
23 173
23 230
24 286
25 230
26 186
26 126
26 194
26 228
26 138
26 203
26 143
26 178
26 275
26 149
26 158
26 94
26 37
27 80
27 132
27 167
28 278
28 324
28 307
29 318
29 206
29 185
30 156
30 133
30 252
30 150
31 227
31 294
31 139
31 45
31 144
31 177
31 207
32 156
32 133
32 252
32 150
33 318
34 230
35 329
35 323
35 327
36 172
36 175
37 228
37 138
37 275
37 158
37 126
38 218
38 80
38 132
38 167
39 76
39 247
39 240
39 244
39 246
39 64
39 220
39 60
39 61
39 226
39 92
39 103
40 318
40 206
40 185
41 199
41 124
42 199
42 124
43 197
43 201
44 204
44 253
44 170
45 139
45 148
45 177
45 294
45 128
45 227
45 207
47 163
47 261
47 195
47 122
47 189
48 156
48 133
48 252
48 150
49 163
49 261
49 195
49 289
49 189
49 122
50 161
50 74
50 283
51 201
51 297
52 328
52 79
52 95
52 66
52 216
52 222
52 115
53 172
54 74
54 161
54 283
55 133
55 252
55 150
55 156
56 161
56 74
56 283
57 222
57 216
57 328
57 79
57 95
57 115
58 216
58 328
58 79
58 95
58 115
59 74
59 161
59 283
60 76
61 76
62 161
62 141
63 74
63 161
63 283
64 76
65 114
65 286
66 208
66 216
66 321
66 328
66 79
66 95
66 115
67 278
67 307
68 272
69 274
69 140
70 286
71 96
71 225
71 187
71 232
71 147
71 188
72 233
73 96
73 225
73 187
73 232
73 188
73 159
73 285
74 152
74 161
74 141
74 301
74 309
75 245
75 324
75 278
76 247
76 240
76 244
76 246
76 220
76 226
76 92
76 103
77 121
77 286
78 204
78 253
78 211
79 328
79 321
79 302
79 82
79 198
79 110
79 208
79 216
79 222
80 219
80 209
80 212
80 217
80 218
80 132
80 167
80 142
80 146
80 127
82 328
82 95
82 216
82 115
85 274
85 140
87 140
87 274
88 307
88 324
88 101
88 278
88 319
89 327
89 323
89 329
89 172
90 199
90 124
91 296
91 312
91 284
91 171
91 176
91 183
94 228
94 138
94 143
94 275
94 126
95 328
95 321
95 302
95 198
95 110
95 208
95 216
95 222
96 181
96 190
96 232
96 269
96 147
96 276
96 188
96 159
96 285
97 305
98 305
99 237
100 170
100 204
100 253
101 307
102 129
102 163
102 261
102 195
102 289
102 189
104 305
105 305
106 274
106 140
107 286
108 201
109 176
109 171
109 183
109 296
109 242
109 312
109 284
110 208
110 222
110 328
110 115
111 257
111 254
112 140
114 286
114 300
114 255
114 303
114 121
115 321
115 198
115 328
115 302
115 208
115 216
115 222
116 296
116 312
116 284
116 287
116 171
116 176
116 183
117 133
117 252
117 150
117 156
118 297
119 274
119 140
120 274
120 140
121 255
121 286
122 322
122 316
122 317
122 288
122 129
122 131
122 163
122 261
122 195
122 135
122 289
122 213
124 200
124 136
124 234
124 277
125 145
125 237
126 186
126 194
126 228
126 138
126 203
126 143
126 178
126 275
126 149
127 132
127 167
127 218
128 227
128 294
128 139
128 144
128 177
128 207
129 163
129 261
129 195
129 317
129 289
129 189
130 323
130 329
131 163
131 261
131 195
131 289
131 189
132 167
132 146
132 142
132 219
132 209
132 212
132 280
132 217
133 290
133 292
133 295
133 252
133 298
133 205
134 140
135 163
135 261
135 195
135 289
135 189
136 199
137 166
137 230
137 160
138 194
138 143
138 178
138 149
138 158
138 203
138 186
139 144
140 257
140 260
140 254
140 299
141 283
142 167
143 194
143 158
143 275
143 228
144 148
144 177
144 294
144 227
144 207
145 229
145 233
145 235
145 238
145 279
145 282
146 167
146 218
147 232
147 225
147 187
147 285
148 177
148 294
148 227
148 207
149 158
149 275
149 228
150 298
150 205
150 290
150 292
150 295
151 286
152 283
153 206
153 184
153 185
153 318
155 230
156 290
156 292
156 295
156 252
156 298
156 205
157 196
157 311
157 248
158 178
158 275
158 228
158 203
158 186
159 232
159 276
159 269
159 225
159 181
159 187
159 190
159 285
160 173
161 301
161 283
163 288
163 322
163 316
163 317
163 289
163 189
164 196
164 311
166 173
167 219
167 209
167 212
167 280
167 217
167 218
169 201
170 224
170 204
170 271
170 239
170 211
171 268
171 264
171 202
171 262
171 263
171 293
171 273
171 242
171 281
171 284
171 287
172 329
172 323
172 327
173 230
174 305
175 329
175 323
175 327
176 268
176 264
176 202
176 262
176 263
176 293
176 296
176 273
176 242
176 312
176 281
176 284
176 287
178 275
178 228
179 311
180 215
180 326
180 241
180 305
181 225
181 187
181 188
181 285
182 318
183 268
183 264
183 202
183 262
183 263
183 293
183 296
183 273
183 242
183 281
183 284
183 287
184 185
184 206
184 318
185 191
185 192
185 265
185 267
185 221
185 318
186 228
186 275
187 190
187 232
187 269
187 276
187 188
187 285
188 232
188 276
188 269
188 225
188 190
188 285
189 288
189 322
189 261
189 195
189 289
189 213
189 316
189 317
190 225
190 232
190 285
191 206
191 318
192 206
192 265
192 267
192 318
193 305
194 275
194 228
195 288
195 322
195 316
195 317
195 289
195 213
196 249
196 231
196 313
196 315
196 311
198 222
198 321
198 328
199 234
199 277
202 296
202 242
202 312
203 228
203 275
204 224
204 271
204 239
205 252
206 265
206 267
206 221
206 318
208 328
208 302
210 305
211 224
211 271
212 218
213 261
215 305
216 321
216 302
221 318
222 321
222 328
222 302
223 286
224 253
225 232
225 269
225 276
225 285
231 311
232 269
232 285
237 238
237 279
239 253
242 293
242 296
242 312
242 284
242 273
242 264
242 268
243 279
245 307
248 311
251 307
251 324
252 290
252 292
252 295
252 298
253 271
254 274
255 286
256 286
257 274
257 299
258 307
258 324
261 288
261 322
261 316
261 317
261 289
262 312
263 296
263 312
264 312
266 307
268 312
268 284
270 307
273 281
273 296
273 312
274 299
276 285
278 307
281 296
281 312
281 284
283 301
283 309
284 287
286 300
286 303
287 312
287 296
289 316
293 312
293 296
302 328
304 307
305 320
305 326
306 307
307 314
307 324
307 310
307 308
307 319
319 324
