heur030_n_330_m_5613
1 162
1 131
1 292
1 327
1 167
1 298
1 302
1 207
1 303
1 304
1 180
1 247
1 120
1 155
1 125
2 170
2 172
2 156
2 197
2 196
2 13
2 199
2 169
2 113
2 176
2 325
2 122
3 170
3 172
3 156
3 197
3 196
3 13
3 199
3 169
3 113
3 176
3 325
3 122
4 203
4 204
4 188
4 243
4 213
4 118
4 87
4 216
4 121
4 124
4 189
4 195
4 251
5 248
5 259
5 263
5 238
5 88
5 274
5 232
6 60
6 63
6 237
6 239
6 177
6 90
6 278
6 94
6 261
7 60
7 63
7 237
7 239
7 177
7 90
7 278
7 94
7 261
8 101
8 103
8 142
8 305
8 306
8 307
8 308
8 89
8 137
8 257
8 205
9 101
9 103
9 142
9 305
9 306
9 307
9 308
9 89
9 137
9 257
9 205
10 60
10 63
10 237
10 239
10 177
10 90
10 278
10 94
10 261
11 248
11 259
11 263
11 238
11 88
11 274
11 232
11 23
12 40
12 138
12 171
12 139
12 173
12 175
12 112
12 178
12 279
12 25
12 255
12 253
13 196
13 197
13 199
13 170
13 172
13 156
13 169
13 113
13 75
13 77
13 176
13 325
13 122
14 289
14 165
14 273
14 210
14 127
14 293
14 36
14 59
15 289
15 165
15 273
15 210
15 127
15 293
15 36
16 289
16 165
16 273
16 210
16 127
16 293
16 36
17 265
17 266
17 268
17 269
17 51
17 52
17 53
17 57
17 284
17 93
17 258
18 60
18 237
18 239
18 177
18 90
18 278
18 94
18 261
19 101
19 103
19 142
19 305
19 306
19 307
19 308
19 89
19 137
19 257
19 205
20 321
20 312
20 280
20 281
20 310
20 311
20 152
20 313
20 82
21 321
21 312
21 280
21 281
21 310
21 311
21 152
21 313
21 82
22 237
22 239
22 177
22 90
22 278
22 94
22 261
23 259
23 263
23 232
23 238
23 47
23 48
23 274
23 248
23 88
24 96
24 98
24 99
24 260
24 262
24 133
24 297
24 95
24 158
24 198
24 235
24 206
25 138
25 171
25 173
25 139
25 175
25 112
25 178
25 279
25 255
25 253
26 198
26 158
26 96
26 98
26 99
26 260
26 262
26 133
26 297
26 95
26 235
26 206
27 282
27 283
27 285
27 287
27 135
27 229
27 228
27 182
27 174
28 83
28 117
28 119
28 56
28 209
28 128
28 129
28 168
28 275
28 276
28 183
28 184
28 185
28 186
28 126
28 267
28 252
29 282
29 283
29 285
29 287
29 135
29 229
29 228
29 182
29 174
30 83
30 119
30 56
30 209
30 128
30 129
30 168
30 275
30 276
30 183
30 184
30 185
30 186
30 126
30 267
30 252
31 282
31 283
31 285
31 287
31 135
31 229
31 228
31 182
31 174
32 104
32 105
32 143
32 154
32 132
32 245
33 104
33 105
33 110
33 143
33 154
33 132
33 245
34 220
34 181
34 160
34 161
34 226
34 224
34 227
34 187
34 123
34 157
34 91
35 119
35 56
35 209
35 128
35 129
35 168
35 275
35 276
35 183
35 184
35 185
35 186
35 126
35 267
35 252
36 289
36 165
36 293
36 273
36 210
36 127
36 59
37 104
37 105
37 110
37 143
37 154
37 132
37 245
38 132
38 104
38 105
38 110
38 143
38 154
38 245
39 119
39 56
39 209
39 128
39 129
39 168
39 275
39 276
39 183
39 184
39 185
39 186
39 126
39 267
39 252
40 178
40 138
40 139
40 255
40 171
40 173
40 175
40 112
40 279
40 253
41 109
41 166
41 242
41 318
41 316
41 254
41 288
41 294
41 102
41 107
41 286
42 132
42 104
42 105
42 110
42 143
42 154
42 245
43 132
43 104
43 105
43 143
43 154
43 245
44 132
44 104
44 105
44 110
44 143
44 154
44 245
45 134
45 200
45 163
45 208
45 272
45 250
45 159
45 225
46 314
46 315
46 317
46 73
46 111
46 114
46 115
46 116
46 240
46 144
46 146
46 149
46 277
47 248
47 259
47 263
47 238
47 274
47 232
48 248
48 259
48 263
48 238
48 274
48 232
49 134
49 200
49 163
49 208
49 272
49 250
49 159
49 225
50 80
50 164
50 85
50 192
50 194
50 97
50 230
50 231
50 136
50 234
50 54
50 55
50 130
50 179
51 57
51 265
51 266
51 268
51 269
51 284
51 258
52 57
52 265
52 266
52 268
52 269
52 284
52 258
53 57
53 265
53 266
53 268
53 269
53 284
53 258
54 234
54 230
54 231
54 192
54 194
54 164
54 80
54 85
54 130
54 179
55 234
55 230
55 231
55 192
55 194
55 164
55 80
55 85
55 130
55 179
56 209
56 83
56 84
56 117
56 119
56 128
56 129
56 168
56 275
56 276
56 183
56 184
56 185
56 186
56 126
56 267
56 252
57 265
57 266
57 268
57 269
57 284
57 93
57 258
58 71
58 219
58 221
58 222
58 223
58 291
58 271
58 249
58 150
59 289
59 165
59 293
59 273
59 210
59 127
60 237
60 239
60 177
60 90
60 278
60 94
60 261
61 321
61 312
61 280
61 281
61 310
61 311
61 152
61 313
61 82
62 198
62 158
62 96
62 98
62 99
62 260
62 262
62 133
62 297
62 95
62 235
62 206
63 237
63 239
63 177
63 90
63 278
63 94
63 261
64 320
64 322
64 319
64 81
64 193
64 244
64 212
65 320
65 322
65 193
65 81
65 244
65 212
65 319
66 305
66 306
66 307
66 308
66 89
66 137
66 257
66 205
67 320
67 322
67 319
67 81
67 193
67 244
67 212
68 288
68 294
68 286
68 102
68 166
68 242
68 254
68 316
68 318
69 301
69 323
69 324
69 328
69 202
69 330
69 295
69 296
69 299
69 211
69 309
69 246
69 241
69 256
69 236
70 300
70 106
70 145
70 147
70 148
70 214
70 215
70 217
70 218
70 290
71 219
71 221
71 222
71 223
71 140
71 100
71 141
71 291
71 271
71 249
71 150
72 300
72 106
72 145
72 147
72 148
72 214
72 215
72 217
72 218
72 290
73 314
73 315
73 317
73 240
73 144
73 146
73 149
73 277
74 320
74 322
74 319
74 193
74 244
74 212
75 169
75 196
75 197
75 199
75 170
75 172
75 176
75 325
75 122
76 300
76 106
76 145
76 147
76 148
76 214
76 215
76 151
76 217
76 218
76 290
77 169
77 196
77 197
77 199
77 170
77 172
77 176
77 325
77 122
78 326
78 264
78 233
78 270
78 153
78 190
78 191
78 92
78 201
78 329
79 134
79 200
79 208
79 272
79 86
79 250
79 225
80 192
80 194
80 97
80 230
80 231
80 136
80 234
80 130
80 179
81 320
81 322
81 108
81 319
81 193
81 244
81 212
82 321
82 280
82 313
82 152
82 310
82 311
82 312
82 281
83 209
83 128
83 129
83 168
83 275
83 276
83 183
83 184
83 185
83 186
83 126
83 267
83 252
84 209
84 128
84 129
84 168
84 275
84 276
84 183
84 184
84 185
84 186
84 126
84 267
84 252
85 192
85 194
85 97
85 230
85 231
85 136
85 234
85 130
85 179
86 208
86 272
86 250
86 159
86 134
86 200
86 225
87 216
87 213
87 203
87 204
87 243
87 188
87 189
87 195
87 251
88 248
88 259
88 263
88 238
88 274
88 232
89 305
89 306
89 307
89 308
89 101
89 142
89 103
89 137
89 257
89 205
90 177
90 237
90 239
90 278
90 94
90 261
91 160
91 161
91 226
91 224
91 227
91 123
91 181
91 187
91 220
91 157
92 326
92 264
92 233
92 270
92 153
92 190
92 191
92 201
92 329
93 265
93 266
93 268
93 269
93 284
93 258
94 237
94 239
94 177
94 278
94 261
95 297
95 260
95 262
95 158
95 198
95 235
95 206
96 297
96 260
96 262
96 133
96 158
96 198
96 235
96 206
97 234
97 230
97 231
97 192
97 194
97 164
97 130
97 179
98 297
98 260
98 262
98 133
98 158
98 198
98 235
98 206
99 297
99 260
99 262
99 133
99 158
99 198
99 235
99 206
100 219
100 221
100 222
100 223
100 291
100 271
100 249
100 150
101 305
101 306
101 307
101 308
101 137
101 257
101 205
102 288
102 294
102 286
102 166
102 109
102 242
102 254
102 316
102 318
103 305
103 306
103 307
103 308
103 137
103 257
103 205
104 154
104 132
104 245
105 154
105 132
105 245
106 217
106 218
106 214
106 215
106 300
106 290
107 288
107 294
107 286
107 166
107 242
107 254
107 316
107 318
108 320
108 322
108 319
108 244
108 212
109 166
109 242
109 318
109 316
109 254
109 288
109 294
109 286
110 132
110 245
111 314
111 315
111 317
111 240
111 144
111 146
111 277
112 171
112 173
112 175
112 279
112 138
112 139
112 178
112 255
112 253
113 169
113 199
113 170
113 172
113 176
113 325
113 122
114 314
114 315
114 317
114 240
114 144
114 146
114 149
114 277
115 314
115 315
115 317
115 240
115 144
115 146
115 149
115 277
116 314
116 315
116 317
116 240
116 144
116 146
116 149
116 277
117 209
117 128
117 129
117 168
117 275
117 276
117 183
117 184
117 185
117 186
117 126
117 267
117 252
118 216
118 213
118 203
118 204
118 243
118 188
118 189
118 195
118 251
119 209
119 128
119 129
119 168
119 275
119 276
119 183
119 184
119 185
119 186
119 126
119 267
119 252
120 180
120 131
120 247
120 327
120 298
120 125
120 207
120 292
120 167
120 302
120 303
120 304
120 155
121 216
121 213
121 243
121 188
121 189
121 195
121 251
122 196
122 197
122 325
122 199
122 169
122 170
122 172
122 176
122 156
123 224
123 226
123 187
123 227
123 220
123 181
124 216
124 213
124 203
124 204
124 243
124 188
124 189
124 195
124 251
125 162
125 131
125 327
125 180
125 247
125 292
125 167
125 302
125 303
125 304
125 155
126 275
126 276
126 184
126 185
126 186
126 183
126 267
126 252
127 289
127 273
127 293
128 275
128 276
128 184
128 185
128 186
128 183
128 267
128 252
129 275
129 276
129 184
129 185
129 186
129 183
129 209
129 267
129 252
130 192
130 194
130 164
130 230
130 231
130 136
130 234
130 179
131 180
131 162
131 247
131 327
131 298
131 207
131 292
131 167
131 302
131 303
131 304
131 155
132 143
132 154
132 245
133 260
133 262
133 297
133 158
133 198
133 235
133 206
134 200
134 163
134 208
134 272
134 250
134 159
134 225
135 285
135 287
135 283
135 282
135 229
135 228
135 182
136 234
136 230
136 231
136 192
136 194
136 164
137 142
137 305
137 306
137 307
137 308
137 257
137 205
138 255
138 171
138 173
138 175
138 279
138 253
139 255
139 171
139 173
139 175
139 279
139 253
140 219
140 221
140 222
140 223
140 291
140 271
140 249
140 150
141 219
141 221
141 222
141 223
141 291
141 271
141 249
141 150
142 305
142 306
142 307
142 308
142 257
142 205
143 154
143 245
144 240
144 314
144 315
144 317
144 277
145 217
145 218
145 214
145 215
145 151
145 300
145 290
146 240
146 314
146 315
146 317
146 277
147 217
147 218
147 214
147 215
147 300
147 290
148 217
148 218
148 214
148 215
148 300
148 290
149 240
149 314
149 315
149 317
149 277
150 291
150 271
150 249
150 219
150 221
150 222
150 223
151 214
151 215
151 217
151 218
151 300
151 290
152 321
152 312
152 313
152 310
152 311
152 280
152 281
153 326
153 264
153 270
153 201
153 329
154 245
155 304
155 302
155 303
155 167
155 292
155 162
155 327
155 298
155 207
155 180
155 247
156 170
156 172
156 169
156 176
156 325
157 224
157 226
157 187
157 227
157 220
157 181
158 260
158 262
158 297
158 235
158 206
159 208
159 272
159 250
159 225
160 224
160 226
160 187
160 227
160 220
160 181
161 224
161 226
161 187
161 227
161 220
161 181
162 327
162 247
162 180
162 298
162 207
162 292
162 167
162 302
162 303
162 304
163 208
163 272
163 250
163 225
164 192
164 194
164 230
164 231
164 234
164 179
165 289
165 273
165 293
166 242
166 318
166 316
166 254
166 288
166 294
166 286
167 304
167 302
167 303
167 292
167 327
167 298
167 207
167 180
168 275
168 276
168 184
168 185
168 186
168 183
168 267
169 196
169 197
169 199
169 172
169 176
169 325
170 197
170 196
170 199
170 176
170 325
171 279
171 178
171 255
171 253
172 197
172 196
172 199
172 176
172 325
173 279
173 178
173 255
173 253
174 285
174 287
174 229
174 228
174 283
174 182
174 282
175 279
175 255
175 253
176 196
176 197
176 199
176 325
177 237
177 239
177 278
177 261
178 255
178 279
178 253
179 192
179 194
179 230
179 231
179 234
180 247
180 327
180 298
180 207
180 292
180 302
180 303
180 304
181 226
181 224
181 227
181 187
182 285
182 287
182 229
182 228
182 283
182 282
183 275
183 276
183 209
183 267
183 252
184 275
184 276
184 209
184 252
185 275
185 276
185 209
185 252
186 275
186 276
186 209
186 252
187 220
188 203
188 204
188 243
188 213
188 216
188 195
188 251
189 203
189 204
189 243
189 213
189 216
189 195
189 251
190 326
190 264
190 201
190 329
191 326
191 264
191 201
191 329
193 244
193 320
193 322
193 319
193 212
194 230
195 203
195 204
195 243
195 213
195 216
195 251
196 325
197 325
198 260
198 262
198 297
198 235
198 206
199 325
200 208
200 272
200 250
200 225
201 326
201 264
201 233
201 270
201 329
202 328
202 330
202 323
202 324
202 301
202 295
202 296
202 299
202 211
202 309
202 256
202 236
203 213
203 216
203 251
204 213
204 216
204 251
205 257
205 305
205 306
205 307
205 308
206 260
206 262
206 297
206 235
207 327
207 247
207 292
208 272
208 225
209 275
209 276
209 267
210 289
210 273
210 293
211 296
211 299
211 309
211 295
211 323
211 324
211 328
211 330
211 301
211 246
211 241
211 256
211 236
212 320
212 322
212 244
212 319
213 243
213 251
214 300
214 290
215 300
215 290
216 243
216 251
217 300
217 290
218 300
218 290
219 291
219 271
219 249
220 226
220 224
220 227
221 291
221 271
221 249
222 291
222 271
222 249
223 291
223 271
223 249
225 272
225 250
228 285
228 287
228 283
228 282
229 285
229 287
229 283
229 282
232 259
232 263
232 238
233 326
233 329
235 260
235 262
235 297
236 256
236 323
236 324
236 295
236 328
236 296
236 330
236 299
236 301
236 241
236 309
236 246
237 261
238 248
238 259
238 263
238 274
239 261
240 314
240 315
240 317
240 277
241 295
241 328
241 296
241 330
241 299
241 301
241 309
241 246
241 256
242 318
242 316
242 254
242 288
242 294
243 251
244 320
244 322
244 319
246 323
246 324
246 295
246 296
246 330
246 299
246 301
246 309
246 256
247 327
247 298
247 292
247 302
247 303
247 304
249 271
250 272
252 267
252 275
252 276
253 279
254 316
254 318
254 288
254 286
255 279
256 323
256 324
256 328
256 330
256 301
256 309
257 307
257 308
258 265
258 266
258 268
258 269
258 284
259 274
261 278
263 274
264 326
264 329
265 284
266 284
267 275
267 276
268 284
269 284
270 326
270 329
271 291
273 293
277 314
277 315
280 312
280 313
280 310
280 311
281 312
281 313
281 310
281 311
286 316
286 318
288 316
288 318
290 300
292 302
292 303
292 304
292 298
294 316
294 318
295 323
295 324
295 328
296 323
296 324
296 328
298 327
299 323
299 324
299 328
301 323
301 324
301 328
302 327
303 327
304 327
309 323
309 324
309 328
310 321
311 321
312 321
313 321
