heur033_n_330_m_13861
1 215
1 217
1 87
1 220
1 221
1 127
1 224
1 226
1 230
1 231
1 53
1 54
1 57
1 95
1 94
2 193
2 96
2 192
3 193
3 96
3 192
4 160
4 161
4 320
4 164
4 165
4 321
4 322
4 328
4 225
4 315
4 319
4 152
5 89
5 90
5 302
5 130
5 198
6 140
6 241
6 243
6 244
6 245
6 247
6 187
6 316
6 318
6 257
6 294
6 143
6 301
7 193
7 96
7 192
8 194
8 303
8 314
8 91
8 188
8 189
8 191
8 196
8 197
8 199
8 207
9 102
9 103
9 104
9 105
9 232
9 233
9 106
9 234
9 240
9 112
9 55
9 235
10 90
10 302
10 130
10 198
10 156
11 90
11 302
11 130
11 198
11 156
12 109
12 113
12 82
12 116
12 85
12 80
12 256
12 167
13 109
13 113
13 82
13 116
13 85
13 80
13 256
13 167
14 265
14 266
14 267
14 268
14 270
14 273
14 214
14 216
14 219
14 253
14 223
14 51
14 264
14 129
14 153
14 67
14 274
15 109
15 113
15 82
15 116
15 85
15 80
15 256
15 167
16 75
16 242
16 288
16 292
16 293
16 290
16 158
17 204
17 205
17 271
17 209
17 210
17 276
17 278
17 279
17 280
17 213
17 212
18 85
18 256
18 167
19 248
19 229
19 263
19 239
19 254
19 317
19 312
20 85
20 256
20 167
21 85
21 50
21 256
21 167
22 128
22 99
22 131
22 144
22 211
22 120
22 126
22 123
22 124
22 190
23 229
23 263
23 239
23 248
23 254
23 317
23 312
24 229
24 263
24 239
24 248
24 254
24 317
24 312
25 193
25 96
26 229
26 263
26 239
26 248
26 254
26 317
26 312
27 89
27 90
27 302
27 130
27 198
28 89
28 90
28 302
28 130
28 198
29 295
29 296
29 297
29 298
29 300
29 304
29 258
29 260
29 262
29 309
29 269
30 248
30 229
30 263
30 239
30 317
30 254
30 312
31 89
31 90
31 302
31 130
31 198
32 89
32 90
32 302
32 130
32 198
33 193
33 96
33 192
34 193
34 96
34 192
35 193
35 96
35 192
36 204
36 205
36 271
36 209
36 210
36 276
36 213
36 278
36 279
36 280
36 212
37 248
37 229
37 263
37 239
37 254
37 317
37 312
38 204
38 205
38 271
38 209
38 210
38 276
38 278
38 279
38 280
38 213
38 212
39 193
39 96
39 192
40 196
40 197
40 199
40 207
40 194
40 303
40 314
40 91
40 188
40 189
40 191
41 196
41 197
41 199
41 207
41 194
41 303
41 314
41 91
41 188
41 189
41 191
42 196
42 197
42 199
42 207
42 194
42 303
42 314
42 91
42 188
42 189
42 191
43 96
44 242
44 288
44 292
44 293
44 101
44 290
45 141
45 142
45 179
45 183
45 56
45 222
46 141
46 142
46 179
46 183
46 56
46 222
47 141
47 142
47 179
47 183
47 56
47 222
48 141
48 142
48 179
48 183
48 56
48 222
49 196
49 197
49 199
49 207
49 71
49 194
49 303
49 314
49 91
49 188
49 189
49 191
50 80
50 109
50 113
50 116
50 62
50 256
50 167
51 265
51 266
51 267
51 268
51 270
51 273
51 214
51 216
51 219
51 253
51 223
51 264
51 129
51 153
51 67
51 274
52 174
52 175
52 176
52 177
52 178
52 180
52 227
52 181
52 182
52 184
52 186
52 305
52 272
53 224
53 226
53 230
53 231
53 121
53 122
53 115
53 87
53 217
53 215
53 220
53 221
53 127
53 159
54 224
54 226
54 230
54 231
54 121
54 122
54 115
54 87
54 217
54 215
54 220
54 221
54 127
54 159
55 102
55 103
55 104
55 105
55 232
55 233
55 106
55 234
55 110
55 111
55 240
55 114
55 112
55 235
56 66
56 70
56 141
56 142
56 183
56 222
57 224
57 226
57 230
57 231
57 121
57 122
57 115
57 87
57 217
57 215
57 220
57 221
57 127
57 159
58 162
58 154
58 157
58 86
58 202
58 84
59 162
59 154
59 157
59 86
59 202
59 84
60 162
60 154
60 157
60 86
60 202
60 84
61 259
61 246
61 250
61 251
61 252
61 289
61 275
61 277
61 325
62 80
62 113
62 82
62 116
62 85
62 256
62 167
63 242
63 288
63 292
63 293
63 290
63 158
64 259
64 246
64 250
64 251
64 252
64 289
64 275
64 277
64 325
65 242
65 288
65 292
65 293
65 290
65 158
66 141
66 142
66 179
66 183
66 222
67 129
67 264
67 265
67 266
67 267
67 268
67 270
67 273
67 214
67 216
67 219
67 253
67 223
67 274
68 259
68 246
68 250
68 251
68 252
68 289
68 275
68 277
68 325
69 259
69 246
69 250
69 251
69 252
69 289
69 275
69 277
69 325
69 228
70 141
70 142
70 179
70 183
70 222
71 199
71 303
71 314
71 91
72 255
72 281
72 282
72 283
72 284
72 285
72 287
72 311
72 299
72 238
73 96
74 236
74 255
74 281
74 282
74 283
74 284
74 285
74 287
74 311
74 299
74 238
75 242
75 288
75 292
75 293
75 101
75 290
76 236
76 255
76 281
76 282
76 283
76 284
76 285
76 287
76 311
76 299
76 238
77 236
77 195
77 255
77 281
77 282
77 283
77 284
77 285
77 287
77 311
77 299
77 238
78 236
78 195
78 255
78 281
78 282
78 283
78 284
78 285
78 287
78 311
78 299
78 238
79 302
79 130
80 256
80 167
81 99
81 131
81 108
81 190
81 144
81 211
81 150
82 256
82 167
83 302
83 130
83 198
84 98
84 100
84 202
85 256
86 98
86 100
86 154
86 157
87 217
87 220
87 221
87 224
87 226
87 230
87 231
87 95
87 159
87 94
88 97
88 135
88 92
88 93
88 324
88 327
88 137
88 138
88 329
88 330
88 139
88 261
89 302
89 198
89 156
90 302
90 198
90 156
91 194
91 303
91 314
91 188
91 189
91 191
91 196
91 197
91 199
91 207
92 170
92 324
92 327
92 329
92 330
92 139
92 261
93 170
93 324
93 327
93 329
93 330
93 261
94 159
94 215
94 217
94 220
94 221
94 224
94 226
94 230
94 231
94 115
94 121
94 122
94 127
95 224
95 226
95 230
95 231
95 121
95 122
95 115
95 217
95 215
95 220
95 221
95 127
95 159
96 193
96 192
97 170
97 171
97 172
97 132
97 324
97 327
97 329
97 330
97 261
98 162
98 154
98 157
98 202
99 128
99 131
99 117
99 118
99 150
99 120
99 123
99 124
99 126
99 211
99 108
99 190
100 162
100 154
100 157
100 202
101 288
101 292
101 293
101 242
101 290
101 158
102 232
102 233
102 234
102 240
102 114
102 235
103 233
103 234
103 240
103 112
103 235
104 233
104 234
104 240
104 114
104 235
105 234
105 240
105 114
105 235
106 240
106 235
107 295
107 296
107 297
107 298
107 300
107 304
107 258
107 260
107 262
107 309
108 128
108 131
108 211
108 120
108 123
108 124
108 126
109 256
109 167
110 240
111 240
112 240
113 256
113 167
115 215
115 217
115 220
115 221
115 224
115 226
115 230
116 256
116 167
117 128
117 131
117 126
117 211
117 190
118 128
118 131
118 126
118 211
118 190
119 287
119 299
119 311
119 255
120 128
120 131
120 211
120 190
121 215
121 217
121 220
121 221
121 224
121 226
121 230
121 231
122 215
122 217
122 220
122 221
122 224
122 226
122 230
122 231
123 144
123 150
123 211
123 190
124 144
124 150
124 211
124 190
125 185
125 307
125 308
125 249
125 326
126 144
126 150
126 190
127 217
127 220
127 221
127 224
127 226
127 230
127 231
127 159
128 144
128 150
128 190
129 264
129 265
129 266
129 267
129 268
129 270
129 273
129 216
129 219
129 223
129 153
129 274
130 302
130 198
130 156
131 144
131 150
131 190
132 324
132 327
132 329
132 330
132 261
133 324
133 327
133 329
133 330
133 261
134 324
134 327
134 329
134 330
134 261
135 324
135 327
135 329
135 330
135 261
136 323
136 168
136 169
136 200
136 201
136 203
136 206
136 237
136 208
136 310
136 146
136 145
136 291
136 286
137 324
137 327
137 329
137 330
137 170
137 171
137 261
138 324
138 327
138 329
138 330
138 170
138 171
138 172
138 261
139 324
139 327
139 329
139 330
139 170
139 171
139 172
139 261
140 241
140 243
140 244
140 245
140 247
140 316
140 318
140 187
140 257
140 294
140 166
140 143
140 301
143 257
143 294
143 166
143 241
143 243
143 244
143 245
143 247
143 316
143 318
143 301
144 211
145 323
145 169
145 168
145 200
145 201
145 203
145 206
145 237
145 208
145 173
145 310
145 218
145 291
145 286
146 323
146 169
146 168
146 200
146 201
146 203
146 206
146 237
146 208
146 173
146 218
146 291
146 286
147 155
147 306
147 313
147 249
147 326
148 306
148 249
148 326
149 306
149 249
149 326
150 211
151 306
151 307
151 308
151 249
151 326
152 160
152 161
152 320
152 163
152 164
152 165
152 321
152 322
152 328
152 225
152 319
153 264
153 265
153 266
153 267
153 268
153 214
153 216
153 219
153 253
153 223
154 202
155 306
155 307
155 308
155 313
155 249
155 326
156 302
158 288
158 290
158 292
158 293
159 224
159 226
159 230
159 231
159 217
159 215
159 220
159 221
160 315
160 319
160 225
161 320
161 315
161 319
161 225
163 320
163 321
163 322
163 315
163 319
163 225
164 320
164 321
164 322
164 315
164 319
164 225
165 320
165 321
165 322
165 315
165 319
165 225
166 243
166 244
166 245
166 247
166 187
167 256
168 200
168 201
168 237
168 310
168 323
168 218
169 200
169 201
169 203
169 237
169 310
169 323
169 218
169 291
169 286
170 324
170 327
170 329
170 330
170 261
171 324
171 327
171 329
171 330
171 261
172 324
172 327
172 329
172 330
172 261
173 200
173 201
173 203
173 237
173 310
173 323
173 291
173 286
174 227
174 181
174 182
174 184
174 186
174 305
174 272
175 227
175 182
175 184
175 186
175 305
175 272
176 227
176 182
176 184
176 186
176 305
176 272
177 227
177 182
177 184
177 186
177 305
177 272
178 227
178 184
178 186
178 305
178 272
180 227
180 186
180 305
180 272
181 305
181 272
182 305
182 272
184 305
185 313
185 249
185 326
187 241
187 243
187 244
187 245
187 247
187 316
187 318
187 257
187 294
187 301
188 196
188 197
188 199
189 303
189 196
189 197
189 199
190 211
191 303
191 199
194 303
195 287
195 282
195 283
195 284
195 285
195 255
195 311
195 299
196 303
196 314
197 303
197 314
198 302
199 303
199 314
200 310
200 206
200 208
200 218
200 291
201 310
201 208
201 218
203 310
203 218
204 271
204 276
204 278
204 279
204 212
205 271
205 276
205 278
205 279
205 280
205 212
206 237
206 310
206 323
206 218
208 237
208 310
208 323
208 218
209 271
209 276
209 278
209 279
209 280
210 271
210 276
210 278
210 279
210 280
212 271
212 276
212 278
212 279
212 280
213 271
213 276
213 278
213 279
213 280
214 265
214 266
214 267
214 268
214 270
214 273
214 264
214 274
215 224
215 226
215 230
215 231
216 265
216 266
216 267
216 268
216 270
216 273
216 274
217 224
217 226
217 230
217 231
218 323
218 237
218 310
218 291
218 286
219 267
219 268
219 270
219 273
219 274
220 226
220 230
220 231
221 230
221 231
223 273
223 274
225 320
225 321
225 322
225 328
225 315
225 319
228 259
228 325
228 277
228 246
228 250
228 251
228 252
236 255
236 284
236 285
236 287
236 299
237 310
237 291
237 286
238 287
238 299
238 311
238 255
239 312
241 257
241 294
241 301
242 293
243 316
243 318
243 257
243 294
243 301
244 316
244 318
244 257
244 294
244 301
245 316
245 318
245 257
245 301
246 289
246 275
246 277
247 316
247 318
247 257
247 294
247 301
249 313
249 306
249 307
249 308
250 289
250 275
250 277
251 289
251 275
251 277
251 325
252 289
252 275
252 277
252 325
253 265
253 266
253 267
253 268
253 270
253 273
253 264
253 274
254 317
254 312
255 281
255 282
255 283
255 284
255 285
255 287
255 311
257 316
257 318
259 275
259 277
259 325
261 324
261 327
261 329
263 317
269 295
281 311
281 299
282 311
282 299
283 311
283 299
284 311
284 299
285 311
285 299
286 310
287 311
287 299
291 310
306 326
307 326
308 326
310 323
313 326
