heur034_n_345_m_6830
1 219
2 206
3 105
4 61
5 176
6 48
6 91
7 140
7 247
8 79
9 50
10 76
11 152
11 102
15 65
16 226
17 20
18 317
18 269
21 170
22 106
22 119
23 325
23 95
24 171
24 122
25 274
25 43
25 187
26 248
26 68
26 341
27 242
29 208
29 99
30 244
30 173
31 215
32 290
33 120
33 115
36 205
36 59
38 142
39 108
39 302
39 113
39 130
40 246
40 236
41 47
41 200
41 307
43 187
43 274
44 234
44 324
44 343
44 280
44 335
45 328
45 333
45 150
45 320
45 185
46 96
47 307
48 91
51 241
52 138
53 60
55 248
55 68
55 341
58 321
59 227
59 205
59 318
60 124
60 332
62 118
62 66
62 149
64 70
64 163
66 149
66 118
67 88
68 341
68 248
70 163
71 240
71 268
72 330
72 315
74 115
74 120
77 188
77 201
78 258
78 337
78 291
80 295
81 110
81 135
82 151
82 98
83 131
83 261
86 265
87 203
89 256
90 210
92 255
93 167
95 325
96 331
97 230
98 151
99 208
101 154
101 125
102 152
102 161
104 141
108 262
108 302
108 113
108 130
110 135
112 290
113 130
113 262
115 120
117 196
117 178
118 149
121 132
121 193
122 171
123 209
123 300
123 287
125 154
128 305
128 264
128 327
128 159
129 184
129 133
130 302
130 262
131 261
133 184
133 296
134 179
134 229
134 254
138 181
140 247
143 194
145 182
145 162
147 183
148 199
148 195
150 333
150 328
150 320
150 185
152 161
155 219
157 192
157 202
158 174
159 264
159 327
159 305
162 182
164 273
166 250
166 213
166 284
168 221
169 323
169 281
172 180
173 244
177 212
177 313
178 196
179 229
179 254
184 296
185 320
185 328
185 333
186 245
186 224
186 249
187 274
188 201
190 334
191 217
192 202
195 322
195 199
197 294
200 307
205 227
205 318
207 286
209 300
210 326
212 313
213 250
216 342
222 257
223 342
224 249
224 245
227 318
228 272
229 254
231 259
232 235
233 270
234 324
234 343
234 280
234 335
240 268
245 249
248 341
250 284
252 311
256 260
258 337
262 302
264 327
264 305
267 340
280 335
280 343
281 323
283 286
285 311
287 300
291 337
292 304
303 316
305 327
312 336
314 319
315 330
320 328
320 333
324 343
324 335
328 333
335 343
339 340
