heur023_n_329_m_16183
1 104
1 203
1 158
1 207
1 220
1 62
1 209
1 42
1 167
2 227
2 295
3 12
3 51
3 201
3 144
4 194
5 37
5 69
5 29
5 189
5 327
5 313
5 122
5 248
5 217
5 11
6 130
6 138
6 102
7 132
7 179
7 73
7 67
7 8
7 266
7 87
7 56
7 90
7 279
8 132
8 36
9 49
9 106
9 163
9 92
9 72
9 77
9 45
9 52
9 280
9 184
10 192
11 248
11 217
11 37
11 69
11 327
11 189
11 313
11 122
11 29
11 31
12 51
12 54
12 269
12 271
12 201
12 139
12 174
12 144
12 81
12 20
12 85
12 149
12 23
12 153
13 258
13 235
13 218
13 205
13 124
14 230
14 305
14 177
14 53
14 190
15 285
15 256
15 195
15 196
15 328
15 307
15 185
15 83
15 215
16 297
16 253
17 165
17 21
17 232
17 274
17 76
18 102
18 186
18 130
18 138
19 102
19 130
19 138
20 144
20 201
21 165
21 232
21 274
21 76
22 182
22 159
22 93
23 144
23 153
23 201
23 81
23 269
24 148
24 287
25 187
25 286
25 115
25 140
26 150
26 129
26 41
26 237
26 78
26 47
26 50
26 118
26 61
26 160
26 34
26 324
26 300
26 111
26 246
26 311
26 219
26 157
26 200
27 288
27 317
27 32
27 38
27 297
27 253
27 281
28 145
28 126
28 114
29 69
29 31
29 189
29 327
29 122
29 248
30 97
30 145
30 126
30 114
30 154
30 273
30 91
30 316
31 37
31 69
31 189
31 327
31 313
31 122
31 248
31 217
32 297
32 253
32 281
33 192
34 157
34 311
34 160
34 111
34 324
34 129
34 237
34 150
35 296
35 312
35 259
35 206
35 79
35 64
35 84
35 234
36 132
36 179
36 73
36 67
36 266
36 87
36 56
36 90
36 279
37 189
37 327
37 122
37 248
38 297
38 253
38 281
39 241
39 245
40 130
40 138
41 237
41 61
41 129
41 150
41 160
41 324
41 311
41 157
42 167
42 203
42 207
42 80
42 62
43 187
43 286
43 115
43 164
43 140
43 135
44 128
44 251
44 152
44 180
45 280
45 276
45 52
45 77
45 72
45 163
45 106
45 49
45 92
45 184
45 326
47 237
47 129
47 150
47 160
47 324
47 300
47 111
47 311
47 157
48 156
48 278
48 284
49 163
49 92
49 72
49 77
49 276
49 52
49 280
49 184
50 237
50 129
50 150
50 160
50 324
50 300
50 311
50 157
51 269
51 201
51 144
51 81
51 153
52 276
52 72
52 163
52 106
52 92
52 184
53 105
53 230
53 214
53 305
53 177
53 190
54 269
54 201
54 144
55 115
55 187
55 286
55 140
56 132
56 73
57 283
57 147
58 284
58 278
58 75
58 156
59 283
59 147
60 233
60 252
60 318
61 237
61 129
61 150
61 160
61 324
61 300
61 311
61 157
62 203
62 207
62 80
62 220
62 158
62 209
62 167
63 171
63 175
64 296
64 206
64 79
64 312
64 234
65 284
65 278
65 75
65 156
66 258
66 235
66 218
66 205
66 124
67 132
67 90
68 233
68 250
68 252
68 318
69 189
69 327
69 122
70 198
70 221
71 198
72 276
72 280
72 163
72 106
72 92
72 326
73 132
73 179
73 90
73 279
74 178
74 225
75 156
75 314
75 309
75 278
75 284
76 165
76 232
76 274
77 280
77 276
77 163
77 106
77 92
77 326
78 237
78 150
78 311
78 157
79 206
79 259
79 296
79 312
79 84
79 234
80 104
80 203
80 158
80 207
80 220
80 209
80 167
81 139
81 201
81 144
81 153
81 269
82 197
83 195
83 196
83 328
83 307
83 185
83 285
83 215
84 259
84 296
84 206
84 312
85 201
85 144
86 283
86 147
87 279
87 132
87 179
88 265
89 161
89 223
89 95
90 279
90 132
90 179
91 273
91 145
91 114
91 126
92 163
92 276
92 280
92 184
93 182
93 159
95 161
95 223
96 325
96 308
96 146
96 127
97 145
97 114
97 126
97 316
99 125
99 254
102 186
102 138
102 260
103 110
103 211
103 222
104 203
104 207
104 209
104 167
105 305
105 214
105 230
105 177
105 190
106 163
106 276
106 280
106 184
108 198
109 211
109 222
110 211
110 222
110 282
111 300
111 311
111 150
111 118
114 126
114 154
114 263
114 273
114 316
115 164
115 247
115 140
115 134
115 135
116 199
116 289
117 254
117 151
118 129
118 237
118 150
118 160
118 324
118 311
118 157
119 136
120 262
121 320
121 323
121 294
121 268
121 204
121 176
121 208
121 240
121 188
122 313
122 327
122 189
122 248
122 217
124 258
124 235
124 205
124 239
124 218
125 254
125 151
126 145
126 154
126 263
126 273
126 316
127 261
128 251
128 152
128 180
129 150
129 300
129 311
130 138
130 186
130 260
132 179
132 266
132 279
133 178
133 225
134 140
134 187
134 286
135 140
135 187
135 286
136 173
137 329
137 168
137 243
137 166
138 186
138 260
139 201
139 144
140 164
140 247
140 187
140 286
142 254
143 265
144 153
144 174
144 201
144 149
144 269
144 271
145 154
145 263
145 273
145 316
146 261
147 210
147 202
148 270
148 287
149 201
150 237
150 160
150 324
150 300
150 246
150 311
150 219
150 157
150 200
151 254
152 251
153 201
154 273
156 314
156 309
156 278
156 284
157 311
157 219
157 300
157 200
158 203
158 207
158 209
158 167
160 300
160 311
160 219
160 246
160 200
161 223
162 283
163 276
163 280
163 184
163 326
164 187
164 286
165 232
165 274
166 329
166 168
167 209
167 203
167 207
167 220
168 329
168 243
169 315
170 301
170 310
172 264
172 244
174 201
176 320
176 323
176 268
176 294
176 204
176 208
176 240
176 188
177 230
177 305
178 225
179 266
180 251
181 228
181 302
183 272
184 276
184 280
184 326
185 256
185 328
185 307
185 195
185 196
185 285
185 215
187 247
188 208
188 240
188 320
188 323
188 294
188 268
189 327
189 313
189 248
189 217
190 230
190 305
190 214
195 196
195 256
195 328
195 285
195 215
196 307
196 256
196 328
196 285
196 215
197 299
197 238
198 221
199 289
200 311
200 237
201 269
201 271
202 283
203 220
203 209
204 208
204 240
204 320
204 323
204 294
204 268
205 218
206 259
206 296
206 312
206 234
207 220
207 209
208 240
208 320
208 294
208 268
210 283
211 226
211 282
211 292
213 216
213 257
213 242
213 303
213 319
214 305
214 230
215 307
216 231
216 257
216 242
216 303
216 319
217 327
218 258
218 235
218 239
219 311
222 226
222 282
222 292
228 298
228 302
228 290
231 257
231 242
231 303
231 319
233 252
233 318
234 259
234 296
234 312
235 239
237 300
237 311
239 258
240 320
242 303
243 329
246 311
247 286
248 327
248 313
250 252
250 318
253 281
253 288
253 317
256 307
259 296
259 312
261 325
261 308
267 275
273 316
276 326
278 314
278 309
281 297
284 314
284 309
285 307
288 297
290 302
294 323
294 320
297 317
300 311
300 324
307 328
311 324
