heur035_n_345_m_17798
1 76
1 86
1 96
1 132
1 214
1 248
1 215
1 251
1 196
1 296
1 303
1 336
1 115
1 127
2 339
2 307
2 320
2 47
2 62
2 292
2 310
3 272
3 277
3 280
3 122
3 124
4 168
4 272
4 277
4 280
4 122
4 124
5 225
5 231
5 129
5 278
5 250
6 272
6 277
6 280
6 122
6 124
7 258
7 9
7 41
7 22
7 151
7 281
8 33
8 66
8 68
8 78
8 24
8 285
8 329
8 58
8 232
8 217
8 26
9 81
9 84
9 89
9 152
9 156
9 258
9 281
10 37
10 272
10 277
10 343
10 280
10 122
10 124
11 68
11 78
11 24
11 285
11 329
11 58
11 217
11 26
12 339
12 307
12 57
12 42
12 320
12 47
12 62
12 292
12 310
13 68
13 24
13 329
13 58
13 217
13 26
14 243
14 112
14 90
14 155
14 113
15 177
15 178
15 179
15 64
15 133
15 95
15 108
15 79
15 147
15 92
15 40
15 275
15 77
16 264
16 243
16 112
16 90
16 155
16 113
17 288
17 263
17 169
17 234
17 118
17 324
17 267
17 239
17 306
17 316
18 264
18 243
18 112
18 113
19 130
19 101
19 104
19 93
19 158
19 102
19 213
19 131
20 114
20 256
20 164
20 134
20 270
20 279
20 189
20 170
21 132
21 96
21 248
21 214
21 215
21 76
21 86
21 251
21 196
21 296
21 303
21 336
21 115
21 127
22 81
22 84
22 89
22 152
22 156
22 258
22 281
23 158
23 130
23 101
23 293
23 104
23 93
23 102
23 213
23 131
24 329
24 289
24 58
24 167
24 154
24 217
24 26
25 330
25 317
25 318
25 98
25 116
25 94
25 105
25 106
26 232
26 154
26 167
26 289
26 33
26 66
26 68
26 78
26 285
27 209
27 230
27 32
27 227
27 71
27 201
27 175
27 244
27 53
27 222
27 140
27 211
28 209
28 230
28 71
28 201
28 53
28 140
28 211
29 158
29 130
29 101
29 104
29 93
29 102
29 213
29 131
30 130
30 101
30 104
30 93
30 158
30 102
30 213
30 131
31 160
31 163
31 291
31 228
31 294
31 207
31 344
31 157
32 209
32 230
32 71
32 53
32 211
33 329
33 289
33 58
33 167
33 154
33 217
34 328
34 50
34 52
34 302
34 315
34 283
34 82
34 321
35 146
35 125
35 159
35 290
35 323
35 305
35 271
36 162
36 173
36 174
36 120
36 51
37 272
37 277
37 280
37 122
37 124
38 327
38 333
38 334
38 337
38 340
38 342
38 185
38 187
38 188
38 319
39 158
39 130
39 101
39 104
39 93
39 102
39 213
39 131
40 64
40 133
40 177
40 178
40 179
40 147
40 123
40 95
41 81
41 84
41 89
41 152
41 156
41 258
41 281
42 307
42 339
42 224
42 320
42 47
42 62
42 292
42 310
43 128
43 72
43 111
43 240
43 245
43 55
43 247
43 117
44 136
44 139
44 73
44 171
44 182
44 183
44 345
44 190
44 74
45 114
45 256
45 164
45 134
45 270
45 279
45 189
45 170
46 162
46 173
46 174
46 120
47 224
47 194
47 320
47 205
47 57
47 126
47 292
47 310
48 330
48 317
48 318
48 98
48 116
48 94
48 105
48 106
49 162
49 173
49 174
49 120
50 257
50 262
50 265
50 299
50 241
50 61
50 197
50 266
50 269
50 274
50 82
51 162
51 173
51 174
51 120
52 257
52 262
52 265
52 299
52 241
52 61
52 197
52 266
52 269
52 274
52 82
53 227
53 201
53 244
53 153
53 222
53 161
53 175
53 65
53 230
53 209
53 140
53 211
54 327
54 333
54 334
54 337
54 340
54 342
54 185
54 187
54 188
54 319
55 60
55 70
55 72
56 243
56 112
56 90
56 155
56 113
57 307
57 339
57 320
57 62
57 292
57 310
58 289
58 167
58 232
58 154
58 66
58 68
58 78
58 285
59 130
59 101
59 104
59 93
59 158
59 102
59 213
59 131
60 240
60 247
60 245
60 72
60 117
60 128
60 111
61 265
61 299
61 328
61 262
61 266
61 269
61 302
61 315
61 283
61 82
61 321
62 224
62 320
62 194
62 205
62 307
62 339
62 126
62 292
62 310
63 286
63 331
64 177
64 178
64 179
64 108
64 79
64 147
64 123
64 92
64 275
64 77
65 209
65 71
65 211
66 329
66 289
66 167
66 154
66 217
67 330
67 317
67 318
67 98
67 116
67 94
67 105
67 106
68 329
68 289
68 167
68 154
68 217
69 286
69 331
70 240
70 247
70 245
70 72
70 117
70 128
70 111
71 227
71 201
71 244
71 153
71 222
71 161
71 175
71 230
71 209
71 140
71 211
72 128
72 117
72 111
72 240
72 245
72 247
73 190
73 172
73 221
74 136
74 139
74 172
74 171
74 182
74 183
74 221
75 160
75 291
75 163
75 228
75 294
75 207
75 344
75 157
76 96
76 132
76 248
76 196
76 296
76 303
76 336
76 273
76 115
76 282
76 252
76 253
77 133
77 177
77 178
77 179
77 147
77 123
77 95
78 329
78 289
78 167
78 154
78 217
79 123
79 147
79 133
79 177
79 178
79 179
79 95
80 162
80 174
80 184
81 151
81 258
81 281
82 257
82 197
82 262
82 328
82 265
82 266
82 299
82 269
82 302
82 283
82 241
82 274
82 315
82 321
83 135
83 176
83 181
83 191
83 326
83 338
84 151
84 258
84 281
85 130
85 101
85 104
85 158
85 138
85 144
85 93
85 102
85 213
85 131
86 96
86 132
86 248
86 196
86 296
86 303
86 336
86 273
86 115
86 282
86 252
86 253
87 166
87 238
87 216
87 314
88 166
88 238
88 308
88 216
88 314
89 151
89 258
89 281
90 198
90 204
90 243
90 113
91 286
91 331
92 123
92 147
92 133
92 177
92 178
92 179
92 95
93 293
93 138
93 144
93 158
93 149
93 143
93 102
93 131
94 219
95 177
95 178
95 179
95 108
95 147
95 123
95 275
96 132
96 248
96 214
96 215
96 251
96 196
96 296
96 303
96 336
96 273
96 115
96 282
96 252
96 253
96 127
97 135
97 176
97 181
97 249
97 191
97 311
97 338
98 219
99 325
99 295
99 298
99 309
99 313
99 287
99 233
99 236
99 254
99 200
99 195
99 203
99 297
100 166
100 238
100 308
100 216
100 314
101 130
101 293
101 138
101 144
101 158
101 149
101 143
101 102
101 131
102 130
102 293
102 104
102 158
102 138
102 143
102 144
102 149
102 213
102 131
103 145
103 312
104 293
104 138
104 144
104 158
104 149
104 143
105 219
106 219
107 137
107 142
107 335
107 145
107 312
108 123
108 147
108 133
108 177
108 178
108 179
109 160
109 291
109 163
109 228
109 294
109 207
109 344
109 220
109 157
110 312
112 260
112 198
112 204
112 243
112 113
113 260
113 198
113 264
113 204
113 243
113 212
113 155
114 256
114 270
114 279
114 255
114 189
115 196
115 273
115 282
115 252
115 253
115 127
115 132
115 214
115 215
115 251
116 219
118 301
118 276
118 324
118 267
118 239
118 306
118 180
118 316
119 335
119 145
119 312
120 162
120 174
120 184
121 135
121 176
121 242
121 181
122 272
122 280
122 277
122 341
122 343
122 168
123 133
123 177
123 178
123 275
124 272
124 280
124 277
124 341
124 343
124 168
125 304
125 300
125 332
125 192
125 290
125 323
125 165
125 305
125 186
125 271
126 307
126 339
126 320
126 292
126 310
127 282
127 252
127 253
127 196
127 296
127 303
127 336
127 132
127 248
129 226
129 218
129 235
129 225
129 206
129 231
129 268
130 293
130 138
130 144
130 158
130 149
130 143
130 131
131 138
131 143
131 144
131 149
131 158
131 293
131 213
132 248
132 214
132 215
132 251
132 296
132 303
132 336
132 273
132 282
132 252
132 253
133 177
133 178
133 179
133 147
133 275
134 256
134 255
134 270
134 279
134 189
135 249
135 242
135 191
135 326
135 311
135 338
136 221
136 172
136 190
137 312
138 213
139 221
139 172
139 345
139 190
140 161
140 227
140 230
140 209
140 211
141 335
141 145
141 312
142 312
142 335
143 158
143 213
144 213
145 312
145 150
146 304
146 300
146 332
146 192
146 323
146 165
146 305
146 186
146 271
147 177
147 178
147 179
147 275
148 344
148 291
148 163
148 160
148 228
148 294
148 207
148 220
148 157
149 293
149 158
149 213
150 335
150 312
151 152
151 156
151 258
151 281
152 258
152 281
153 209
153 211
154 232
154 217
154 329
154 285
155 260
155 198
155 264
155 204
155 243
156 258
156 281
157 228
157 294
157 210
157 220
157 199
157 163
158 293
158 213
159 304
159 300
159 332
159 192
159 290
159 323
159 165
159 305
159 186
159 271
160 228
160 294
160 210
160 220
160 199
160 163
161 201
161 211
162 173
162 184
162 202
163 344
163 291
163 228
163 199
163 207
163 210
163 220
164 256
164 255
164 270
164 279
164 189
165 305
165 290
165 323
165 271
166 322
166 308
166 314
166 246
167 232
167 217
167 329
167 285
168 272
168 277
168 280
169 301
169 276
169 324
169 267
169 239
169 306
169 180
169 316
170 256
170 270
170 279
170 189
170 255
171 345
171 190
171 172
171 221
172 182
172 183
172 345
172 190
173 174
173 184
174 184
174 202
175 230
175 209
175 211
176 249
176 242
176 191
176 326
176 311
176 338
177 275
178 275
179 275
180 288
180 324
180 263
180 234
180 267
180 239
180 306
180 316
181 249
181 242
181 191
181 326
181 311
181 338
182 190
182 221
183 190
183 221
185 333
185 327
185 319
185 334
186 305
186 290
186 323
186 271
187 333
187 327
187 319
188 333
188 327
188 319
189 256
189 270
189 279
190 221
191 338
192 305
192 290
192 323
192 271
193 331
193 286
194 320
194 307
194 339
194 292
194 310
195 325
195 309
195 313
195 284
195 297
196 296
196 336
196 303
196 273
196 282
196 252
196 253
196 214
196 248
196 215
196 251
197 315
197 283
197 302
197 328
197 321
198 243
199 228
199 294
199 207
199 344
199 291
200 325
200 309
200 313
200 284
200 297
201 244
201 230
201 209
201 211
203 325
203 309
203 313
203 284
204 243
204 264
205 320
205 307
205 339
205 292
205 310
206 278
206 250
207 228
207 294
207 210
207 220
208 331
208 286
209 222
209 211
210 228
210 294
210 344
210 291
211 227
211 230
211 244
211 222
212 243
213 293
214 248
214 296
214 303
214 336
214 273
214 282
214 252
214 253
215 248
215 296
215 303
215 336
215 273
215 282
215 252
215 253
216 322
216 308
216 314
216 246
217 289
217 232
217 285
218 250
218 278
218 225
218 231
219 330
219 317
219 318
220 294
220 344
220 291
221 345
222 230
223 331
223 286
224 320
224 307
224 339
224 292
224 310
225 226
225 235
225 278
225 250
226 250
226 278
226 231
228 294
228 344
228 291
229 286
229 331
231 235
231 278
231 250
232 289
232 329
233 325
233 309
233 313
233 284
233 297
234 301
234 276
234 324
234 267
234 239
234 306
234 316
235 250
235 278
236 325
236 309
236 313
236 284
236 297
237 286
237 331
238 322
238 308
238 314
238 246
239 306
239 324
239 288
239 263
239 301
241 328
241 265
241 266
241 302
241 315
241 283
241 321
242 326
242 338
243 260
243 264
246 314
248 251
248 273
248 282
248 252
248 253
249 338
250 268
251 296
251 303
251 336
251 282
251 252
251 253
252 296
252 303
252 336
253 296
253 303
253 336
254 325
254 309
254 313
254 284
254 297
255 270
255 279
256 270
256 279
257 328
257 265
257 299
257 302
257 315
257 283
257 321
259 286
259 331
261 286
261 331
262 328
262 265
262 302
262 315
262 283
262 321
263 276
263 301
263 324
263 267
263 306
263 316
265 328
265 266
265 269
265 302
265 315
265 274
265 283
265 321
266 302
266 315
266 283
266 328
266 321
267 306
267 324
267 288
267 301
267 276
268 278
269 302
269 315
269 283
269 328
269 321
271 300
271 332
271 304
272 341
272 343
273 296
273 303
273 336
274 302
274 315
274 283
274 328
274 321
276 288
276 324
276 306
277 341
277 343
280 341
280 343
282 296
282 303
282 336
283 299
284 325
284 295
284 298
284 309
284 313
284 287
284 297
285 329
285 289
287 313
287 325
287 309
287 297
288 301
288 324
288 306
288 316
289 329
290 300
290 332
290 304
291 294
292 307
292 339
294 344
295 313
295 325
295 309
295 297
297 325
297 298
297 309
297 313
298 313
298 325
298 309
299 328
299 302
299 315
299 321
300 323
300 305
301 324
301 306
301 316
304 323
304 305
305 332
306 316
307 320
307 310
310 339
316 324
319 334
319 337
319 340
319 342
320 339
323 332
327 334
327 337
327 340
327 342
333 334
333 337
333 340
333 342
