heur006_n_180_m_6067
1 132
1 138
1 139
1 140
1 47
1 48
1 49
1 50
1 51
1 52
1 115
1 143
1 146
1 80
2 107
2 108
2 113
2 121
2 125
2 164
2 110
2 58
2 178
2 24
2 127
2 42
2 40
3 135
3 142
3 149
3 150
3 28
3 53
3 60
3 91
3 148
4 46
4 147
4 149
4 150
4 155
4 135
4 53
4 91
4 60
4 142
4 148
5 96
5 98
5 160
5 81
5 82
5 83
5 84
5 87
5 122
5 95
5 126
6 108
6 113
6 125
6 164
6 110
6 178
6 24
6 127
6 42
6 40
7 152
7 154
7 156
7 45
7 100
7 168
7 76
7 78
7 63
7 157
7 57
8 107
8 113
8 114
8 116
8 121
8 125
8 110
8 58
8 178
8 24
8 127
8 42
9 165
9 167
9 170
9 44
9 55
9 29
10 147
10 149
10 150
10 155
10 28
10 135
10 53
10 91
10 27
10 60
10 142
10 148
11 107
11 108
11 113
11 116
11 121
11 125
11 164
11 110
11 178
11 24
11 127
11 42
11 40
12 102
12 105
12 106
12 59
12 61
12 118
12 94
12 71
12 67
12 99
12 166
12 38
12 134
12 79
13 64
13 66
13 162
13 68
13 69
13 72
13 74
13 174
13 18
13 85
13 56
13 89
13 90
13 123
13 92
13 93
13 62
14 46
14 147
14 149
14 150
14 155
14 135
14 53
14 91
14 27
14 60
14 142
14 148
15 107
15 108
15 113
15 116
15 121
15 125
15 164
15 110
15 178
15 24
15 127
15 40
16 165
16 167
16 170
16 44
16 55
17 91
17 46
17 147
17 149
17 150
17 53
17 155
17 28
17 60
17 142
17 148
18 89
18 66
18 69
18 72
18 85
18 56
18 92
18 93
18 62
18 74
18 68
18 64
18 123
19 100
19 76
19 45
19 78
19 57
19 154
19 156
19 157
19 63
20 107
20 108
20 110
20 58
20 178
20 24
20 42
21 165
21 170
21 44
21 104
21 55
21 29
22 172
22 173
22 120
22 151
22 159
22 131
23 65
23 144
23 86
23 169
23 54
23 124
23 141
24 164
24 107
24 108
24 110
24 113
24 121
24 58
24 125
24 40
25 144
25 86
25 169
25 54
25 124
25 141
26 65
26 144
26 86
26 169
26 54
26 141
27 135
27 91
27 147
27 149
27 150
27 53
27 155
27 142
27 148
28 46
28 147
28 149
28 150
28 155
28 135
28 91
28 60
28 142
28 148
29 130
29 165
29 167
29 170
30 109
30 112
30 163
30 70
30 137
31 137
32 109
32 112
32 117
32 163
32 70
32 137
33 163
33 109
33 112
33 137
34 133
34 109
34 112
34 117
34 163
34 70
34 137
35 120
35 151
35 159
35 131
36 133
36 109
36 112
36 117
36 163
36 137
37 133
37 109
37 112
37 117
37 163
37 70
37 137
38 161
38 67
38 99
38 102
38 103
38 71
38 105
38 166
38 118
38 119
38 59
38 61
38 94
38 134
39 120
39 172
39 173
39 175
39 176
39 177
39 179
39 88
39 159
39 131
40 164
40 107
40 125
41 120
41 173
41 88
41 151
41 159
41 131
42 164
42 107
42 113
42 116
42 125
42 127
43 111
43 144
43 86
43 169
43 141
44 165
44 167
44 170
44 104
44 130
45 171
45 152
45 154
45 156
45 100
45 168
45 76
45 78
46 147
46 149
46 150
46 155
46 135
46 91
46 142
46 148
47 132
47 138
47 139
47 140
47 143
47 80
48 132
48 138
48 139
48 140
48 143
48 146
48 80
49 132
49 138
49 139
49 140
49 143
49 146
49 80
50 132
50 138
50 139
50 140
50 143
50 80
51 132
51 138
51 139
51 140
51 115
51 143
52 132
52 138
52 139
52 140
52 143
52 146
52 80
53 147
53 149
53 150
53 155
53 142
53 148
54 169
54 111
54 144
54 86
54 124
54 141
55 165
55 167
55 170
55 130
56 89
56 92
56 93
56 123
56 162
57 168
57 171
57 76
57 152
57 154
57 156
57 157
58 108
59 102
59 103
59 105
59 106
59 161
59 166
59 134
60 135
60 91
60 147
60 149
60 150
60 155
60 142
60 148
61 102
61 103
61 105
61 106
61 161
61 166
61 134
62 89
62 123
62 162
63 168
63 152
63 154
63 156
63 157
64 92
64 93
64 123
65 111
65 169
65 124
65 141
66 89
66 123
66 162
67 161
67 102
67 103
67 105
67 94
67 166
67 134
67 79
68 85
68 89
68 123
68 162
69 85
69 89
69 123
69 162
70 163
70 133
70 109
70 112
70 117
70 137
71 161
71 103
71 105
71 106
71 166
72 89
72 123
72 162
73 128
73 136
73 145
74 89
74 123
74 162
75 129
75 145
75 180
76 168
76 171
76 154
76 156
76 157
77 145
77 180
77 158
78 168
78 171
78 154
78 156
79 161
79 102
79 103
79 106
79 118
80 138
80 139
80 140
80 115
80 146
81 97
81 98
81 160
81 101
81 122
81 126
82 96
82 97
82 98
82 160
82 122
82 95
82 126
83 97
83 98
83 160
83 101
83 122
84 96
84 97
84 101
84 122
84 95
84 126
85 162
86 111
86 124
87 97
87 160
87 101
87 122
88 173
88 177
88 179
88 120
88 151
88 131
89 162
91 149
92 174
92 123
92 162
93 123
93 162
94 102
94 103
94 105
94 106
94 119
94 166
94 134
95 98
95 101
95 122
95 126
96 122
97 160
97 126
98 160
98 126
99 134
100 168
100 152
100 153
100 154
100 156
100 157
101 160
101 126
102 161
102 166
102 134
103 161
103 166
103 134
104 165
104 167
104 170
104 130
105 161
105 166
105 134
106 161
106 166
106 134
107 164
107 178
108 164
108 178
108 127
109 133
109 163
110 125
110 178
110 127
111 144
111 169
111 124
111 141
112 133
112 163
113 164
114 127
115 143
116 164
116 178
117 133
117 163
117 137
118 161
118 166
118 134
119 161
119 166
119 134
120 173
120 176
120 177
120 179
120 151
121 178
122 160
122 126
123 162
124 169
124 144
124 141
125 164
125 178
126 160
127 178
128 158
128 180
129 180
130 170
131 172
131 173
131 175
131 176
131 177
131 179
131 151
131 159
133 163
134 161
134 166
135 147
135 149
135 150
135 155
135 148
136 180
137 163
138 146
139 146
140 146
145 158
145 180
151 172
151 173
151 175
151 176
151 177
151 179
157 171
158 180
159 172
159 173
159 175
159 176
159 179
161 166
162 174
168 171
