heur011_n_250_m_6574
1 88
2 157
3 38
4 174
4 123
5 164
5 244
5 165
7 236
7 112
7 100
7 167
7 97
11 81
11 68
12 83
15 88
16 119
17 44
17 105
17 46
17 73
17 50
17 179
17 85
17 120
20 44
20 231
20 245
20 105
20 46
20 73
20 237
20 50
20 179
20 85
20 120
20 249
21 66
23 95
23 63
24 160
25 185
26 169
28 129
28 193
28 201
28 61
28 149
30 159
30 57
30 122
31 52
32 162
32 80
32 110
32 117
32 70
33 96
33 106
35 115
36 208
36 209
36 224
36 219
37 126
39 212
40 180
40 69
41 84
41 55
43 241
43 124
44 231
44 245
44 105
44 73
44 237
44 179
44 85
44 120
44 249
45 64
45 243
45 116
45 71
46 105
46 231
46 245
46 73
46 237
46 179
46 85
46 120
46 249
47 186
47 222
48 129
48 193
48 201
48 61
48 149
49 199
49 228
50 120
50 249
50 179
50 237
50 85
50 73
50 231
50 105
50 245
51 141
51 130
51 94
53 86
55 84
56 146
56 182
57 159
57 122
58 161
59 230
60 144
60 131
60 163
61 149
61 129
61 193
61 201
62 108
62 135
62 102
62 103
63 95
63 210
64 243
64 116
66 227
66 139
67 94
67 130
67 141
68 81
68 133
69 180
70 110
70 117
70 162
70 80
71 243
72 194
73 237
73 179
73 85
73 249
73 231
73 105
73 245
74 235
74 150
74 140
75 206
75 172
75 238
75 240
75 187
75 191
76 248
78 121
78 216
79 217
79 203
80 162
80 110
80 117
81 133
85 237
85 120
85 249
85 179
85 231
85 105
85 245
87 250
89 204
89 148
90 234
90 158
91 143
92 151
92 166
94 130
94 141
95 210
96 106
97 167
97 236
97 112
98 250
98 213
99 190
100 112
100 236
100 167
102 103
102 135
103 135
104 233
104 136
104 152
104 183
105 231
105 245
105 237
105 179
105 249
107 235
107 150
107 140
108 135
109 168
109 147
110 162
112 236
113 220
113 156
113 171
113 196
114 177
116 243
117 162
118 195
118 205
119 211
119 221
119 223
120 249
120 179
120 237
120 231
120 245
121 216
122 159
123 174
124 241
125 177
127 176
129 193
131 163
134 185
136 152
136 183
137 185
142 200
142 173
142 218
142 178
142 181
144 163
145 189
146 182
147 168
147 170
147 155
148 204
149 193
152 233
152 183
153 220
153 196
154 184
156 220
156 196
158 234
160 247
164 244
165 244
167 236
168 170
171 196
171 220
172 187
172 240
172 238
172 191
172 206
173 225
173 215
173 200
173 239
173 218
173 178
173 181
175 197
178 218
178 239
178 215
179 249
179 237
179 231
179 245
181 218
181 200
181 239
181 215
183 233
186 222
187 240
187 238
187 206
191 240
191 238
191 206
192 246
193 201
195 205
196 220
199 228
200 239
200 225
200 215
200 218
202 242
206 238
206 240
218 239
