heur021_n_320_m_13507
1 291
1 268
1 270
1 277
1 280
1 153
2 104
2 75
2 227
2 264
2 111
2 210
2 149
2 123
2 221
2 102
2 297
3 178
3 32
3 288
3 302
3 308
3 313
3 316
3 319
3 311
3 246
3 86
4 96
4 69
4 104
4 74
4 83
4 85
4 227
4 264
4 111
4 210
4 149
4 250
4 123
4 221
4 102
4 297
5 82
5 203
5 22
5 312
6 33
6 29
6 215
6 222
6 128
6 303
7 56
7 59
7 14
8 71
8 73
8 12
8 95
8 225
8 295
8 265
8 13
8 272
8 43
8 34
9 91
9 80
9 56
9 59
9 14
10 307
10 161
10 290
10 257
11 199
11 101
11 30
11 61
11 173
12 53
12 52
12 225
12 295
12 265
12 235
12 13
12 272
12 43
12 34
12 81
13 272
13 225
13 235
13 265
13 295
13 71
13 73
13 52
13 53
13 95
13 43
13 81
14 59
14 15
14 80
14 23
14 24
14 56
14 91
15 91
15 80
15 56
15 59
16 215
16 222
16 128
17 64
17 137
17 236
17 205
17 143
17 51
17 243
17 244
17 62
17 63
17 269
17 247
18 35
18 167
18 39
18 182
18 215
18 214
18 28
18 222
18 128
18 303
19 70
19 294
19 46
19 112
19 58
20 96
20 69
20 74
20 83
20 85
20 75
20 227
20 264
20 111
20 210
20 114
20 149
20 250
20 123
20 221
20 102
20 297
21 194
21 258
21 267
21 314
21 304
21 188
21 217
21 282
21 284
21 317
21 254
22 67
22 68
22 202
22 203
22 76
22 77
22 209
22 82
22 242
22 189
23 91
23 80
23 56
23 59
24 91
24 80
24 56
24 59
25 129
25 70
25 294
25 46
25 142
25 112
25 121
25 58
25 125
26 192
26 178
26 180
26 187
26 288
26 302
26 308
26 313
26 316
26 311
26 246
26 41
27 199
27 101
27 30
27 61
27 173
28 167
28 215
28 214
28 222
28 33
28 29
28 128
28 303
29 35
29 39
29 44
29 182
29 215
29 222
29 128
30 195
30 101
30 199
30 219
30 48
30 84
30 184
30 31
30 109
31 195
31 219
31 101
31 109
32 192
32 178
32 180
32 187
32 302
32 308
32 316
32 319
32 311
32 232
32 246
32 86
33 35
33 167
33 39
33 182
33 215
33 214
33 222
33 128
33 303
34 225
34 71
34 73
34 265
34 43
34 272
34 52
34 95
35 182
35 215
35 214
35 222
35 128
36 296
36 196
36 208
36 185
36 229
37 185
37 196
37 296
37 198
37 238
37 208
37 55
37 229
38 288
38 308
38 313
38 316
38 319
38 311
38 246
38 86
39 167
39 215
39 222
39 128
39 303
40 288
40 302
40 313
40 316
40 319
40 311
40 246
41 288
41 302
41 308
41 246
41 311
41 313
41 316
41 319
41 86
42 151
42 160
42 105
42 113
42 117
42 88
43 225
43 71
43 73
43 295
43 265
43 235
43 272
43 52
43 53
43 95
43 81
44 182
44 215
44 222
44 128
44 303
45 64
45 236
45 205
45 243
45 244
45 137
45 143
45 247
46 129
46 142
46 110
46 112
46 121
46 125
46 294
47 120
47 275
47 310
48 195
48 184
48 219
48 101
48 61
48 109
49 307
49 161
49 290
49 179
49 216
50 120
50 275
50 310
51 64
51 236
51 205
51 243
51 244
51 224
51 137
51 143
52 71
52 73
52 95
52 295
52 265
52 235
52 272
53 225
53 295
53 265
53 235
53 272
54 307
54 290
55 196
55 296
55 198
55 238
55 229
57 64
57 236
57 205
57 244
57 137
57 143
57 269
57 247
58 129
58 142
58 110
58 112
58 121
58 125
60 307
60 161
60 290
61 195
61 101
61 199
61 219
61 84
61 184
61 109
62 64
62 236
62 205
62 243
62 244
62 224
62 137
62 143
62 269
62 247
63 64
63 236
63 205
63 244
63 224
63 137
63 143
64 224
64 137
64 143
64 269
64 247
65 120
65 275
65 310
66 120
66 275
67 209
67 242
67 189
67 76
67 312
68 209
68 242
68 76
68 312
69 75
69 264
69 111
69 210
69 149
69 123
69 221
69 102
69 297
70 129
70 142
70 110
70 112
70 121
70 125
70 294
71 225
71 295
71 265
71 235
71 272
72 120
72 275
72 310
73 225
73 295
73 265
73 235
73 272
73 81
74 75
74 210
74 250
75 96
75 104
75 83
75 85
75 227
75 264
75 111
75 210
75 114
75 149
75 250
75 123
75 221
75 102
75 297
76 202
76 203
76 312
77 209
77 242
77 189
77 312
78 162
78 130
78 133
78 135
78 141
78 116
78 118
78 157
78 320
78 228
78 233
78 300
78 281
78 124
79 200
79 273
79 285
79 206
79 168
79 271
81 225
81 265
81 272
81 95
82 209
82 242
82 189
82 312
83 264
83 111
83 210
83 149
83 123
83 221
83 102
83 297
84 195
84 199
84 184
84 219
84 101
84 173
84 109
85 264
85 111
85 210
85 149
85 123
85 221
85 102
85 297
86 178
86 180
86 311
86 187
86 192
86 232
87 185
87 296
87 229
88 163
88 150
88 151
88 158
88 156
89 89
89 293
89 273
89 285
89 206
89 168
89 271
90 288
90 302
90 308
90 311
90 313
90 316
90 246
92 120
92 275
93 293
93 273
93 285
93 287
93 206
93 168
93 271
93 226
94 139
94 140
94 144
94 152
94 155
95 225
95 295
95 265
95 235
95 272
96 227
96 264
96 111
96 210
96 149
96 250
96 123
96 221
96 102
96 297
97 120
97 275
97 310
98 139
98 140
98 144
98 152
99 139
99 140
99 144
99 152
99 155
100 139
100 140
100 144
100 152
100 154
100 155
101 195
101 199
101 219
101 173
101 109
102 210
102 114
102 250
102 297
103 139
103 140
103 144
103 152
103 155
104 210
104 297
105 163
105 150
105 151
105 158
105 156
106 194
106 258
106 267
106 282
106 304
106 284
106 217
106 314
106 188
106 317
106 254
107 140
108 120
108 275
108 310
109 173
110 294
111 264
111 250
111 210
111 297
112 294
113 163
113 150
113 151
113 158
113 156
114 210
115 307
115 161
115 290
116 141
116 157
116 320
116 228
116 165
116 233
116 300
116 174
116 281
116 127
117 163
117 150
117 151
117 158
117 156
118 162
118 141
118 157
118 320
118 228
118 165
118 233
118 300
118 174
118 281
118 127
119 159
119 207
119 175
119 148
119 276
119 186
119 164
119 263
119 218
119 134
120 275
120 310
121 294
122 266
122 240
122 309
122 169
122 292
122 299
122 241
122 278
122 318
123 250
123 210
123 297
124 320
124 228
124 233
124 300
124 281
124 130
124 133
124 135
124 141
125 294
126 261
126 230
126 204
126 220
126 255
127 320
127 228
127 233
127 300
127 281
127 162
127 130
127 133
127 135
127 138
127 141
127 157
128 167
128 182
128 214
128 215
128 222
128 303
129 294
130 162
130 141
130 157
130 320
130 131
130 228
130 165
130 233
130 300
130 174
130 281
131 320
131 228
131 233
131 300
131 281
131 133
131 141
132 291
132 268
132 270
132 277
132 280
132 153
133 162
133 138
133 141
133 157
133 320
133 228
133 165
133 233
133 300
133 174
133 281
134 263
134 172
134 237
134 207
134 175
134 148
134 276
134 186
134 159
135 162
135 141
135 157
135 320
135 228
135 165
135 233
135 300
135 174
135 281
136 185
136 196
136 296
136 198
136 229
137 224
137 236
137 205
137 243
137 244
137 143
137 269
137 247
138 320
138 228
138 165
138 233
138 300
138 174
138 281
141 320
141 228
141 165
141 233
141 300
141 174
141 281
142 294
143 224
143 236
143 205
143 243
143 244
143 269
143 247
145 291
145 268
145 270
145 277
145 280
145 153
146 291
146 268
146 270
146 277
146 280
146 153
147 291
147 268
147 270
147 277
147 280
147 153
148 172
148 237
148 164
148 263
148 218
149 250
149 210
150 160
151 160
153 291
153 268
153 280
153 190
156 160
157 320
157 228
157 165
157 233
157 300
157 174
157 281
158 160
159 172
159 237
159 207
159 186
160 163
161 307
162 320
162 228
162 165
162 233
162 300
162 174
162 281
164 172
164 237
164 207
164 175
164 276
164 186
165 320
165 228
165 233
165 300
165 281
166 253
166 191
168 287
168 200
168 206
168 211
168 223
168 271
168 226
169 231
169 234
169 266
169 298
169 240
169 309
169 201
169 289
169 292
169 299
169 241
169 278
169 279
169 283
169 286
170 177
170 259
170 204
170 305
170 274
170 251
170 220
170 255
171 253
171 256
171 301
171 306
171 252
171 181
171 191
172 207
172 175
172 276
172 186
172 263
172 218
173 195
173 184
174 320
174 228
174 233
174 300
174 281
175 237
175 263
175 218
176 253
176 191
177 261
177 230
177 259
177 260
177 204
177 305
177 274
177 220
177 255
178 288
178 302
178 308
178 313
178 316
178 319
178 311
178 246
179 307
180 288
180 302
180 308
180 313
180 316
180 319
180 311
180 246
181 253
181 191
182 303
183 191
185 296
185 238
185 245
185 249
185 213
185 229
186 237
186 263
186 218
187 288
187 302
187 308
187 313
187 316
187 319
187 311
187 246
188 282
188 304
188 254
189 203
189 312
190 291
190 268
190 270
190 277
190 280
191 256
191 301
191 239
191 306
191 212
191 252
191 253
192 288
192 302
192 308
192 313
192 316
192 319
192 311
192 246
193 259
193 260
193 204
193 305
193 274
193 251
193 220
193 255
194 314
194 282
194 284
194 304
194 254
196 296
196 238
196 245
196 249
196 213
196 229
197 296
197 229
198 262
198 296
198 238
198 249
198 229
200 293
200 273
200 285
200 287
200 206
200 271
201 231
201 234
201 266
201 298
201 240
201 309
201 315
201 292
201 299
201 241
201 278
201 279
201 283
201 318
201 286
202 312
203 209
203 242
203 312
204 259
204 260
204 305
204 274
204 251
204 261
204 220
204 255
205 224
205 269
205 247
206 287
206 293
206 273
206 211
206 285
206 223
206 226
207 237
207 263
207 218
208 262
208 296
208 238
208 245
208 229
209 312
210 264
210 250
210 221
210 227
210 297
211 293
211 273
211 285
211 287
211 271
211 226
212 253
213 296
213 229
215 303
216 307
217 258
217 282
217 314
217 304
217 254
218 237
218 276
220 259
220 260
220 261
220 230
220 305
220 274
220 251
220 255
222 303
223 293
223 273
223 285
223 271
224 236
224 243
224 244
224 269
224 247
226 293
226 271
226 273
226 285
227 297
229 262
229 296
229 238
229 245
229 249
230 259
230 260
230 305
230 274
230 251
230 255
231 266
231 298
231 309
231 315
231 289
231 292
231 299
231 241
231 278
231 318
231 286
232 288
232 302
232 308
232 311
232 313
232 316
232 319
232 246
234 315
234 292
234 299
234 278
234 286
236 269
236 247
237 276
237 263
239 253
240 309
240 315
240 289
240 278
241 278
241 286
241 298
241 309
241 315
242 312
243 269
243 247
244 269
244 247
246 311
250 264
250 297
251 261
252 253
253 256
253 301
253 306
254 258
254 267
254 282
254 304
254 284
254 314
254 317
255 259
255 260
255 261
255 274
257 307
258 267
258 282
258 317
258 304
259 261
260 261
261 305
261 274
263 276
266 298
266 309
266 315
266 289
266 278
266 279
266 283
266 318
266 286
271 287
271 293
271 273
271 285
275 310
278 299
278 318
278 298
278 309
278 315
279 299
279 318
279 298
279 309
283 286
283 309
284 304
286 298
286 309
286 315
288 311
289 299
289 318
289 298
289 309
289 315
290 307
292 315
299 309
299 315
302 311
304 314
304 317
308 311
311 313
311 316
311 319
