heur013_n_250_m_22395
1 189
2 40
4 99
4 36
4 37
4 174
5 136
6 104
6 177
8 40
9 144
9 164
9 165
10 153
10 209
10 225
10 100
10 167
11 82
13 40
15 155
15 159
17 99
17 36
17 37
17 138
17 43
17 174
18 130
18 34
18 146
18 142
20 197
20 65
20 179
20 125
22 96
22 173
23 70
23 135
23 127
24 204
25 216
25 197
25 166
25 158
25 179
25 125
26 100
26 167
29 86
30 94
31 85
31 151
34 84
36 99
36 174
37 99
41 76
43 99
43 174
49 178
49 90
51 88
51 200
53 99
56 170
56 214
58 198
59 85
59 151
61 80
61 183
62 87
63 80
63 183
65 166
65 158
67 76
68 157
68 175
71 152
72 80
74 76
76 145
76 239
77 136
78 111
80 250
80 241
80 227
80 237
80 110
80 183
80 128
84 150
84 130
84 146
84 169
84 186
84 142
85 140
85 124
85 106
87 234
88 244
88 199
88 200
89 184
90 178
91 111
92 238
92 160
92 154
92 171
93 246
94 116
96 173
98 238
98 160
98 154
98 171
99 138
99 174
99 231
100 153
100 209
100 113
108 152
109 224
110 183
116 201
128 183
129 214
138 174
141 194
142 169
142 186
144 164
144 165
145 211
145 222
146 169
146 186
147 162
148 194
158 197
158 229
160 238
166 242
166 197
166 179
167 209
169 186
173 219
174 231
179 216
183 241
197 216
204 245
212 233
