heur032_n_330_m_9770
2 328
2 257
3 51
3 56
3 178
3 275
4 105
5 200
6 121
7 288
7 99
7 221
9 313
10 196
13 29
15 238
16 318
16 247
16 232
16 73
17 266
17 120
17 91
19 175
19 312
20 294
20 230
21 261
21 86
21 48
21 49
22 266
22 120
22 91
23 322
23 330
25 55
25 237
26 294
26 230
30 308
33 137
34 288
34 99
34 221
35 259
35 170
35 217
37 236
37 216
37 264
37 270
38 88
38 267
38 205
41 228
43 96
44 186
44 314
45 200
46 308
47 227
48 261
49 261
50 182
51 56
51 178
51 75
51 275
52 71
52 320
52 225
52 224
52 139
52 284
52 273
53 158
53 300
53 146
54 114
54 116
54 277
54 214
54 154
55 237
56 75
56 178
56 275
58 124
58 244
59 234
60 248
60 97
60 302
60 254
61 226
63 131
64 265
64 173
65 266
65 120
65 91
67 313
68 317
68 126
68 276
68 249
69 240
69 274
71 320
71 225
71 224
71 139
71 284
71 273
72 141
73 232
73 318
73 247
74 253
75 178
75 275
77 323
78 295
78 185
78 269
79 196
80 296
80 195
81 256
81 171
81 95
82 288
82 221
82 99
84 95
84 171
84 256
85 179
85 303
85 251
86 261
88 205
88 267
89 231
90 327
90 272
90 292
91 120
91 266
92 192
93 206
94 218
94 258
94 102
94 223
95 171
95 256
96 110
97 248
97 302
97 254
98 153
98 148
99 288
99 221
100 219
101 304
101 191
102 258
102 218
106 304
107 118
107 287
108 155
109 197
111 294
113 325
114 277
114 214
115 306
116 277
116 214
118 287
119 193
120 266
122 253
123 169
123 282
123 207
123 280
124 244
125 202
125 130
126 317
126 276
130 202
132 194
133 143
133 184
134 319
134 190
135 194
136 281
139 284
139 224
139 320
139 225
139 273
146 300
146 158
150 168
151 250
154 214
156 188
157 188
158 300
160 323
161 188
162 188
163 210
163 263
164 241
164 174
164 305
165 179
165 303
169 282
169 207
169 201
169 280
170 259
170 217
171 256
172 181
173 265
174 241
174 305
175 312
176 229
176 315
178 275
179 303
179 251
180 309
180 301
183 329
183 289
183 255
185 295
186 314
187 252
187 198
189 278
189 209
190 319
191 304
195 296
198 252
199 246
201 207
204 235
205 267
207 282
207 280
208 298
209 268
209 278
210 263
212 315
212 229
214 277
216 270
216 236
221 288
224 284
224 320
224 273
225 320
225 284
225 273
230 294
232 247
233 321
236 264
236 270
240 274
241 305
247 318
249 276
249 317
251 303
255 329
257 328
260 283
268 278
269 295
272 292
272 327
273 320
273 284
291 307
293 316
