heur029_n_330_m_4329
1 289
1 183
1 62
2 130
2 131
2 304
2 283
2 262
2 105
2 273
2 103
2 236
2 323
3 186
3 187
3 125
3 166
3 228
3 270
3 176
3 234
4 86
4 120
4 189
4 312
4 188
4 308
5 86
5 120
5 189
5 312
5 188
5 308
6 289
6 183
6 62
7 320
7 290
7 291
7 322
7 85
7 163
7 165
7 204
7 109
7 51
7 150
7 254
7 16
8 320
8 290
8 291
8 322
8 85
8 163
8 165
8 204
8 109
8 51
8 150
8 254
8 16
9 66
9 153
9 67
9 61
10 135
10 197
10 87
10 106
11 97
11 305
11 52
11 315
12 185
12 288
12 76
12 84
12 256
13 214
13 175
14 214
14 175
15 81
15 177
15 117
15 159
15 73
15 155
15 263
15 192
15 230
15 314
15 123
15 317
16 320
16 290
16 291
16 322
16 163
16 165
16 42
16 204
16 109
16 51
16 85
16 150
16 254
17 254
17 163
17 165
17 204
17 109
17 51
17 150
17 320
17 290
17 291
17 322
17 85
18 98
18 119
18 95
19 78
19 145
19 149
19 311
19 184
19 313
19 287
20 152
20 154
20 247
20 128
20 257
20 141
20 215
20 54
21 254
21 163
21 165
21 204
21 109
21 51
21 150
21 320
21 290
21 291
21 322
21 85
22 296
22 281
22 157
22 199
23 297
23 79
23 162
23 325
23 326
23 191
24 87
24 197
24 135
24 106
25 309
25 271
25 299
25 303
26 153
26 61
27 96
27 55
27 324
27 193
27 242
27 201
27 190
27 302
27 235
27 295
28 105
28 273
28 103
28 131
28 130
28 262
28 304
28 283
28 236
28 323
29 183
29 289
29 62
31 148
31 260
32 90
33 90
34 327
34 167
34 142
34 268
34 229
34 102
35 57
35 161
35 284
35 203
35 294
35 147
35 108
35 111
36 65
36 195
36 143
36 146
36 63
36 272
36 137
36 274
36 139
37 251
38 65
38 195
38 143
38 146
38 63
38 272
38 137
38 274
38 139
39 148
39 260
40 251
41 199
41 296
41 281
41 157
42 163
42 165
42 204
42 109
42 51
42 150
42 254
42 320
42 290
42 291
42 322
42 85
43 261
43 202
43 121
43 160
43 240
43 285
43 211
43 213
44 224
44 226
44 245
44 179
44 182
44 170
44 216
44 178
45 244
45 208
45 209
45 100
45 72
45 243
45 60
46 224
46 226
46 245
46 179
46 182
46 170
46 216
46 178
47 104
47 101
47 269
48 104
48 101
48 269
49 305
49 315
49 52
49 97
50 305
50 315
50 52
50 97
51 163
51 165
51 204
51 109
51 150
51 254
51 320
51 290
51 291
51 322
51 85
52 315
52 305
52 97
53 218
53 259
53 246
53 286
53 205
53 126
53 89
54 128
54 257
54 215
54 141
54 247
54 152
54 154
55 324
55 193
55 242
55 201
55 190
55 302
55 235
55 295
56 265
56 133
56 134
56 250
56 217
56 219
56 200
56 198
57 161
57 203
57 284
57 294
57 70
57 82
57 147
57 108
57 111
58 233
58 231
58 223
58 138
58 238
58 241
58 180
58 221
58 232
59 233
59 231
59 223
59 138
59 238
59 241
59 180
59 221
59 232
59 140
60 243
60 72
60 208
60 209
60 244
61 153
62 289
62 183
63 195
63 143
63 272
63 137
63 274
63 139
64 297
64 79
64 162
64 325
64 326
64 191
65 146
65 195
65 143
65 272
65 137
65 274
65 139
66 153
67 153
68 310
68 158
68 127
69 261
69 202
69 83
69 121
69 160
69 240
69 285
69 211
69 213
70 294
70 161
70 203
70 284
70 82
70 147
71 293
71 275
71 227
71 144
71 307
71 277
71 278
71 279
71 280
71 168
72 100
72 243
72 208
72 209
72 244
73 81
73 177
73 159
73 263
73 192
73 230
73 314
73 123
73 317
74 122
74 164
74 92
74 181
74 151
74 124
74 282
74 252
75 249
76 288
76 185
76 256
77 312
77 308
77 188
77 86
77 189
78 145
78 149
78 311
78 184
78 313
78 287
79 297
79 162
79 325
79 326
79 191
80 249
81 177
81 159
81 155
81 263
81 192
81 230
81 314
81 317
82 147
82 108
82 111
82 161
82 294
82 203
82 284
83 202
83 261
83 160
83 240
83 285
83 211
83 213
84 288
84 185
84 256
85 320
85 290
85 291
85 322
85 204
85 109
85 150
85 254
86 120
86 189
86 312
86 188
86 308
87 197
87 135
87 106
88 321
88 316
89 259
89 126
89 205
89 246
89 218
89 286
91 306
91 301
91 156
91 173
91 118
91 194
91 196
91 136
91 174
91 206
91 253
92 113
92 151
92 181
92 164
92 122
92 124
92 112
92 282
92 116
92 252
93 207
94 207
95 119
96 324
96 193
96 242
96 201
96 190
96 302
96 235
96 295
97 305
97 315
98 119
99 232
99 231
99 233
99 138
99 238
99 241
99 221
99 223
100 243
100 208
100 209
100 244
101 269
102 268
102 229
102 167
102 327
103 273
103 131
103 130
103 262
103 304
103 283
103 236
103 323
104 269
105 273
105 131
105 130
105 262
105 304
105 283
105 236
105 323
106 197
106 135
107 293
107 275
107 227
107 144
107 307
107 277
107 278
107 279
107 280
107 168
108 161
108 294
108 203
108 284
109 163
109 165
109 204
109 254
109 320
109 290
109 291
109 322
110 330
111 147
111 161
111 294
111 203
111 284
112 282
112 252
112 164
112 124
112 181
112 122
113 181
113 164
113 122
113 124
113 282
113 252
114 267
114 171
114 172
114 255
115 258
116 282
116 252
116 164
116 124
116 181
116 151
116 122
117 177
117 263
117 192
117 230
117 314
117 123
117 317
118 173
118 306
118 132
118 301
118 194
118 196
118 136
118 174
118 206
118 253
120 189
120 312
120 188
120 308
121 261
121 240
121 285
121 211
121 213
122 181
122 151
122 282
122 252
123 192
123 230
123 314
123 317
123 263
123 177
123 155
123 159
124 181
124 151
124 282
124 252
125 186
125 187
125 228
125 270
125 176
125 234
126 259
126 246
126 218
126 286
127 158
127 310
128 152
128 154
128 247
128 257
128 141
128 215
129 298
129 300
129 237
129 239
129 292
129 248
130 304
130 283
130 262
130 273
130 236
130 323
131 304
131 283
131 262
131 273
131 236
131 323
132 306
132 301
132 156
132 194
132 196
132 136
132 206
132 253
133 265
133 250
133 217
133 219
133 200
133 198
134 265
134 250
134 217
134 219
134 200
134 198
135 197
136 194
136 196
136 253
136 206
136 301
136 173
136 306
136 156
137 272
137 274
137 195
137 143
137 146
138 241
138 221
138 238
138 231
138 233
138 223
138 232
139 272
139 274
139 195
139 143
139 146
140 232
140 231
140 233
140 238
140 241
140 180
140 221
140 223
141 257
141 215
141 247
141 152
141 154
142 268
142 229
142 167
142 327
143 195
143 272
143 274
144 277
144 279
144 280
144 307
144 278
144 275
144 293
144 168
145 149
145 311
145 313
145 287
146 195
146 272
146 274
147 161
147 294
147 203
147 284
148 260
149 313
149 311
149 287
149 184
150 163
150 165
150 204
150 254
150 320
150 290
150 291
150 322
151 181
151 164
151 282
151 252
152 247
152 257
152 215
154 247
154 257
154 215
155 177
155 263
155 192
155 230
155 314
155 317
156 173
156 306
156 301
156 174
156 206
156 253
157 296
157 281
158 310
159 177
159 263
159 192
159 230
159 314
159 317
160 285
160 261
160 211
160 213
161 284
161 294
162 297
162 325
162 326
162 191
163 254
163 320
163 290
163 291
163 322
164 181
164 282
164 252
165 254
165 320
165 290
165 291
165 322
166 186
166 187
166 228
166 270
166 176
166 234
167 327
167 268
167 229
168 227
168 293
168 275
168 307
168 277
168 278
168 279
168 280
169 220
169 222
170 224
170 226
170 179
170 245
170 182
170 216
170 178
171 267
171 255
172 267
172 255
173 306
173 301
173 194
173 196
173 206
173 253
174 194
174 196
174 253
174 206
174 301
174 306
176 228
176 270
176 186
176 187
176 234
177 263
177 192
177 230
177 314
177 317
178 224
178 226
178 245
178 182
179 182
179 224
179 226
179 245
179 216
180 241
180 238
180 231
180 233
180 232
181 282
181 252
182 224
182 226
182 245
182 216
183 289
184 311
184 313
184 287
185 288
185 256
186 270
186 234
187 270
187 234
188 312
188 308
189 312
189 308
190 201
190 242
190 324
190 302
190 235
190 295
191 325
191 326
191 297
192 314
192 317
192 263
193 201
193 242
193 324
193 302
193 295
194 253
194 206
194 301
194 306
195 272
195 274
196 253
196 206
196 301
196 306
198 265
198 217
198 250
198 219
199 296
200 265
200 217
200 250
200 219
201 324
201 302
201 235
201 295
202 261
202 211
202 213
203 294
204 254
204 320
204 290
204 291
204 322
205 259
205 218
205 286
206 253
206 301
206 306
208 244
208 243
209 244
209 243
211 213
211 261
211 240
211 285
213 261
213 240
213 285
215 247
216 224
216 226
216 245
217 265
217 250
218 246
218 286
219 265
219 250
221 241
221 238
221 231
221 233
221 232
223 233
223 231
223 238
223 241
223 232
224 245
225 328
225 329
225 318
225 319
225 276
226 245
227 277
227 279
227 280
227 307
227 278
227 275
227 293
228 234
229 327
230 314
230 317
230 263
231 238
231 241
232 238
232 241
233 238
233 241
234 270
235 295
235 324
235 302
235 242
236 262
236 304
236 273
236 283
236 323
237 298
237 300
237 292
237 248
239 298
239 300
239 292
239 248
240 261
242 324
242 302
242 295
246 259
247 257
248 292
250 265
252 282
253 301
253 306
254 320
254 290
254 291
254 322
255 267
256 288
259 286
261 285
262 283
262 273
262 323
263 314
263 317
266 328
266 329
266 318
266 319
266 276
268 327
271 299
271 303
273 304
273 283
273 323
275 293
275 307
275 278
275 279
275 280
276 328
276 329
277 280
277 307
277 293
278 307
278 293
279 307
279 293
280 307
280 293
281 296
283 304
284 294
287 313
287 311
290 320
290 322
291 320
291 322
292 298
292 300
293 307
295 324
297 325
297 326
299 309
302 324
304 323
316 321
318 328
318 329
319 328
319 329
