heur005_n_160_m_4015
1 51
1 32
1 35
1 36
1 40
1 31
1 98
1 139
1 109
1 144
1 89
1 155
1 125
2 66
2 130
2 134
2 116
2 84
2 86
2 152
2 90
2 119
2 113
3 68
3 63
3 73
3 46
3 54
3 45
3 50
4 155
4 144
4 148
4 89
4 125
4 139
4 98
4 32
4 35
4 36
4 40
4 51
4 31
5 35
5 104
5 31
5 98
5 144
5 148
5 125
6 115
6 153
6 129
6 111
6 38
6 39
6 81
6 19
6 21
6 58
6 94
6 18
7 138
7 146
7 34
7 114
7 91
7 159
7 59
7 123
8 73
8 62
8 46
8 54
8 45
8 50
9 66
9 116
9 84
9 86
9 90
9 71
9 119
10 66
10 116
10 86
10 152
10 90
10 71
10 119
10 113
11 133
11 138
11 146
11 34
11 131
11 114
11 59
11 123
12 121
12 37
12 103
12 105
12 140
12 142
12 47
12 120
13 133
13 138
13 146
13 34
13 131
13 114
13 91
13 159
13 59
13 123
14 97
14 67
14 60
14 56
14 26
14 70
14 77
14 74
15 133
15 17
15 138
15 146
15 34
15 131
15 114
15 123
16 97
16 60
16 56
16 70
16 110
16 74
17 133
17 138
17 146
17 34
17 131
17 114
17 91
17 159
17 59
17 123
18 129
18 132
18 33
18 38
18 39
18 41
18 43
18 58
18 81
18 94
18 111
18 115
18 126
19 38
19 39
19 41
19 93
19 94
19 81
19 132
19 58
19 129
19 43
19 111
19 80
19 115
19 153
19 126
19 33
20 34
20 131
20 133
20 59
20 138
20 123
20 146
20 114
20 91
20 159
21 38
21 39
21 132
21 58
21 129
21 43
21 111
21 80
21 115
21 126
21 33
22 32
22 35
22 36
22 40
22 104
22 51
22 31
22 98
22 139
22 109
22 144
22 148
22 117
22 89
22 155
22 125
23 52
23 147
23 150
23 87
23 137
23 106
23 143
23 82
23 83
23 85
23 88
23 154
23 112
23 72
23 107
24 147
24 150
24 87
24 137
24 106
24 143
24 82
24 83
24 85
24 88
24 154
24 112
24 72
24 107
25 121
25 142
25 140
25 37
25 102
25 103
25 105
25 47
25 120
26 70
26 110
27 160
27 157
27 158
27 101
27 64
27 65
27 118
27 145
27 127
27 57
27 108
27 136
28 69
28 135
28 44
28 141
28 78
28 79
28 76
28 49
28 149
28 30
29 137
29 143
29 147
29 150
29 72
29 82
29 106
29 107
29 112
30 135
30 79
30 75
30 69
30 61
30 122
30 141
30 76
30 149
30 128
31 104
31 98
31 109
31 148
31 117
31 155
31 125
32 104
32 98
32 109
32 144
32 148
32 117
32 155
32 125
33 129
33 132
33 153
33 58
33 80
33 81
33 93
33 94
33 111
33 115
33 126
34 114
34 131
34 159
34 91
34 133
34 138
34 146
34 59
34 123
35 104
35 98
35 139
35 109
35 144
35 148
35 117
35 155
35 125
36 104
36 98
36 109
36 144
36 148
36 117
36 155
36 125
37 105
37 102
37 103
37 121
37 140
37 142
37 124
37 120
38 94
38 132
38 58
38 111
38 80
38 115
38 153
39 93
39 94
39 81
39 132
39 58
39 129
39 111
39 80
39 115
39 153
39 126
40 104
40 98
40 139
40 109
40 144
40 148
40 117
40 155
40 125
41 94
41 132
41 58
41 129
41 111
41 115
41 153
41 126
42 75
42 69
42 61
42 122
42 141
42 76
42 149
42 128
43 80
43 115
43 153
43 129
43 126
43 111
43 132
43 81
43 58
43 93
43 94
44 135
44 79
44 75
44 69
44 61
44 122
44 141
44 76
44 149
45 68
45 73
45 55
45 54
45 151
45 62
45 156
45 95
45 63
45 100
46 68
46 73
46 55
46 151
46 62
46 156
46 95
46 63
46 54
47 105
47 102
47 103
47 121
47 140
47 142
47 124
47 120
48 147
48 150
48 87
48 137
48 106
48 143
48 82
48 88
48 154
48 112
48 72
48 107
49 79
49 75
49 69
49 61
49 78
49 122
49 141
49 76
49 149
50 68
50 73
50 55
50 54
50 151
50 62
50 156
50 95
50 63
51 104
51 98
51 139
51 109
51 144
51 148
51 117
51 89
51 155
51 125
52 147
52 150
52 137
52 106
52 143
52 82
52 88
52 112
52 72
52 107
53 68
53 73
53 55
53 54
53 151
53 62
53 156
53 95
53 63
53 100
54 156
54 95
54 100
55 95
55 100
56 97
56 110
56 77
57 101
57 145
57 118
57 108
57 136
58 132
58 81
58 93
58 94
58 129
58 111
58 80
58 115
58 126
59 133
59 138
59 146
59 114
59 91
60 110
60 77
61 78
61 135
61 79
61 141
61 149
62 151
62 100
63 156
63 100
64 160
64 96
64 101
64 157
64 158
64 118
64 127
64 108
65 160
65 96
65 101
65 157
65 158
65 118
65 145
65 127
65 108
65 136
66 152
66 130
66 116
66 134
66 90
66 86
66 119
66 113
67 77
68 100
69 135
69 122
69 141
69 149
70 97
70 110
70 77
71 130
71 134
71 116
71 86
71 152
71 90
71 119
71 113
72 137
72 143
72 147
72 150
72 154
72 82
72 83
72 85
72 88
72 99
72 112
72 107
72 92
73 156
73 100
74 110
75 75
75 135
75 79
75 122
75 141
75 149
75 128
76 141
76 79
76 78
76 149
77 97
77 110
79 122
80 115
80 153
81 132
81 129
81 153
81 126
82 154
82 137
82 106
82 99
82 147
82 150
82 112
82 107
83 106
83 99
83 147
83 150
84 152
85 106
85 99
86 130
86 134
86 152
86 113
87 150
87 99
87 106
88 99
88 106
89 144
89 148
89 98
89 104
90 130
90 134
90 116
90 152
90 119
90 113
91 114
91 159
91 133
91 146
91 123
92 137
92 99
92 107
92 112
93 129
93 115
93 153
94 132
94 129
94 153
94 126
96 157
96 118
96 145
96 127
96 108
96 136
98 139
98 144
98 148
98 155
99 137
99 143
99 147
99 150
100 151
101 160
101 157
101 158
101 118
101 145
101 127
101 136
102 140
102 142
103 140
103 142
104 139
104 144
104 148
104 117
105 121
105 140
105 142
106 137
106 143
106 154
106 147
106 150
106 107
107 137
107 147
108 160
108 157
108 158
108 127
108 136
109 144
109 155
109 125
111 129
111 153
111 126
111 132
112 147
113 134
113 116
114 131
114 159
114 133
114 138
114 146
114 123
115 153
115 126
115 132
116 152
116 130
116 134
117 139
117 144
117 148
117 155
117 125
118 157
118 158
118 145
118 127
118 136
119 130
119 134
119 152
120 140
120 142
121 142
121 140
122 135
122 141
122 149
123 138
123 146
124 142
124 140
125 144
125 148
125 155
125 139
126 153
127 160
127 145
127 157
127 136
128 141
128 149
129 153
131 138
131 146
133 138
133 146
136 160
136 157
136 158
137 154
138 159
139 155
144 155
145 160
145 157
145 158
146 159
147 154
150 154
