heur008_n_250_m_1045
1 104
1 168
1 169
1 170
1 171
1 173
1 111
1 112
1 175
1 118
1 119
1 80
2 8
2 9
2 10
2 15
2 23
2 161
2 163
2 37
2 62
2 63
2 196
2 70
2 201
2 209
2 211
2 215
2 246
2 89
3 66
3 226
3 228
3 72
3 75
3 244
3 245
3 55
3 166
3 167
3 233
3 86
3 158
3 95
3 144
4 129
4 142
4 242
4 115
4 243
4 148
4 147
4 250
4 156
4 198
4 200
4 138
4 237
4 176
4 180
4 219
4 220
4 222
4 185
5 196
5 62
5 201
5 10
5 209
5 211
5 246
5 23
5 215
5 63
5 161
5 163
5 37
5 70
5 89
6 7
6 145
6 212
6 59
6 79
6 81
6 82
6 83
6 94
6 85
6 216
7 145
7 59
7 212
7 79
7 81
7 82
7 83
7 94
7 85
7 216
8 196
8 62
8 201
8 10
8 209
8 211
8 246
8 215
8 63
8 161
8 163
8 37
8 70
8 89
9 196
9 62
9 201
9 10
9 209
9 211
9 246
9 23
9 215
9 63
9 161
9 163
9 37
9 70
9 89
10 23
10 201
10 209
10 211
10 246
10 215
10 196
10 15
10 17
10 62
10 63
10 161
10 163
10 37
10 70
10 89
11 159
11 192
11 101
11 123
11 109
11 110
11 26
11 27
11 153
11 20
11 213
11 28
11 179
11 183
12 194
12 132
12 229
12 39
12 103
12 235
12 238
12 206
12 214
12 87
12 217
12 92
12 221
13 108
13 182
13 73
13 65
13 197
13 236
13 239
13 241
13 178
13 53
13 203
13 199
13 224
14 195
14 102
14 186
14 190
14 116
14 117
14 181
14 120
14 57
14 122
14 187
14 188
14 125
14 184
14 223
15 196
15 62
15 201
15 209
15 211
15 246
15 23
15 215
15 63
15 161
15 163
15 37
15 70
15 89
16 159
16 192
16 101
16 123
16 109
16 110
16 26
16 27
16 153
16 20
16 213
16 28
16 179
16 183
17 196
17 62
17 201
17 209
17 211
17 246
17 215
17 63
17 161
17 163
17 37
17 70
17 89
18 160
18 193
18 34
18 35
18 36
18 68
18 38
18 164
18 71
18 33
18 106
18 74
18 51
18 54
18 60
18 29
18 177
18 47
18 124
18 24
18 134
19 159
19 192
19 101
19 123
19 109
19 110
19 26
19 27
19 153
19 20
19 213
19 28
19 179
19 183
20 192
20 101
20 27
20 109
20 110
20 153
20 26
20 123
20 159
20 213
20 28
20 179
20 183
21 159
21 192
21 101
21 123
21 109
21 110
21 26
21 27
21 153
21 213
21 28
21 179
21 183
22 128
22 133
22 41
22 141
22 126
22 113
22 67
22 45
23 201
23 209
23 211
23 246
23 215
23 196
23 62
23 63
23 161
23 163
23 37
23 70
23 89
24 29
24 160
24 33
24 34
24 35
24 36
24 164
24 38
24 47
24 177
24 51
24 54
24 60
24 193
24 68
24 71
24 74
24 106
24 124
24 134
25 137
25 43
25 44
25 140
25 143
25 49
25 50
25 48
25 78
25 105
25 191
26 192
26 101
26 27
26 109
26 110
26 123
26 159
26 153
26 213
26 28
26 179
26 183
27 101
27 110
27 123
27 109
27 192
27 159
27 153
27 213
27 28
27 179
27 183
28 192
28 101
28 109
28 110
28 213
28 153
28 123
28 159
28 179
28 183
29 36
29 106
29 51
29 54
29 160
29 193
29 35
29 68
29 164
29 71
29 74
29 60
29 177
29 124
29 134
30 107
30 114
30 121
30 139
30 136
30 61
30 230
31 107
31 114
31 121
31 139
31 136
31 61
31 230
32 107
32 114
32 121
32 139
32 136
32 61
32 230
33 36
33 106
33 51
33 54
33 160
33 193
33 35
33 68
33 164
33 71
33 74
33 60
33 177
33 124
33 134
34 36
34 106
34 51
34 54
34 160
34 193
34 68
34 164
34 71
34 74
34 60
34 177
34 124
34 134
35 68
35 71
35 74
35 60
35 160
35 193
35 164
35 36
35 106
35 51
35 54
35 177
35 124
35 134
36 38
36 106
36 51
36 54
36 160
36 193
36 68
36 164
36 71
36 74
36 60
36 177
36 47
36 124
36 134
37 161
37 163
37 62
37 63
37 196
37 201
37 209
37 211
37 215
37 246
37 70
37 89
38 106
38 51
38 54
38 160
38 193
38 68
38 164
38 71
38 74
38 60
38 177
38 124
38 134
39 238
39 132
39 214
39 217
39 221
39 92
39 235
39 87
39 194
39 103
39 206
39 229
40 76
40 247
40 58
40 189
40 99
40 100
40 52
40 88
40 90
40 151
40 77
41 128
41 133
41 141
41 126
41 113
41 67
41 45
42 107
42 114
42 121
42 139
42 136
42 61
42 230
43 137
43 140
43 143
43 78
43 105
43 191
44 137
44 140
44 143
44 78
44 105
44 191
45 67
45 113
45 128
45 133
45 141
45 126
46 130
46 131
46 165
46 172
46 174
46 149
46 155
46 127
46 135
46 218
47 160
47 193
47 68
47 164
47 71
47 106
47 74
47 177
47 51
47 54
47 60
47 124
47 134
48 137
48 140
48 143
48 78
48 105
48 191
49 137
49 140
49 143
49 78
49 105
49 191
50 137
50 140
50 143
50 78
50 105
50 191
51 106
51 160
51 193
51 68
51 164
51 71
51 177
51 124
51 134
52 99
52 100
52 88
52 90
52 76
52 247
52 58
52 189
52 151
52 77
53 197
53 178
53 65
53 236
53 239
53 241
53 108
53 182
53 203
53 199
53 224
54 106
54 160
54 193
54 68
54 164
54 71
54 74
54 177
54 124
54 134
55 226
55 228
55 244
55 245
55 166
55 167
55 233
55 86
55 158
55 95
55 144
56 64
56 162
56 202
56 204
56 205
56 208
56 210
56 84
56 152
56 249
56 154
56 157
56 150
56 69
57 102
57 117
57 120
57 122
57 125
57 195
57 181
57 184
57 186
57 187
57 188
57 223
57 116
57 190
58 189
58 76
58 247
58 99
58 100
58 88
58 90
58 151
58 77
59 145
59 212
59 79
59 81
59 82
59 83
59 94
59 85
59 216
60 160
60 193
60 164
60 106
60 177
60 124
60 134
61 136
61 107
61 139
61 114
61 121
61 230
62 196
62 201
62 209
62 211
62 246
62 215
62 161
62 163
62 70
62 89
63 196
63 201
63 209
63 211
63 246
63 215
63 161
63 163
63 70
63 89
64 202
64 204
64 205
64 208
64 210
64 152
64 154
64 157
64 162
64 84
64 249
64 150
64 69
65 236
65 239
65 241
65 197
65 178
65 108
65 182
65 203
65 199
65 224
66 226
66 228
66 244
66 245
66 166
66 167
66 233
66 86
66 158
66 95
66 144
67 113
67 128
67 133
67 141
67 126
68 160
68 193
68 164
68 106
68 177
68 124
68 134
69 162
69 202
69 204
69 205
69 208
69 210
69 84
69 157
69 150
69 249
69 154
69 152
70 161
70 163
70 196
70 201
70 209
70 211
70 215
70 246
70 89
71 160
71 193
71 164
71 106
71 177
71 124
71 134
72 226
72 228
72 244
72 245
72 166
72 167
72 233
72 86
72 158
72 95
72 144
73 108
73 182
73 197
73 236
73 239
73 241
73 178
73 203
73 199
73 224
74 160
74 193
74 164
74 106
74 177
74 124
74 134
75 226
75 228
75 244
75 245
75 166
75 167
75 233
75 86
75 158
75 95
75 144
76 247
76 189
76 99
76 100
76 90
76 151
76 77
77 99
77 100
77 90
77 247
77 151
77 189
78 137
78 140
78 143
78 105
78 191
79 145
79 212
79 216
80 104
80 169
80 170
80 168
80 171
80 173
80 111
80 112
80 175
80 118
80 119
81 145
81 212
81 216
82 145
82 212
82 216
83 145
83 212
83 216
84 162
84 202
84 204
84 205
84 208
84 210
84 152
84 154
84 157
84 249
84 150
85 145
85 212
85 216
86 166
86 167
86 158
86 233
86 226
86 228
86 244
86 245
86 144
87 235
87 132
87 238
87 214
87 217
87 221
87 194
87 103
87 206
87 229
88 247
88 189
88 151
89 161
89 163
89 196
89 201
89 209
89 211
89 215
89 246
90 247
90 189
90 151
91 98
91 227
91 225
91 231
91 232
91 234
91 240
91 146
91 248
91 207
92 132
92 238
92 214
92 217
92 221
92 235
92 194
92 103
92 206
92 229
93 96
93 227
93 225
93 231
93 232
93 234
93 207
93 240
93 146
93 248
94 145
94 212
94 216
95 166
95 167
95 158
95 233
95 226
95 228
95 244
95 245
95 144
96 227
96 232
96 234
96 240
96 146
96 248
96 231
96 225
96 207
97 227
97 232
97 234
97 240
97 146
97 248
97 231
97 225
97 207
98 227
98 232
98 234
98 240
98 146
98 248
98 231
98 225
98 207
99 247
99 189
99 151
100 247
100 189
100 151
101 192
101 159
101 153
101 213
101 179
101 183
102 122
102 195
102 181
102 184
102 186
102 187
102 188
102 223
102 190
103 194
103 132
103 235
103 238
103 214
103 217
103 221
103 206
103 229
104 168
104 169
104 170
104 171
104 173
104 175
105 137
105 140
105 143
105 191
106 160
106 193
106 164
106 177
106 124
106 134
107 139
107 136
107 230
108 182
108 197
108 236
108 239
108 241
108 178
108 203
108 199
108 224
109 110
109 192
109 159
109 153
109 213
109 179
109 183
110 192
110 159
110 153
110 213
110 179
110 183
111 168
111 169
111 170
111 171
111 173
111 175
112 168
112 169
112 170
112 171
112 173
112 175
113 128
113 133
113 141
113 126
114 139
114 136
114 230
115 129
115 142
115 242
115 243
115 148
115 147
115 250
115 156
115 198
115 200
115 138
115 237
115 176
115 180
115 219
115 220
115 222
115 185
116 195
116 186
116 117
116 181
116 120
116 122
116 187
116 188
116 125
116 184
116 223
116 190
117 117
117 195
117 181
117 184
117 186
117 187
117 188
117 223
117 190
118 168
118 169
118 170
118 171
118 173
118 175
119 168
119 169
119 170
119 171
119 173
119 175
120 195
120 181
120 184
120 186
120 187
120 188
120 223
120 190
121 139
121 136
121 230
122 195
122 181
122 184
122 186
122 187
122 188
122 223
122 190
123 192
123 159
123 153
123 213
123 179
123 183
124 160
124 164
124 177
124 193
124 134
125 195
125 181
125 184
125 186
125 187
125 188
125 223
125 190
127 165
127 172
127 174
127 155
127 135
127 218
129 242
129 243
129 250
129 156
129 198
129 200
129 237
129 176
129 180
129 219
129 220
129 222
129 185
130 165
130 172
130 174
130 155
130 135
130 218
131 165
131 172
131 174
131 155
131 135
131 218
132 238
132 214
132 217
132 221
132 235
132 194
132 206
132 229
134 160
134 164
134 177
134 193
135 165
135 172
135 174
135 149
135 155
135 218
136 139
136 230
137 191
138 198
138 200
138 176
138 180
138 219
138 220
138 222
138 237
138 142
138 242
138 243
138 250
138 156
138 185
139 230
140 191
142 242
142 243
142 250
142 156
142 198
142 200
142 237
142 176
142 180
142 219
142 220
142 222
142 185
143 191
144 226
144 228
144 166
144 167
144 233
144 244
144 245
144 158
145 212
145 216
146 227
146 232
146 234
146 240
146 248
146 231
146 225
146 207
147 242
147 243
147 250
147 156
147 198
147 200
147 237
147 176
147 180
147 219
147 220
147 222
147 185
148 242
148 243
148 250
148 156
148 198
148 200
148 237
148 176
148 180
148 219
148 220
148 222
148 185
149 165
149 172
149 174
149 155
149 218
150 162
150 202
150 204
150 205
150 208
150 210
150 157
150 249
150 154
150 152
151 247
151 189
152 202
152 204
152 205
152 208
152 210
152 162
152 249
153 192
153 159
153 213
153 179
153 183
154 202
154 204
154 205
154 208
154 210
154 249
155 218
156 242
156 243
156 250
156 198
156 200
156 237
156 176
156 180
156 219
156 220
156 222
156 185
157 202
157 204
157 205
157 208
157 210
157 249
158 233
158 226
158 228
158 244
158 245
159 192
159 213
159 179
159 183
160 193
160 177
161 196
161 201
161 209
161 211
161 215
161 246
161 163
162 202
162 204
162 205
162 208
162 210
162 249
163 196
163 201
163 209
163 211
163 246
163 215
164 193
164 177
165 218
166 233
166 226
166 228
166 244
166 245
167 233
167 226
167 228
167 244
167 245
172 218
174 218
176 219
176 220
176 222
176 237
176 242
176 243
176 250
177 193
178 197
178 236
178 239
178 241
178 182
178 203
178 199
178 224
179 192
179 213
179 183
180 219
180 220
180 222
180 237
180 242
180 243
180 250
180 185
181 223
181 190
182 197
182 236
182 239
182 241
182 203
182 199
182 224
183 192
183 213
184 187
184 223
184 190
185 200
185 219
185 220
185 222
185 237
185 242
185 243
185 250
186 195
186 223
186 190
187 223
187 190
188 223
188 190
189 247
190 195
190 223
192 213
194 235
194 238
194 214
194 217
194 221
194 206
194 229
195 223
196 201
196 209
196 211
196 246
196 215
197 236
197 239
197 241
197 203
197 199
197 224
198 219
198 220
198 222
198 237
198 242
198 243
198 250
199 203
199 236
199 239
199 241
199 224
200 219
200 220
200 222
200 237
200 242
200 243
200 250
201 246
202 249
203 236
203 239
203 241
203 224
204 249
205 249
206 235
206 238
206 214
206 229
207 227
207 231
207 232
207 234
207 240
207 248
208 249
209 246
210 249
211 246
212 216
214 238
214 235
214 229
215 246
217 238
217 235
217 229
219 237
219 242
219 243
219 250
220 237
220 242
220 243
220 250
221 238
221 235
221 229
222 237
222 242
222 243
222 250
224 236
224 239
224 241
225 227
225 231
225 232
225 234
225 240
225 248
226 244
226 233
227 231
228 244
228 233
229 235
229 238
231 234
231 248
233 244
233 245
235 238
236 241
237 242
239 241
244 245
