heur009_n_250_m_1450
1 11
1 48
1 162
1 165
1 170
1 119
1 124
1 104
2 30
2 145
2 194
2 38
2 115
2 184
2 153
2 248
3 30
3 145
3 194
3 38
3 115
3 184
3 153
3 248
4 48
4 128
4 162
4 165
4 170
4 119
4 124
4 104
5 129
5 146
5 72
5 191
5 71
5 43
5 108
6 220
6 10
6 40
6 202
6 234
7 136
7 88
7 61
7 246
8 224
8 211
8 82
8 180
8 92
8 103
10 220
10 40
10 202
10 234
11 48
11 128
11 162
11 165
11 170
11 119
11 124
11 104
12 241
12 85
12 161
12 218
12 155
12 35
12 230
12 28
13 220
13 40
13 202
13 234
14 129
14 71
14 72
14 146
14 191
14 43
14 108
15 182
15 118
15 99
15 100
16 197
16 51
16 175
16 90
16 76
16 173
16 229
16 239
17 164
17 49
17 18
17 42
17 20
18 49
18 42
18 164
18 20
19 67
19 59
19 89
19 22
19 70
19 159
19 91
19 187
20 164
20 42
20 49
21 236
21 228
21 207
21 80
21 79
21 209
21 217
21 158
21 205
22 89
22 70
22 59
22 67
22 159
22 91
22 187
23 135
23 197
23 51
23 175
23 90
23 76
23 173
23 229
23 239
24 233
24 28
24 230
24 161
24 35
24 241
24 85
24 218
24 155
25 182
25 118
25 99
25 100
26 133
26 94
26 120
26 198
26 247
26 148
27 149
27 41
27 78
27 143
27 87
27 249
27 122
27 185
28 233
28 230
28 132
28 161
28 35
28 241
28 85
28 218
28 155
29 74
29 75
29 52
29 174
30 145
30 194
30 38
30 115
30 184
30 153
30 248
31 192
31 33
31 39
31 213
31 214
31 56
31 154
32 225
32 215
32 125
32 195
32 77
33 56
33 214
33 192
33 154
33 213
34 201
34 204
34 81
34 121
34 123
34 139
34 227
34 208
34 93
34 65
34 168
34 147
34 57
35 161
35 241
35 85
35 218
35 155
35 132
35 230
35 233
36 240
36 237
36 47
36 160
36 216
37 95
37 235
38 184
38 153
38 194
38 115
38 145
38 248
39 56
39 214
39 192
39 154
39 213
40 202
40 234
40 220
41 149
41 78
41 143
41 87
41 249
41 122
41 185
42 164
43 129
43 71
43 72
43 146
43 191
43 108
44 181
44 142
44 130
44 110
45 231
45 60
45 63
45 188
45 238
47 240
47 237
47 160
47 216
48 128
48 162
48 165
48 170
48 119
48 124
48 104
49 164
50 144
50 166
50 206
50 199
50 193
50 196
50 73
50 172
50 212
50 150
50 54
50 151
50 156
50 190
51 197
51 175
51 135
51 90
51 76
51 173
51 229
51 239
52 174
53 226
54 150
54 156
54 172
54 151
54 190
54 193
54 212
54 196
54 166
54 199
54 206
54 144
55 97
55 69
55 203
55 243
55 245
55 250
55 183
56 214
56 192
56 154
56 213
57 168
57 147
57 227
57 201
57 139
57 204
57 208
57 81
57 121
57 123
57 93
58 137
58 138
58 140
58 116
58 126
58 102
58 169
58 64
58 111
58 177
58 179
59 89
59 159
59 91
59 187
60 231
60 188
60 238
61 246
61 88
61 136
61 131
62 171
63 231
63 188
63 238
64 177
64 179
64 111
64 102
64 137
64 138
64 169
64 140
64 116
64 126
65 168
65 147
65 227
65 201
65 139
65 204
65 208
65 81
65 121
65 123
65 93
66 203
66 250
66 243
66 245
66 97
66 183
67 89
67 70
67 159
67 91
67 187
68 177
68 179
68 111
68 102
68 137
68 138
68 169
68 140
68 116
68 126
69 203
69 250
69 243
69 245
69 97
69 183
70 89
70 159
70 91
70 187
71 191
71 129
71 146
71 108
72 191
72 129
72 146
72 108
73 172
73 151
73 150
73 156
73 190
73 193
73 212
73 196
73 166
73 199
73 206
73 144
74 174
75 174
76 173
76 197
76 135
76 175
76 229
76 239
77 125
77 195
77 225
77 215
78 249
78 122
78 143
78 149
78 185
79 217
79 207
79 158
79 209
79 228
79 236
79 205
80 217
80 207
80 158
80 209
80 228
80 236
80 205
81 204
81 121
81 123
81 201
81 139
81 227
81 208
81 93
81 168
81 147
82 180
82 224
82 134
82 211
82 103
83 112
83 114
83 221
83 107
83 101
83 200
84 109
85 241
85 161
85 218
85 155
85 132
85 230
85 233
86 242
86 232
86 186
86 106
86 152
87 249
87 122
87 143
87 149
87 185
88 246
88 136
88 131
89 159
89 187
90 173
90 197
90 135
90 175
90 229
90 239
91 187
91 159
92 180
92 224
92 134
92 211
92 103
93 227
93 201
93 139
93 204
93 208
93 121
93 123
93 168
93 147
94 133
94 120
94 198
94 247
94 148
95 235
96 242
96 232
96 186
96 106
96 152
97 203
97 243
97 245
97 250
97 183
98 244
98 141
99 118
99 182
100 118
100 182
101 221
101 200
101 114
102 137
102 138
102 140
102 126
102 177
102 179
103 224
103 134
103 211
103 180
104 128
104 162
104 165
104 170
104 124
105 178
105 219
105 222
105 127
105 223
106 186
106 232
106 242
106 152
107 221
107 200
108 129
108 146
108 191
110 130
110 181
110 142
111 179
111 177
111 137
111 138
111 169
111 140
111 126
112 221
112 200
113 163
113 167
113 176
114 221
114 200
115 184
115 194
115 145
115 248
116 137
116 138
116 140
116 126
116 169
116 177
116 179
117 178
117 219
117 222
117 127
117 223
118 182
119 162
119 128
119 170
119 165
120 198
120 133
120 247
120 148
121 201
121 204
121 139
121 227
121 208
121 168
121 147
122 249
122 143
122 149
122 185
123 201
123 204
123 139
123 227
123 208
123 168
123 147
124 162
124 128
124 170
124 165
125 195
125 225
125 215
126 169
126 177
126 179
127 219
127 222
127 178
127 223
128 170
128 162
128 165
129 191
130 181
130 142
131 136
131 246
132 233
132 230
132 161
132 241
132 218
132 155
133 198
133 247
133 148
134 224
134 211
134 180
135 197
135 175
135 173
135 229
135 239
136 246
137 169
137 177
137 179
138 169
138 177
138 179
139 227
139 201
139 204
139 208
139 168
139 147
140 169
140 177
140 179
141 244
142 181
143 249
143 185
144 206
144 199
144 166
144 193
144 196
144 172
144 212
144 151
144 156
144 190
145 194
145 184
145 153
145 248
146 191
147 168
147 201
147 204
147 208
148 198
148 247
149 249
149 185
150 156
150 172
150 151
150 190
150 193
150 212
150 196
150 166
150 199
150 206
151 190
151 193
151 212
151 196
151 166
151 199
151 206
152 232
152 242
152 186
153 184
153 194
153 248
154 213
154 192
154 214
155 218
155 241
155 230
155 233
156 172
156 190
156 193
156 212
156 196
156 166
156 199
156 206
158 217
158 207
158 209
158 228
158 236
158 205
159 187
160 216
160 240
160 237
161 218
161 241
161 230
161 233
162 170
162 165
163 176
166 206
166 199
166 193
166 196
166 172
166 212
166 190
167 176
168 227
168 201
168 204
168 208
169 177
169 179
172 190
172 193
172 212
172 196
172 199
172 206
173 197
173 175
173 229
173 239
175 197
175 229
175 239
178 219
178 222
178 223
180 224
180 211
183 203
183 243
183 245
183 250
184 248
185 249
186 232
186 242
188 238
188 231
190 193
190 212
190 196
190 206
192 214
192 213
193 212
193 206
194 248
195 225
195 215
196 212
196 206
197 229
197 239
198 247
199 206
199 212
200 221
201 227
201 208
202 234
202 220
203 250
203 243
203 245
204 227
204 208
205 228
205 236
205 207
205 209
205 217
206 212
207 228
207 236
208 227
209 217
209 228
209 236
211 224
216 240
216 237
217 228
217 236
218 241
218 230
218 233
219 223
220 234
222 223
228 236
230 241
231 238
232 242
233 241
