heur007_n_200_m_6731
1 63
1 39
1 137
1 133
1 135
1 105
1 64
1 138
1 58
1 44
1 142
1 145
1 83
1 151
1 153
1 154
2 172
2 33
2 76
2 116
2 182
3 160
3 162
3 163
3 194
3 195
3 136
3 141
3 113
3 155
3 189
3 108
3 200
3 67
4 117
4 199
4 38
4 143
4 147
4 157
4 82
5 69
5 166
5 76
5 116
5 182
6 164
6 176
6 95
7 65
7 148
7 95
7 96
8 70
8 139
8 161
8 165
8 112
8 183
8 158
8 159
8 66
8 190
8 34
8 110
8 146
9 69
9 172
9 33
9 116
9 182
10 128
10 198
10 104
10 43
10 140
10 47
11 116
11 182
11 33
11 172
12 161
12 191
12 70
12 167
12 42
12 139
12 112
12 183
12 152
12 190
12 158
12 159
12 110
12 146
13 65
13 164
13 148
13 96
14 164
14 148
14 65
14 95
14 53
14 96
15 199
15 38
15 143
15 121
15 147
15 48
15 157
15 82
16 65
16 164
16 148
16 95
16 96
17 97
17 102
17 37
17 56
17 86
17 74
17 85
18 97
18 102
18 37
18 31
18 56
18 86
19 70
19 152
19 139
19 161
19 167
19 42
19 112
19 183
19 158
19 159
19 191
19 66
19 190
19 110
19 146
20 128
20 73
20 43
20 140
20 47
20 104
20 84
20 52
20 174
21 69
21 172
21 33
21 166
21 76
21 116
21 182
22 102
23 166
23 116
23 182
23 33
23 69
23 172
24 160
24 162
24 163
24 181
24 141
24 155
24 189
25 69
25 172
25 33
25 116
25 182
26 133
26 39
26 135
26 137
26 138
26 63
26 142
26 145
26 153
26 154
27 164
27 148
27 65
27 53
27 96
28 128
28 99
28 198
28 104
28 43
28 140
28 47
28 84
28 52
29 106
29 111
29 88
29 98
29 169
29 170
29 75
29 78
29 79
29 49
30 192
30 187
30 123
30 127
30 57
30 54
30 90
30 186
30 156
30 100
31 97
31 102
31 56
31 86
31 74
31 85
32 136
32 141
32 160
32 162
32 163
32 171
32 173
32 178
32 181
32 194
32 195
32 67
32 200
33 69
33 172
33 180
33 76
33 116
33 59
33 62
34 139
34 152
34 158
34 159
34 161
34 165
34 167
34 191
34 66
34 70
34 125
34 146
35 132
35 197
35 71
35 72
35 80
35 81
35 122
35 92
35 129
35 131
35 134
35 144
35 150
35 55
35 185
35 126
35 188
35 124
35 68
35 109
36 186
36 90
36 192
36 123
36 54
36 57
36 127
36 156
36 89
36 100
37 56
37 50
37 86
37 74
37 85
38 143
38 77
38 117
38 147
38 48
38 82
39 137
39 133
39 135
39 138
39 130
39 58
39 142
39 175
39 145
39 83
39 151
39 153
39 154
40 106
40 111
40 88
40 196
40 169
40 170
40 75
40 78
40 79
40 118
40 49
40 103
41 132
41 197
41 71
41 72
41 80
41 81
41 122
41 92
41 131
41 134
41 144
41 150
41 55
41 126
41 124
41 68
41 109
42 161
42 158
42 159
42 167
42 165
42 183
42 70
42 139
42 152
42 191
42 125
42 66
42 146
43 73
43 128
43 61
43 60
43 84
43 52
43 174
44 154
44 130
44 142
44 175
44 145
44 83
44 151
44 153
44 58
44 64
44 133
44 135
44 137
44 138
44 63
45 186
45 90
45 192
45 123
45 54
45 57
45 127
45 156
45 89
45 100
46 186
46 90
46 192
46 123
46 54
46 127
46 156
46 89
46 100
47 104
47 60
47 84
47 174
48 143
48 147
48 117
48 121
48 157
48 82
49 98
49 196
49 169
49 106
49 75
49 78
49 111
49 79
49 118
49 88
49 103
50 97
50 102
50 86
50 74
51 97
51 102
51 86
51 74
51 85
52 128
52 99
52 198
52 104
52 73
52 140
52 84
52 174
53 164
53 148
53 95
53 96
54 192
54 193
54 123
54 187
54 90
54 186
54 156
54 89
54 100
55 185
55 188
55 129
55 134
55 144
55 150
55 126
55 197
55 71
55 81
55 122
55 124
56 97
56 102
56 86
57 192
57 193
57 123
57 187
57 127
57 90
57 186
57 89
57 100
58 130
58 142
58 145
58 151
58 153
58 154
58 64
58 133
58 135
58 137
58 105
58 138
58 63
59 166
59 69
59 172
60 128
60 198
60 104
60 73
60 140
60 84
60 174
61 99
61 198
61 104
61 73
61 140
61 84
61 174
62 166
62 182
62 76
62 69
62 172
63 137
63 133
63 138
63 142
63 145
63 153
63 154
64 133
64 138
64 142
64 151
64 153
64 154
65 176
65 148
65 96
66 161
66 139
66 183
66 152
66 125
66 158
66 159
66 190
67 136
67 141
67 155
67 160
67 162
67 163
67 178
67 181
67 189
67 195
67 200
67 113
68 129
68 132
68 144
68 150
68 185
68 188
68 197
68 122
68 124
69 116
69 182
70 139
70 161
70 165
70 167
70 158
70 159
70 191
70 125
70 190
70 146
71 197
71 129
71 144
71 150
71 185
71 188
71 109
72 132
72 129
72 134
72 144
72 150
72 185
72 126
72 188
72 124
73 99
73 140
73 128
73 198
73 104
74 97
74 102
75 169
75 196
75 118
75 98
75 106
75 111
76 166
76 116
76 182
76 172
77 117
77 143
77 121
77 157
78 169
78 196
78 118
78 98
78 106
78 103
79 169
79 196
79 118
79 98
79 111
80 122
80 134
80 144
80 150
80 185
80 188
80 124
81 122
81 129
81 131
81 134
81 144
81 150
81 185
81 126
81 188
81 124
82 199
82 143
82 147
82 117
82 121
82 157
83 130
83 145
83 142
83 151
83 154
83 153
83 133
83 137
83 105
83 138
84 128
84 198
84 104
84 140
85 97
85 102
87 115
87 149
87 120
87 114
87 101
87 168
87 107
87 119
88 111
88 196
88 169
88 170
88 118
89 193
89 123
89 156
90 186
90 192
90 193
90 123
90 187
90 127
90 156
90 100
91 114
91 115
91 149
91 184
91 120
91 119
92 197
92 122
92 129
92 131
92 134
92 144
92 150
92 185
92 188
92 124
92 109
93 184
93 114
93 115
93 149
93 120
93 107
93 119
94 120
94 115
94 149
94 184
94 114
94 107
94 119
95 164
95 176
95 148
96 164
96 176
96 148
98 196
98 169
98 170
98 118
99 174
100 192
100 193
100 186
100 123
100 156
100 127
101 114
101 115
101 179
101 149
101 184
101 120
101 168
101 119
103 196
103 170
103 118
104 128
104 198
104 140
104 174
105 133
105 135
105 137
105 138
105 142
105 175
105 145
105 151
105 153
105 154
106 196
106 169
106 170
106 118
107 168
107 115
107 179
107 149
107 184
107 120
107 119
108 141
108 155
108 162
108 163
108 171
108 177
108 178
108 181
108 194
108 195
108 200
109 131
109 144
109 188
109 122
109 124
109 126
110 139
110 152
110 158
110 159
110 161
110 165
110 167
110 183
110 146
111 169
111 118
112 165
112 167
112 161
112 158
112 159
112 139
112 152
112 125
112 146
113 178
113 155
113 160
113 162
113 163
113 194
113 171
113 181
113 200
114 184
114 179
114 168
115 149
115 184
116 182
116 172
116 180
117 199
117 143
117 157
118 169
119 179
119 149
120 179
120 184
120 168
121 143
121 199
121 157
122 132
122 197
122 129
122 131
122 134
122 144
122 150
122 185
122 126
122 124
123 192
123 193
123 187
123 186
123 156
124 144
124 150
124 185
124 188
124 197
125 161
125 165
125 167
125 183
125 158
125 159
125 190
126 144
126 150
126 185
126 188
126 197
127 192
127 193
127 187
128 198
128 174
129 144
129 150
129 188
129 197
130 145
130 142
130 151
130 154
130 153
131 144
131 150
131 185
131 188
131 197
132 144
132 188
133 142
133 175
133 145
133 151
133 153
133 154
134 144
134 150
134 185
134 188
134 197
135 142
135 145
135 151
135 153
135 154
136 178
136 155
136 189
136 141
136 173
136 160
136 162
136 163
136 194
136 171
136 177
136 181
136 200
137 142
137 175
137 145
137 151
137 153
137 154
138 142
138 145
138 151
138 153
138 154
139 165
139 167
139 183
139 191
139 190
140 174
141 195
141 178
141 189
141 194
141 171
141 177
141 181
141 200
142 175
143 199
144 188
144 197
145 175
146 165
146 183
147 199
147 157
148 164
148 176
149 179
149 184
149 168
150 188
150 197
151 175
152 165
152 183
152 158
152 191
152 190
153 175
154 175
155 195
155 189
155 178
155 173
155 194
155 171
155 177
155 181
155 200
156 192
156 193
156 186
156 187
157 199
158 165
158 183
158 191
159 167
159 165
159 191
160 177
160 194
160 171
160 181
160 195
160 173
160 178
160 200
161 167
161 165
161 183
161 191
162 177
162 194
162 171
162 181
162 173
162 178
162 189
162 200
163 177
163 194
163 171
163 181
163 195
163 173
163 178
163 189
163 200
165 183
165 191
165 190
167 190
168 184
171 194
171 195
171 189
172 182
173 195
173 194
173 181
174 198
177 194
177 189
178 189
178 195
179 184
180 182
181 195
181 189
181 200
189 194
194 200
